10107724  0357     1086.25
10120357  0357     1333.12
10121866  0357     2372.90
10125466  0357      828.44
10126656  0357      888.75
10141786  0357      949.16
10312414  0357      828.44
10373550  0357     1777.50
10639752  0357     1225.37
10726693  0357      888.75
10760806  0357      828.44
10764554  0357      949.16
10770124  0357      888.75
10772668  0357      828.44
10774121  0357      949.16
10775520  0357     1656.88
10776516  0357     1086.25
10776915  0357      828.44
10777645  0357     1333.12
10778464  0357      828.44
10779723  0357     1510.51
10784623  0357      888.75
10820078  0357      949.16
10840266  0357      888.75
10841061  0357      828.44
10841823  0357     1086.25
10842205  0357      888.75
10843324  0357     2221.87
10844947  0357     2221.87
10845717  0357      828.44
10845943  0357     1086.25
10846474  0357      888.75
10846532  0357      949.16
10846629  0357      888.75
10846940  0357     1777.50
10846985  0357      888.75
10847648  0357      828.44
10848158  0357     1746.05
10849906  0357      888.75
10849907  0357      949.16
10860593  0357      888.75
10903693  0357     1193.69
10959957  0357      888.75
10960021  0357      888.75
10963442  0357      949.16
10963957  0357      949.16
10964062  0357     1777.50
1108218   0357     1131.34
1112379   0357     1135.30
1115136   0357     1491.69
11163187  0357      828.44
11177533  0357      828.44
11260715  0357      888.75
11261772  0357     1086.25
11262378  0357      888.75
11263756  0357      828.44
11264465  0357      888.75
11264550  0357      828.44
11265496  0357      888.75
11265527  0357      949.16
11266390  0357     1777.50
11267811  0357     1656.88
11267932  0357     1656.88
11268437  0357     1086.25
11269196  0357     1014.92
1129535   0357     1133.33
11414487  0357      949.16
11425214  0357      888.75
11425449  0357      888.75
11426462  0357      828.44
11428034  0357      828.44
11428889  0357     2221.87
11429539  0357     1777.50
11429792  0357      828.44
11429991  0357     1333.12
11430700  0357      888.75
11433167  0357      888.75
11433865  0357     1777.50
11433968  0357     1777.50
11434350  0357      888.75
11546168  0357      828.44
11584952  0357      888.75
11586448  0357      949.16
11589730  0357     1777.50
11594236  0357     1086.25
11594524  0357      828.44
11596252  0357      888.75
11597667  0357      888.75
11598121  0357      828.44
11598207  0357      828.44
11633896  0357      828.44
11645810  0357      888.75
11651035  0357      888.75
11651090  0357      888.75
11652405  0357      888.75
11653864  0357      888.75
11694358  0357      828.44
11694758  0357      888.75
11695394  0357     1656.88
11749469  0357      888.75
11783201  0357      949.16
11783366  0357     1086.25
11784637  0357      828.44
11786325  0357     1086.25
11786432  0357      828.44
11787653  0357     1777.50
11788587  0357     1898.32
11788630  0357      949.16
11790273  0357      888.75
11790818  0357     1333.12
11791177  0357      888.75
11792127  0357      888.75
11792506  0357      828.44
11792846  0357      980.81
11878930  0357      888.75
11879419  0357      949.16
11879750  0357     1086.25
11881224  0357     1086.25
11881668  0357     2071.10
11881669  0357     1484.67
11882080  0357     1280.80
11883300  0357     1777.50
12011761  0357     2172.49
12018571  0357     1242.66
12018729  0357      828.44
12018852  0357      888.75
12019816  0357      828.44
12020535  0357     1014.92
12021559  0357      949.16
12021966  0357      888.75
12022428  0357      949.16
12023306  0357     1014.92
12023981  0357     1333.12
12024178  0357      888.75
12024179  0357      888.75
12025294  0357     1333.12
12025488  0357      828.44
12025491  0357      828.44
12026565  0357      888.75
12027093  0357      888.75
12027260  0357     1570.12
12027527  0357      828.44
12027928  0357      828.44
12027973  0357     1898.32
12080554  0357      888.75
12241212  0357     1242.66
12242270  0357      888.75
12243077  0357      828.44
12244707  0357      828.44
12247738  0357     1333.12
12248400  0357     2071.10
12248745  0357      888.75
12248755  0357      949.16
12248784  0357     1656.88
12248960  0357      888.75
12249178  0357     1086.25
12314254  0357     2537.29
12369466  0357      888.75
12370670  0357     1545.10
1239070   0357     1131.34
12434895  0357      888.75
12435304  0357      888.75
12435757  0357     1242.66
12435759  0357     2221.87
12527456  0357      828.44
12534356  0357      888.75
12536172  0357      888.75
12536549  0357     1014.92
1257983   0357     1133.33
1258658   0357     1135.30
1261562   0357     1131.34
1262953   0357     1353.54
1263302   0357     1131.34
1263303   0357     1135.30
12638103  0357      828.44
1265436   0357     1135.30
1266723   0357      781.48
12691465  0357      888.75
1269356   0357     2266.67
12698409  0357      828.44
12698965  0357      828.44
12701276  0357     1086.25
12701301  0357     2071.10
12702273  0357     1237.38
12704473  0357      828.44
12704482  0357     1898.32
12704649  0357      888.75
12704927  0357      888.75
12705860  0357      888.75
12706171  0357      888.75
12706774  0357     1898.32
12707136  0357      888.75
1272390   0357     1131.34
1273369   0357     1135.30
1277938   0357     1131.34
1278407   0357     1135.30
12848719  0357      888.75
12849330  0357     1014.92
12851330  0357      888.75
12852888  0357      888.75
12858616  0357     1333.12
12878256  0357      888.75
12884972  0357      888.75
12934142  0357      828.44
12934525  0357      828.44
12935305  0357      888.75
12935606  0357      888.75
13032012  0357     2071.10
13032033  0357      888.75
13034237  0357      888.75
13035222  0357     1086.25
13084488  0357      828.44
13084886  0357      828.44
13179920  0357      828.44
13180551  0357      888.75
1318484   0357     1131.34
13187744  0357     1777.50
13187816  0357     1333.12
13188137  0357      828.44
13188604  0357     1242.66
13264411  0357      888.75
13265462  0357      828.44
13265946  0357     1629.37
13266369  0357      888.75
13268000  0357     1656.88
13268185  0357     1656.88
13268457  0357      828.44
13268537  0357     1333.12
13343258  0357      828.44
13408041  0357      828.44
13510172  0357      828.44
13510180  0357      828.44
13519440  0357      828.44
13527636  0357      949.16
13566631  0357     1086.25
13643981  0357     1656.88
13643982  0357     1242.66
13644051  0357      888.75
13644555  0357     2071.10
13644665  0357      888.75
13644680  0357     2372.90
13652653  0357      828.44
13674854  0357      949.16
13678214  0357      888.75
13678857  0357      828.44
13679940  0357      888.75
13724134  0357     1333.12
13774187  0357      828.44
13774684  0357      888.75
13775452  0357      828.44
13775808  0357      828.44
13777181  0357     1242.66
13785046  0357      828.44
13785661  0357      888.75
13785997  0357      828.44
13786181  0357      949.16
13787208  0357      888.75
13787741  0357      828.44
13842354  0357      888.75
13843775  0357      888.75
13856268  0357      888.75
13867427  0357     1333.12
13868652  0357      888.75
13880177  0357      888.75
13880981  0357      888.75
13905892  0357      828.44
13986119  0357      888.75
14003086  0357      828.44
14030527  0357      828.44
14031045  0357      888.75
14031497  0357     2221.87
14093727  0357     1333.12
14094806  0357      949.16
14143188  0357      828.44
14159223  0357     1656.88
14176671  0357      888.75
14228153  0357      888.75
14270811  0357     2071.10
14293118  0357     1333.12
1431183   0357     1135.30
14335445  0357      828.44
14335539  0357      888.75
14372299  0357      949.16
14372545  0357      828.44
14372818  0357     2928.91
14376347  0357      888.75
14398946  0357      888.75
14399267  0357     1242.66
14405196  0357      888.75
14405401  0357      888.75
14513487  0357      828.44
14590375  0357      828.44
14607589  0357     1242.66
14648947  0357      888.75
14649126  0357      828.44
14825867  0357     2221.87
14877620  0357      888.75
14877805  0357      949.16
14877859  0357     1014.92
14879597  0357     1777.50
14879704  0357     2071.10
14880827  0357      949.16
14880972  0357     1777.50
15056332  0357      949.16
15170350  0357      828.44
15177340  0357      949.16
15177867  0357     1656.88
15229138  0357      888.75
15272372  0357      828.44
15306996  0357      828.44
15351139  0357      888.75
15352095  0357      888.75
15444190  0357      888.75
15448608  0357      888.75
15597541  0357      828.44
15598043  0357      828.44
15598319  0357      888.75
15598510  0357     1777.50
15598933  0357      828.44
15599928  0357     1242.66
15599929  0357     1777.50
15668151  0357     1777.50
15668851  0357      828.44
15690244  0357      828.44
15729233  0357     1333.12
15729536  0357     2071.10
15778630  0357     1333.12
15885754  0357      828.44
15959808  0357      828.44
15961650  0357      828.44
16001576  0357      828.44
16137706  0357      828.44
16138119  0357     1333.12
1631390   0357     1330.89
16385667  0357      828.44
16387437  0357     1777.50
16594051  0357      828.44
16641426  0357      828.44
16736267  0357      888.75
16770549  0357      888.75
16788972  0357     1777.50
16796439  0357     1656.88
16796669  0357      828.44
17011869  0357     1777.50
17012587  0357     2221.87
17019549  0357      888.75
17033230  0357      828.44
17033256  0357      828.44
17104709  0357      888.75
17306742  0357      828.44
1737075   0357     1131.34
17379215  0357     1242.66
17380736  0357      828.44
17572385  0357     1777.50
17574055  0357      828.44
17626132  0357     1656.88
1763812   0357     1353.54
1764349   0357     1131.34
1765295   0357     2262.68
1769938   0357     1131.34
17727438  0357     2221.87
17727473  0357      828.44
17853683  0357     2221.87
17859806  0357      828.44
17859921  0357     1656.88
17872590  0357      888.75
17942424  0357      828.44
17942640  0357      888.75
17965237  0357     1333.12
18054647  0357      888.75
18058393  0357      828.44
18059918  0357      888.75
18263579  0357      888.75
18263756  0357      888.75
18332814  0357      888.75
18421508  0357      828.44
18422439  0357     1777.50
18618969  0357      828.44
18655916  0357      888.75
18656459  0357     1333.12
18785684  0357      828.44
18923581  0357      828.44
18928116  0357      828.44
18950730  0357      828.44
18998089  0357     1656.88
1906129   0357     1135.30
19262723  0357      888.75
1926999   0357     1133.33
19324610  0357     1777.50
19348247  0357      888.75
19431369  0357      888.75
19436769  0357      888.75
19827450  0357      888.75
19850185  0357     2071.10
19886649  0357     2221.87
19973112  0357      888.75
20046577  0357     1656.88
20046584  0357     1656.88
20187870  0357     1656.88
20189202  0357     1014.92
20235584  0357     1656.88
2030572   0357     1131.34
2033664   0357     1204.97
20348834  0357     1242.66
20351464  0357     2172.49
2101693   0357     1331.87
21140944  0357     1242.66
2130876   0357     1131.34
21505687  0357     2071.10
2157417   0357     3012.43
2186056   0357     1131.34
2189077   0357     1131.34
2196831   0357     1131.34
2198274   0357     1137.63
2198799   0357     1131.34
22326349  0357      828.44
2272067   0357     1131.34
23156662  0357     1135.30
23573778  0357      828.44
2376223   0357     1227.86
2380275   0357     1133.33
2384661   0357     1135.30
23851459  0357      828.44
2529886   0357     1135.30
2532585   0357     1131.34
2533320   0357     1131.34
2534786   0357      830.38
2535843   0357     1133.33
2536373   0357     1133.33
2536795   0357     1135.30
2539607   0357     1133.33
2539943   0357     1131.34
2541142   0357     1135.30
2541439   0357     1548.34
2541709   0357     1135.30
2543654   0357     1135.30
2543813   0357     1135.30
2543932   0357     1131.34
2592064   0357     1133.33
2592966   0357     1233.19
2593377   0357     1135.30
2593686   0357     1131.34
2596405   0357     1341.45
2598033   0357     1135.30
2598733   0357     1133.33
2598872   0357     1131.34
2601437   0357     1135.30
2603046   0357     1135.30
2605164   0357     1135.30
2605823   0357      781.42
2607322   0357     1222.72
2608233   0357     1192.78
2608304   0357     1131.34
2608554   0357     1135.30
2684589   0357     1135.30
2741170   0357     1202.31
2854705   0357     1131.34
2870837   0357     1131.34
2910376   0357     1131.34
2910432   0357     1131.34
2911765   0357     1131.34
2912407   0357     1131.34
2912692   0357     1204.97
2913757   0357     1131.34
2913809   0357     1131.34
2915293   0357     1131.34
2915714   0357     1135.30
2915780   0357     1131.34
2916362   0357     1135.30
2916467   0357     1131.34
2916786   0357     1131.34
2918280   0357     2838.26
2992913   0357     1131.34
3035349   0357     1135.30
3080057   0357     1807.46
3080311   0357     1135.30
3080984   0357     1654.45
3081351   0357     1135.30
3082505   0357     1362.05
3083006   0357     1135.30
3083065   0357     1131.34
3083457   0357     1131.34
3083843   0357     1131.34
3084868   0357     1135.30
3084978   0357     1131.34
3085009   0357     1131.34
3085276   0357     1133.64
3090485   0357     1208.43
3156003   0357     1290.50
3234299   0357     1133.64
3245420   0357     1135.30
3314884   0357      846.71
3315121   0357     1131.34
3315781   0357     1131.34
3317339   0357     1205.22
3318589   0357     1310.80
3318694   0357     1367.34
3318719   0357     1135.30
3320986   0357     1135.30
3322128   0357     1203.29
3322284   0357     1131.34
3322381   0357     1133.33
3324084   0357     1578.10
3324110   0357     1701.94
3329806   0357     1135.30
3353242   0357     1290.50
3528540   0357     1233.58
3533360   0357     1449.33
3535445   0357     1131.34
3535838   0357     1131.34
3538837   0357     1231.71
3539352   0357     1135.30
3541739   0357     1135.30
3541975   0357      781.48
3542004   0357      949.16
3542015   0357      901.86
3554092   0357     1133.33
3593839   0357     1131.34
3598528   0357     1135.30
3710064   0357     1462.43
3759377   0357     1131.34
3784066   0357     1131.34
3784441   0357     1260.46
3785251   0357     1135.30
3792247   0357     1135.30
3830110   0357     1131.34
3855157   0357      781.42
3855577   0357     1135.30
3856978   0357     1131.34
3857004   0357     1131.34
3857220   0357     1135.35
3857667   0357     1131.34
3857878   0357     1133.33
3858323   0357     2270.61
3858856   0357      949.16
3859230   0357     1785.13
3864991   0357     1318.76
3875055   0357     1397.20
3877925   0357     3480.17
3878006   0357     1418.23
3963688   0357     1344.84
3964093   0357     1555.13
3965704   0357     1131.34
3969513   0357     1139.45
4001934   0357     1490.49
4064149   0357     1219.04
4065177   0357     1131.34
4065584   0357      888.75
4065648   0357     1469.40
4066245   0357     1131.34
4067118   0357     1319.16
4067735   0357     1308.15
4067795   0357     1135.30
4068788   0357     1131.34
4071074   0357     1614.77
4071241   0357     1336.67
4107436   0357     1180.66
4191539   0357     1131.34
4193094   0357     2833.33
4194671   0357     1222.27
4195654   0357     1131.34
4199927   0357      781.48
4200911   0357     1131.34
4238916   0357     1131.34
430240    0357     1131.34
4317775   0357     1741.27
4373204   0357     1791.05
4373479   0357     1131.34
4375498   0357     1204.97
4375998   0357     1159.34
4376813   0357     1241.79
4377201   0357     1133.33
4378140   0357     1131.34
4378236   0357     1131.34
4378283   0357     1131.34
4378759   0357     1651.06
4379154   0357     1131.34
4381341   0357     1131.34
4381614   0357     1291.37
4382400   0357     1702.95
4383023   0357     1509.23
4383200   0357     1131.34
4385047   0357     1135.30
4386936   0357     1014.92
4387777   0357     3024.79
4409485   0357     1671.90
4409788   0357     1131.34
4409789   0357     2456.53
4414417   0357     1285.01
4414541   0357     1201.10
4414909   0357     1135.30
4415675   0357     1131.34
443869    0357     1135.30
4609506   0357     1217.13
4610129   0357     1131.34
4720170   0357     1242.66
4720923   0357     1267.49
4721016   0357      828.44
4721639   0357     1131.34
4722680   0357     1131.34
4722814   0357      910.83
4723168   0357     1131.34
4723403   0357     1131.34
4724433   0357     1135.30
4725919   0357     1898.32
4727740   0357     1145.81
4728331   0357     1131.34
4729448   0357      807.14
4730168   0357     1742.39
4730490   0357     1131.34
4730823   0357     1705.95
4731322   0357     1685.70
4731494   0357     1230.09
4732090   0357     1308.70
4732618   0357     1279.90
4734527   0357      828.44
4734940   0357      828.44
4735505   0357     1131.34
4738424   0357     1135.30
4739546   0357     1499.67
4739796   0357      949.16
4754833   0357     1529.19
4803744   0357     1913.16
4805842   0357      888.75
4827213   0357     1278.65
4853128   0357     1055.16
4882144   0357      850.15
5017295   0357      828.44
5022967   0357     1133.33
5237805   0357      888.75
5238236   0357     1131.34
5239261   0357     1314.53
5240821   0357     1131.34
5242545   0357     1274.48
5244302   0357     1290.50
5244483   0357      828.44
5244484   0357     1230.09
5244765   0357     1131.34
5245261   0357     1390.89
5248926   0357     1299.85
5248954   0357     1195.24
5249259   0357      888.75
5249817   0357      949.16
5250965   0357     1135.30
5251153   0357     1446.89
5251214   0357     1302.89
5252606   0357     1898.32
5253930   0357     1131.34
5254613   0357     1471.38
5254952   0357     1131.34
5255567   0357      888.75
5255641   0357     1408.04
5257069   0357     1190.76
5257175   0357     1135.30
5257421   0357     1014.92
5257727   0357     2221.87
5257774   0357      888.75
5259121   0357     1131.34
5259785   0357     1131.34
5261116   0357      828.44
5261139   0357     1411.59
5261250   0357     1131.34
5261418   0357     1166.79
5261643   0357     1412.09
5263470   0357     1267.24
5344986   0357     1193.69
5435450   0357     1270.77
5436619   0357      949.16
5436795   0357      872.00
5438690   0357     1242.09
5439480   0357      888.75
5439865   0357     2537.29
5458236   0357      828.44
5461455   0357     1135.34
5605414   0357     2889.93
5658043   0357     1413.36
5688352   0357     1276.57
5765952   0357      888.75
5779173   0357      888.75
5915261   0357     1135.30
5921128   0357     1707.14
5921800   0357      828.44
5923624   0357      949.16
5925143   0357      949.16
5925949   0357      781.48
5929492   0357      888.75
5935536   0357     4454.16
5938630   0357     1477.94
5938995   0357      888.75
6044716   0357     1333.12
6125595   0357     2990.29
6127630   0357     1311.75
6238388   0357     1086.25
6394853   0357     1010.51
6537141   0357     1131.34
6573443   0357     1469.75
6573855   0357     1014.92
6573893   0357      828.44
6575243   0357      828.44
6575301   0357      888.75
6584406   0357     2828.35
6602322   0357      828.44
6634354   0357      888.75
6689708   0357      888.75
6690236   0357      888.75
6701343   0357     1281.31
6701344   0357     1494.42
6701453   0357      888.75
673822    0357     1131.34
6841910   0357      828.44
7211860   0357      949.16
7240399   0357      888.75
7300376   0357     1242.09
7301470   0357     1131.34
7305494   0357     1135.30
7305781   0357     1131.34
7308623   0357     1328.84
7309317   0357      828.44
7309375   0357     1171.67
7310425   0357     1014.92
7310959   0357     1135.30
7311233   0357     1211.83
7311255   0357     1467.02
7312149   0357     1427.09
7313189   0357     1131.34
7314050   0357     1338.30
7314987   0357     1014.92
7315048   0357      949.16
7315058   0357     3431.81
7315331   0357      888.75
7316059   0357     1014.92
7316139   0357      949.16
7316607   0357     1548.34
7316959   0357     2266.67
7317744   0357     2262.68
7318041   0357     1236.19
7319649   0357     1898.32
7321787   0357      828.44
7322304   0357      828.44
7322780   0357      828.44
7322794   0357     1596.86
7324725   0357     1133.33
7325664   0357     1124.85
7325721   0357     1135.30
7325722   0357     1649.72
7325778   0357      781.48
7328421   0357      828.44
7330948   0357      888.75
7331943   0357     2077.44
7332202   0357     1412.00
7332734   0357     1702.95
7333145   0357     1762.44
7333526   0357     2824.01
7335642   0357      888.75
7337422   0357     1111.30
7337778   0357      828.44
7338055   0357     1014.92
7340200   0357     1131.34
7340742   0357     1203.29
7340989   0357     1328.94
7342107   0357      828.44
7342680   0357     1135.30
7343605   0357     1193.69
7344290   0357      828.44
7344465   0357     1656.88
7347856   0357     1135.30
7348137   0357     1154.61
7348986   0357     1441.41
7349428   0357     2715.61
7349843   0357      828.44
7350162   0357     1162.22
7350273   0357      828.44
7351297   0357      978.05
7352317   0357      828.44
7353377   0357      888.75
7354064   0357      828.44
7354848   0357      781.48
7355928   0357     1131.34
7359478   0357      949.16
7360346   0357      828.44
7360517   0357      888.75
7363171   0357     1083.14
7363652   0357      888.75
7365166   0357     1421.24
7365545   0357      828.44
7367276   0357      828.44
7368710   0357     1656.88
7369018   0357      888.75
7371154   0357      888.75
7372156   0357      828.44
7372973   0357     1262.62
7373089   0357      828.44
7373215   0357     1014.92
7374243   0357     1265.12
7374616   0357     1135.30
7377030   0357      828.44
7377579   0357      888.75
7379256   0357     1656.88
7380616   0357      828.44
7381553   0357      888.75
7382148   0357     1251.94
7382532   0357      828.44
7384964   0357      888.75
7387544   0357     1777.50
7388038   0357      828.44
7388080   0357      888.75
7388125   0357      949.16
7388199   0357     1897.68
7389581   0357      888.75
7391472   0357      828.44
7392153   0357     2372.90
7393061   0357      828.44
7393144   0357     1656.88
7395742   0357      781.42
7396051   0357     1333.12
7398038   0357     1006.98
7400031   0357      888.75
7401094   0357      888.75
7401380   0357     1348.06
7401853   0357      828.44
7403123   0357      828.44
7403188   0357      828.44
7403563   0357      828.44
7406353   0357      888.75
7408531   0357      888.75
7409730   0357      828.44
7410177   0357     1632.19
7412535   0357      949.16
7412738   0357      828.44
7415285   0357     1579.39
7415448   0357      888.75
7416870   0357     1193.69
7417289   0357     1656.88
7417791   0357     1777.50
7418898   0357      828.44
7418939   0357      888.75
7419340   0357      828.44
7419740   0357     1392.51
7419800   0357      888.75
7419866   0357     2071.10
7420316   0357      888.75
7420429   0357      949.16
7423108   0357      949.16
7423415   0357      888.75
7423444   0357     1580.84
7425063   0357      828.44
7425430   0357      888.75
7425900   0357      828.44
7426046   0357      888.75
7427359   0357      828.44
7427520   0357      888.75
7429274   0357      888.75
7432253   0357      949.16
7434591   0357     2221.87
7435158   0357     3171.14
7436077   0357     1656.88
7436996   0357      888.75
7437806   0357      828.44
7437808   0357      828.44
7438450   0357     1320.28
7439597   0357     2934.74
7439617   0357      888.75
7439629   0357      888.75
7440809   0357      850.10
7442445   0357      888.75
7444497   0357     1242.66
7444651   0357      949.16
7444842   0357      888.75
7444889   0357     2029.83
7445661   0357      828.44
7446382   0357      949.16
7446644   0357      888.75
7447067   0357     2221.87
7447334   0357     1014.92
7447992   0357      828.44
7449457   0357      828.44
7455429   0357     1491.29
7455588   0357     1348.06
7461704   0357     1316.89
7465820   0357     2221.87
7465910   0357      888.75
7466779   0357     1684.29
7466870   0357     1588.62
7502836   0357     1302.93
7548386   0357     1068.91
7548420   0357     1351.22
770342    0357     1135.30
7917981   0357     1308.25
7981510   0357     1689.26
7982728   0357      828.44
7982865   0357      949.16
7983170   0357      828.44
7984159   0357      888.75
7985605   0357      899.27
7988969   0357     1775.84
8054279   0357     1228.33
8064487   0357     2123.00
8069571   0357     1333.35
8140450   0357      859.53
8594315   0357      888.75
8718789   0357     1951.16
8734286   0357      949.16
9066082   0357     1131.34
9100619   0357     1775.84
9211039   0357      828.44
9261804   0357      949.16
9317884   0357     1898.32
9433060   0357      888.75
9540404   0357      949.16
9540845   0357     1522.37
9542018   0357     2372.90
9542237   0357      828.44
9543174   0357     1421.24
9543530   0357     1440.91
9544179   0357      888.75
9544345   0357      828.44
9544429   0357     1542.90
9544827   0357      949.16
9545198   0357     1131.34
9545952   0357     1443.38
9546474   0357      888.75
9547148   0357     1539.56
9551389   0357      888.75
9552709   0357     1229.69
9553039   0357     2212.74
9553047   0357      828.44
9553149   0357      828.44
9555077   0357     1232.05
9555609   0357      828.44
9555641   0357      888.75
9557148   0357     2029.83
9557803   0357      828.44
9557875   0357      828.44
9557894   0357     1429.21
9558628   0357      828.44
9560453   0357      828.44
9570736   0357     1493.05
9572755   0357     1535.16
9577605   0357     1587.31
9601343   0357     2221.87
9603154   0357     1484.67
9603683   0357      888.75
9603870   0357      781.48
9604166   0357      828.44
9604592   0357     1629.37
9607091   0357     1131.34
9608547   0357      888.75
9609337   0357     1191.80
9609338   0357     1777.50
9612117   0357     1777.91
9612692   0357      888.75
9614364   0357     1656.88
9615563   0357      888.75
9615964   0357      888.75
9617493   0357     1656.88
9620242   0357     1898.32
9620248   0357     2029.83
9620376   0357      888.75
9620599   0357      949.16
9620701   0357      828.44
9620720   0357     1288.72
9621777   0357      888.75
9622347   0357      888.75
9624370   0357     1086.25
9624596   0357      828.44
9625361   0357      888.75
9625933   0357     1777.50
9626082   0357      888.75
9626215   0357      828.44
9627150   0357     2372.90
9627523   0357     1777.50
9627724   0357      828.44
9629963   0357      949.16
9631462   0357     1448.36
9634554   0357     1623.86
9634674   0357      888.75
9636806   0357      828.44
9638320   0357      888.75
9639201   0357      828.44
9845319   0357      828.44
9846320   0357      949.16
9847068   0357      828.44
9847350   0357     1720.21
9848693   0357     1352.91
9850403   0357      888.75
9851111   0357      888.75
9851993   0357     1596.71
10107724  3357     1086.25
10120357  3357      888.75
10121866  3357      949.16
10125466  3357      828.44
10126656  3357      888.75
10141786  3357      949.16
10312414  3357      828.44
10373550  3357      888.75
10639752  3357     1225.37
10726693  3357      888.75
10760806  3357      828.44
10764554  3357      949.16
10770124  3357      888.75
10772668  3357      828.44
10774121  3357      949.16
10775520  3357      828.44
10776516  3357     1086.25
10776915  3357      828.44
10777645  3357      888.75
10778464  3357      828.44
10779723  3357     1510.51
10784623  3357      888.75
10820078  3357      949.16
10840266  3357      888.75
10841061  3357      828.44
10841823  3357     1086.25
10842205  3357      888.75
10843324  3357      888.75
10844947  3357      888.75
10845717  3357      828.44
10845943  3357     1086.25
10846474  3357      888.75
10846532  3357      949.16
10846629  3357      888.75
10846940  3357      888.75
10846985  3357      888.75
10847648  3357      828.44
10848158  3357     1746.05
10849906  3357      888.75
10849907  3357      949.16
10860593  3357      888.75
10903693  3357     1193.69
10959957  3357      888.75
10960021  3357      888.75
10963442  3357      949.16
10963957  3357      949.16
10964062  3357      888.75
1108218   3357     1131.34
1112379   3357     1135.30
1115136   3357     1491.69
11163187  3357      828.44
11177533  3357      828.44
11260715  3357      888.75
11261772  3357     1086.25
11262378  3357      888.75
11263756  3357      828.44
11264465  3357      888.75
11264550  3357      828.44
11265496  3357      888.75
11265527  3357      949.16
11266390  3357      888.75
11267811  3357      828.44
11267932  3357      828.44
11268437  3357     1086.25
11269196  3357     1014.92
1129535   3357     1133.33
11414487  3357      949.16
11425214  3357      888.75
11425449  3357      888.75
11426462  3357      828.44
11428034  3357      828.44
11428889  3357      888.75
11429539  3357      888.75
11429792  3357      828.44
11429991  3357      888.75
11430700  3357      888.75
11433167  3357      888.75
11433865  3357      888.75
11433968  3357      888.75
11434350  3357      888.75
11546168  3357      828.44
11584952  3357      888.75
11586448  3357      949.16
11589730  3357      888.75
11594236  3357     1086.25
11594524  3357      828.44
11596252  3357      888.75
11597667  3357      888.75
11598121  3357      828.44
11598207  3357      828.44
11633896  3357      828.44
11645810  3357      888.75
11651035  3357      888.75
11651090  3357      888.75
11652405  3357      888.75
11653864  3357      888.75
11694358  3357      828.44
11694758  3357      888.75
11695394  3357      828.44
11749469  3357      888.75
11783201  3357      949.16
11783366  3357     1086.25
11784637  3357      828.44
11786325  3357     1086.25
11786432  3357      828.44
11787653  3357      888.75
11788587  3357      949.16
11788630  3357      949.16
11790273  3357      888.75
11790818  3357      888.75
11791177  3357      888.75
11792127  3357      888.75
11792506  3357      828.44
11792846  3357      980.81
11878930  3357      888.75
11879419  3357      949.16
11879750  3357     1086.25
11881224  3357     1086.25
11881668  3357      828.44
11881669  3357     1484.67
11882080  3357     1280.80
11883300  3357      888.75
12011761  3357     1086.25
12018571  3357      828.44
12018729  3357      828.44
12018852  3357      888.75
12019816  3357      828.44
12020535  3357     1014.92
12021559  3357      949.16
12021966  3357      888.75
12022428  3357      949.16
12023306  3357     1014.92
12023981  3357      888.75
12024178  3357      888.75
12024179  3357      888.75
12025294  3357      888.75
12025488  3357      828.44
12025491  3357      828.44
12026565  3357      888.75
12027093  3357      888.75
12027260  3357     1570.12
12027527  3357      828.44
12027928  3357      828.44
12027973  3357      949.16
12080554  3357      888.75
12241212  3357      828.44
12242270  3357      888.75
12243077  3357      828.44
12244707  3357      828.44
12247738  3357      888.75
12248400  3357      828.44
12248745  3357      888.75
12248755  3357      949.16
12248784  3357      828.44
12248960  3357      888.75
12249178  3357     1086.25
12314254  3357     1014.92
12369466  3357      888.75
12370670  3357     1545.10
1239070   3357     1131.34
12434895  3357      888.75
12435304  3357      888.75
12435757  3357      828.44
12435759  3357      888.75
12527456  3357      828.44
12534356  3357      888.75
12536172  3357      888.75
12536549  3357     1014.92
1257983   3357     1133.33
1258658   3357     1135.30
1261562   3357     1131.34
1262953   3357     1353.54
1263302   3357     1131.34
1263303   3357     1135.30
12638103  3357      828.44
1265436   3357     1135.30
1266723   3357      781.48
12691465  3357      888.75
1269356   3357     1133.33
12698409  3357      828.44
12698965  3357      828.44
12701276  3357     1086.25
12701301  3357      828.44
12702273  3357     1237.38
12704473  3357      828.44
12704482  3357      949.16
12704649  3357      888.75
12704927  3357      888.75
12705860  3357      888.75
12706171  3357      888.75
12706774  3357      949.16
12707136  3357      888.75
1272390   3357     1131.34
1273369   3357     1135.30
1277938   3357     1131.34
1278407   3357     1135.30
12848719  3357      888.75
12849330  3357     1014.92
12851330  3357      888.75
12852888  3357      888.75
12858616  3357      888.75
12878256  3357      888.75
12884972  3357      888.75
12934142  3357      828.44
12934525  3357      828.44
12935305  3357      888.75
12935606  3357      888.75
13032012  3357      828.44
13032033  3357      888.75
13034237  3357      888.75
13035222  3357     1086.25
13084488  3357      828.44
13084886  3357      828.44
13179920  3357      828.44
13180551  3357      888.75
1318484   3357     1131.34
13187744  3357      888.75
13187816  3357      888.75
13188137  3357      828.44
13188604  3357      828.44
13264411  3357      888.75
13265462  3357      828.44
13265946  3357     1086.25
13266369  3357      888.75
13268000  3357      828.44
13268185  3357      828.44
13268457  3357      828.44
13268537  3357      888.75
13343258  3357      828.44
13408041  3357      828.44
13510172  3357      828.44
13510180  3357      828.44
13519440  3357      828.44
13527636  3357      949.16
13566631  3357     1086.25
13643981  3357      828.44
13643982  3357      828.44
13644051  3357      888.75
13644555  3357      828.44
13644665  3357      888.75
13644680  3357      949.16
13652653  3357      828.44
13674854  3357      949.16
13678214  3357      888.75
13678857  3357      828.44
13679940  3357      888.75
13724134  3357      888.75
13774187  3357      828.44
13774684  3357      888.75
13775452  3357      828.44
13775808  3357      828.44
13777181  3357      828.44
13785046  3357      828.44
13785661  3357      888.75
13785997  3357      828.44
13786181  3357      949.16
13787208  3357      888.75
13787741  3357      828.44
13842354  3357      888.75
13843775  3357      888.75
13856268  3357      888.75
13867427  3357      888.75
13868652  3357      888.75
13880177  3357      888.75
13880981  3357      888.75
13905892  3357      828.44
13986119  3357      888.75
14003086  3357      828.44
14030527  3357      828.44
14031045  3357      888.75
14031497  3357      888.75
14093727  3357      888.75
14094806  3357      949.16
14143188  3357      828.44
14159223  3357      828.44
14176671  3357      888.75
14228153  3357      888.75
14270811  3357      828.44
14293118  3357      888.75
1431183   3357     1135.30
14335445  3357      828.44
14335539  3357      888.75
14372299  3357      949.16
14372545  3357      828.44
14372818  3357     1171.56
14376347  3357      888.75
14398946  3357      888.75
14399267  3357      828.44
14405196  3357      888.75
14405401  3357      888.75
14513487  3357      828.44
14590375  3357      828.44
14607589  3357      828.44
14648947  3357      888.75
14649126  3357      828.44
14825867  3357      888.75
14877620  3357      888.75
14877805  3357      949.16
14877859  3357     1014.92
14879597  3357      888.75
14879704  3357      828.44
14880827  3357      949.16
14880972  3357      888.75
15056332  3357      949.16
15170350  3357      828.44
15177340  3357      949.16
15177867  3357      828.44
15229138  3357      888.75
15272372  3357      828.44
15306996  3357      828.44
15351139  3357      888.75
15352095  3357      888.75
15444190  3357      888.75
15448608  3357      888.75
15597541  3357      828.44
15598043  3357      828.44
15598319  3357      888.75
15598510  3357      888.75
15598933  3357      828.44
15599928  3357      828.44
15599929  3357      888.75
15668151  3357      888.75
15668851  3357      828.44
15690244  3357      828.44
15729233  3357      888.75
15729536  3357      828.44
15778630  3357      888.75
15885754  3357      828.44
15959808  3357      828.44
15961650  3357      828.44
16001576  3357      828.44
16137706  3357      828.44
16138119  3357      888.75
1631390   3357     1330.89
16385667  3357      828.44
16387437  3357      888.75
16594051  3357      828.44
16641426  3357      828.44
16736267  3357      888.75
16770549  3357      888.75
16788972  3357      888.75
16796439  3357      828.44
16796669  3357      828.44
17011869  3357      888.75
17012587  3357      888.75
17019549  3357      888.75
17033230  3357      828.44
17033256  3357      828.44
17104709  3357      888.75
17306742  3357      828.44
1737075   3357     1131.34
17379215  3357      828.44
17380736  3357      828.44
17572385  3357      888.75
17574055  3357      828.44
17626132  3357      828.44
1763812   3357     1353.54
1764349   3357     1131.34
1765295   3357     1131.34
1769938   3357     1131.34
17727438  3357      888.75
17727473  3357      828.44
17853683  3357      888.75
17859806  3357      828.44
17859921  3357      828.44
17872590  3357      888.75
17942424  3357      828.44
17942640  3357      888.75
17965237  3357      888.75
18054647  3357      888.75
18058393  3357      828.44
18059918  3357      888.75
18263579  3357      888.75
18263756  3357      888.75
18332814  3357      888.75
18421508  3357      828.44
18422439  3357      888.75
18618969  3357      828.44
18655916  3357      888.75
18656459  3357      888.75
18785684  3357      828.44
18923581  3357      828.44
18928116  3357      828.44
18950730  3357      828.44
18998089  3357      828.44
1906129   3357     1135.30
19262723  3357      888.75
1926999   3357     1133.33
19324610  3357      888.75
19348247  3357      888.75
19431369  3357      888.75
19436769  3357      888.75
19827450  3357      888.75
19850185  3357      828.44
19886649  3357      888.75
19973112  3357      888.75
20046577  3357      828.44
20046584  3357      828.44
20187870  3357      828.44
20189202  3357     1014.92
20235584  3357      828.44
2030572   3357     1131.34
2033664   3357     1204.97
20348834  3357      828.44
20351464  3357     1086.25
2101693   3357     1331.87
21140944  3357      828.44
2130876   3357     1131.34
21505687  3357      828.44
2157417   3357     1204.97
2186056   3357     1131.34
2189077   3357     1131.34
2196831   3357     1131.34
2198274   3357     1137.63
2198799   3357     1131.34
22326349  3357      828.44
2272067   3357     1131.34
23156662  3357     1135.30
23573778  3357      828.44
2376223   3357     1227.86
2380275   3357     1133.33
2384661   3357     1135.30
23851459  3357      828.44
2529886   3357     1135.30
2532585   3357     1131.34
2533320   3357     1131.34
2534786   3357      830.38
2535843   3357     1133.33
2536373   3357     1133.33
2536795   3357     1135.30
2539607   3357     1133.33
2539943   3357     1131.34
2541142   3357     1135.30
2541439   3357     1548.34
2541709   3357     1135.30
2543654   3357     1135.30
2543813   3357     1135.30
2543932   3357     1131.34
2592064   3357     1133.33
2592966   3357     1233.19
2593377   3357     1135.30
2593686   3357     1131.34
2596405   3357     1341.45
2598033   3357     1135.30
2598733   3357     1133.33
2598872   3357     1131.34
2601437   3357     1135.30
2603046   3357     1135.30
2605164   3357     1135.30
2605823   3357      781.42
2607322   3357     1222.72
2608233   3357     1192.78
2608304   3357     1131.34
2608554   3357     1135.30
2684589   3357     1135.30
2741170   3357     1202.31
2854705   3357     1131.34
2870837   3357     1131.34
2910376   3357     1131.34
2910432   3357     1131.34
2911765   3357     1131.34
2912407   3357     1131.34
2912692   3357     1204.97
2913757   3357     1131.34
2913809   3357     1131.34
2915293   3357     1131.34
2915714   3357     1135.30
2915780   3357     1131.34
2916362   3357     1135.30
2916467   3357     1131.34
2916786   3357     1131.34
2918280   3357     1135.30
2992913   3357     1131.34
3035349   3357     1135.30
3080057   3357     1204.97
3080311   3357     1135.30
3080984   3357     1654.45
3081351   3357     1135.30
3082505   3357     1362.05
3083006   3357     1135.30
3083065   3357     1131.34
3083457   3357     1131.34
3083843   3357     1131.34
3084868   3357     1135.30
3084978   3357     1131.34
3085009   3357     1131.34
3085276   3357     1133.64
3090485   3357     1208.43
3156003   3357     1290.50
3234299   3357     1133.64
3245420   3357     1135.30
3314884   3357      846.71
3315121   3357     1131.34
3315781   3357     1131.34
3317339   3357     1205.22
3318589   3357     1310.80
3318694   3357     1367.34
3318719   3357     1135.30
3320986   3357     1135.30
3322128   3357     1203.29
3322284   3357     1131.34
3322381   3357     1133.33
3324084   3357     1578.10
3324110   3357     1701.94
3329806   3357     1135.30
3353242   3357     1290.50
3528540   3357     1233.58
3533360   3357     1449.33
3535445   3357     1131.34
3535838   3357     1131.34
3538837   3357     1231.71
3539352   3357     1135.30
3541739   3357     1135.30
3541975   3357      781.48
3542004   3357      949.16
3542015   3357      901.86
3554092   3357     1133.33
3593839   3357     1131.34
3598528   3357     1135.30
3710064   3357     1462.43
3759377   3357     1131.34
3784066   3357     1131.34
3784441   3357     1260.46
3785251   3357     1135.30
3792247   3357     1135.30
3830110   3357     1131.34
3855157   3357      781.42
3855577   3357     1135.30
3856978   3357     1131.34
3857004   3357     1131.34
3857220   3357     1135.35
3857667   3357     1131.34
3857878   3357     1133.33
3858323   3357     1135.30
3858856   3357      949.16
3859230   3357     1190.09
3864991   3357     1318.76
3875055   3357     1397.20
3877925   3357     1740.08
3878006   3357     1418.23
3963688   3357     1344.84
3964093   3357     1555.13
3965704   3357     1131.34
3969513   3357     1139.45
4001934   3357     1490.49
4064149   3357     1219.04
4065177   3357     1131.34
4065584   3357      888.75
4065648   3357     1469.40
4066245   3357     1131.34
4067118   3357     1319.16
4067735   3357     1308.15
4067795   3357     1135.30
4068788   3357     1131.34
4071074   3357     1614.77
4071241   3357     1336.67
4107436   3357     1180.66
4191539   3357     1131.34
4193094   3357     1133.33
4194671   3357     1222.27
4195654   3357     1131.34
4199927   3357      781.48
4200911   3357     1131.34
4238916   3357     1131.34
430240    3357     1131.34
4317775   3357     1741.27
4373204   3357     1791.05
4373479   3357     1131.34
4375498   3357     1204.97
4375998   3357     1159.34
4376813   3357     1241.79
4377201   3357     1133.33
4378140   3357     1131.34
4378236   3357     1131.34
4378283   3357     1131.34
4378759   3357     1651.06
4379154   3357     1131.34
4381341   3357     1131.34
4381614   3357     1291.37
4382400   3357     1135.30
4383023   3357     1509.23
4383200   3357     1131.34
4385047   3357     1135.30
4386936   3357     1014.92
4387777   3357     1209.92
4409485   3357     1671.90
4409788   3357     1131.34
4409789   3357     1228.26
4414417   3357     1285.01
4414541   3357     1201.10
4414909   3357     1135.30
4415675   3357     1131.34
443869    3357     1135.30
4609506   3357     1217.13
4610129   3357     1131.34
4720170   3357      828.44
4720923   3357     1267.49
4721016   3357      828.44
4721639   3357     1131.34
4722680   3357     1131.34
4722814   3357      910.83
4723168   3357     1131.34
4723403   3357     1131.34
4724433   3357     1135.30
4725919   3357      949.16
4727740   3357     1145.81
4728331   3357     1131.34
4729448   3357      807.14
4730168   3357     1742.39
4730490   3357     1131.34
4730823   3357     1705.95
4731322   3357     1685.70
4731494   3357     1230.09
4732090   3357     1308.70
4732618   3357     1279.90
4734527   3357      828.44
4734940   3357      828.44
4735505   3357     1131.34
4738424   3357     1135.30
4739546   3357     1499.67
4739796   3357      949.16
4754833   3357     1529.19
4803744   3357     1913.16
4805842   3357      888.75
4827213   3357     1278.65
4853128   3357     1055.16
4882144   3357      850.15
5017295   3357      828.44
5022967   3357     1133.33
5237805   3357      888.75
5238236   3357     1131.34
5239261   3357     1314.53
5240821   3357     1131.34
5242545   3357     1274.48
5244302   3357     1290.50
5244483   3357      828.44
5244484   3357     1230.09
5244765   3357     1131.34
5245261   3357     1390.89
5248926   3357     1299.85
5248954   3357     1195.24
5249259   3357      888.75
5249817   3357      949.16
5250965   3357     1135.30
5251153   3357     1446.89
5251214   3357     1302.89
5252606   3357      949.16
5253930   3357     1131.34
5254613   3357     1471.38
5254952   3357     1131.34
5255567   3357      888.75
5255641   3357     1408.04
5257069   3357     1190.76
5257175   3357     1135.30
5257421   3357     1014.92
5257727   3357      888.75
5257774   3357      888.75
5259121   3357     1131.34
5259785   3357     1131.34
5261116   3357      828.44
5261139   3357     1411.59
5261250   3357     1131.34
5261418   3357     1166.79
5261643   3357     1412.09
5263470   3357     1267.24
5344986   3357     1193.69
5435450   3357     1270.77
5436619   3357      949.16
5436795   3357      872.00
5438690   3357     1242.09
5439480   3357      888.75
5439865   3357     1014.92
5458236   3357      828.44
5461455   3357     1135.34
5605414   3357     1444.97
5658043   3357     1413.36
5688352   3357     1276.57
5765952   3357      888.75
5779173   3357      888.75
5915261   3357     1135.30
5921128   3357     1707.14
5921800   3357      828.44
5923624   3357      949.16
5925143   3357      949.16
5925949   3357      781.48
5929492   3357      888.75
5935536   3357     1781.66
5938630   3357     1477.94
5938995   3357      888.75
6044716   3357      888.75
6125595   3357     1196.12
6127630   3357     1311.75
6238388   3357     1086.25
6394853   3357     1010.51
6537141   3357     1131.34
6573443   3357     1469.75
6573855   3357     1014.92
6573893   3357      828.44
6575243   3357      828.44
6575301   3357      888.75
6584406   3357     1131.34
6602322   3357      828.44
6634354   3357      888.75
6689708   3357      888.75
6690236   3357      888.75
6701343   3357     1281.31
6701344   3357     1494.42
6701453   3357      888.75
673822    3357     1131.34
6841910   3357      828.44
7211860   3357      949.16
7240399   3357      888.75
7300376   3357     1242.09
7301470   3357     1131.34
7305494   3357     1135.30
7305781   3357     1131.34
7308623   3357     1328.84
7309317   3357      828.44
7309375   3357     1171.67
7310425   3357     1014.92
7310959   3357     1135.30
7311233   3357     1211.83
7311255   3357     1467.02
7312149   3357     1427.09
7313189   3357     1131.34
7314050   3357     1338.30
7314987   3357     1014.92
7315048   3357      949.16
7315058   3357     1372.72
7315331   3357      888.75
7316059   3357     1014.92
7316139   3357      949.16
7316607   3357     1548.34
7316959   3357     1133.33
7317744   3357     1131.34
7318041   3357     1236.19
7319649   3357      949.16
7321787   3357      828.44
7322304   3357      828.44
7322780   3357      828.44
7322794   3357     1596.86
7324725   3357     1133.33
7325664   3357     1124.85
7325721   3357     1135.30
7325722   3357     1649.72
7325778   3357      781.48
7328421   3357      828.44
7330948   3357      888.75
7331943   3357     2077.44
7332202   3357     1412.00
7332734   3357     1135.30
7333145   3357     1762.44
7333526   3357     1412.00
7335642   3357      888.75
7337422   3357     1111.30
7337778   3357      828.44
7338055   3357     1014.92
7340200   3357     1131.34
7340742   3357     1203.29
7340989   3357     1328.94
7342107   3357      828.44
7342680   3357     1135.30
7343605   3357     1193.69
7344290   3357      828.44
7344465   3357      828.44
7347856   3357     1135.30
7348137   3357     1154.61
7348986   3357     1441.41
7349428   3357     1086.25
7349843   3357      828.44
7350162   3357     1162.22
7350273   3357      828.44
7351297   3357      978.05
7352317   3357      828.44
7353377   3357      888.75
7354064   3357      828.44
7354848   3357      781.48
7355928   3357     1131.34
7359478   3357      949.16
7360346   3357      828.44
7360517   3357      888.75
7363171   3357     1083.14
7363652   3357      888.75
7365166   3357     1421.24
7365545   3357      828.44
7367276   3357      828.44
7368710   3357      828.44
7369018   3357      888.75
7371154   3357      888.75
7372156   3357      828.44
7372973   3357     1262.62
7373089   3357      828.44
7373215   3357     1014.92
7374243   3357     1265.12
7374616   3357     1135.30
7377030   3357      828.44
7377579   3357      888.75
7379256   3357      828.44
7380616   3357      828.44
7381553   3357      888.75
7382148   3357     1251.94
7382532   3357      828.44
7384964   3357      888.75
7387544   3357      888.75
7388038   3357      828.44
7388080   3357      888.75
7388125   3357      949.16
7388199   3357     1265.12
7389581   3357      888.75
7391472   3357      828.44
7392153   3357      949.16
7393061   3357      828.44
7393144   3357      828.44
7395742   3357      781.42
7396051   3357      888.75
7398038   3357     1006.98
7400031   3357      888.75
7401094   3357      888.75
7401380   3357     1348.06
7401853   3357      828.44
7403123   3357      828.44
7403188   3357      828.44
7403563   3357      828.44
7406353   3357      888.75
7408531   3357      888.75
7409730   3357      828.44
7410177   3357     1632.19
7412535   3357      949.16
7412738   3357      828.44
7415285   3357     1579.39
7415448   3357      888.75
7416870   3357     1193.69
7417289   3357      828.44
7417791   3357      888.75
7418898   3357      828.44
7418939   3357      888.75
7419340   3357      828.44
7419740   3357     1392.51
7419800   3357      888.75
7419866   3357      828.44
7420316   3357      888.75
7420429   3357      949.16
7423108   3357      949.16
7423415   3357      888.75
7423444   3357     1580.84
7425063   3357      828.44
7425430   3357      888.75
7425900   3357      828.44
7426046   3357      888.75
7427359   3357      828.44
7427520   3357      888.75
7429274   3357      888.75
7432253   3357      949.16
7434591   3357      888.75
7435158   3357     1268.45
7436077   3357      828.44
7436996   3357      888.75
7437806   3357      828.44
7437808   3357      828.44
7438450   3357     1320.28
7439597   3357     1467.37
7439617   3357      888.75
7439629   3357      888.75
7440809   3357      850.10
7442445   3357      888.75
7444497   3357      828.44
7444651   3357      949.16
7444842   3357      888.75
7444889   3357     1014.92
7445661   3357      828.44
7446382   3357      949.16
7446644   3357      888.75
7447067   3357      888.75
7447334   3357     1014.92
7447992   3357      828.44
7449457   3357      828.44
7455429   3357     1491.29
7455588   3357     1348.06
7461704   3357     1316.89
7465820   3357      888.75
7465910   3357      888.75
7466779   3357     1684.29
7466870   3357     1588.62
7502836   3357     1302.93
7548386   3357     1068.91
7548420   3357     1351.22
770342    3357     1135.30
7917981   3357     1308.25
7981510   3357     1689.26
7982728   3357      828.44
7982865   3357      949.16
7983170   3357      828.44
7984159   3357      888.75
7985605   3357      899.27
7988969   3357     1775.84
8054279   3357     1228.33
8064487   3357     1061.50
8069571   3357     1333.35
8140450   3357      859.53
8594315   3357      888.75
8718789   3357      975.58
8734286   3357      949.16
9066082   3357     1131.34
9100619   3357     1775.84
9211039   3357      828.44
9261804   3357      949.16
9317884   3357      949.16
9433060   3357      888.75
9540404   3357      949.16
9540845   3357     1014.92
9542018   3357      949.16
9542237   3357      828.44
9543174   3357     1421.24
9543530   3357     1440.91
9544179   3357      888.75
9544345   3357      828.44
9544429   3357     1542.90
9544827   3357      949.16
9545198   3357     1131.34
9545952   3357     1443.38
9546474   3357      888.75
9547148   3357     1539.56
9551389   3357      888.75
9552709   3357     1229.69
9553039   3357     2212.74
9553047   3357      828.44
9553149   3357      828.44
9555077   3357     1232.05
9555609   3357      828.44
9555641   3357      888.75
9557148   3357     1014.92
9557803   3357      828.44
9557875   3357      828.44
9557894   3357     1429.21
9558628   3357      828.44
9560453   3357      828.44
9570736   3357     1493.05
9572755   3357     1535.16
9577605   3357     1587.31
9601343   3357      888.75
9603154   3357     1484.67
9603683   3357      888.75
9603870   3357      781.48
9604166   3357      828.44
9604592   3357     1086.25
9607091   3357     1131.34
9608547   3357      888.75
9609337   3357     1191.80
9609338   3357      888.75
9612117   3357     1777.91
9612692   3357      888.75
9614364   3357      828.44
9615563   3357      888.75
9615964   3357      888.75
9617493   3357      828.44
9620242   3357      949.16
9620248   3357     1014.92
9620376   3357      888.75
9620599   3357      949.16
9620701   3357      828.44
9620720   3357     1288.72
9621777   3357      888.75
9622347   3357      888.75
9624370   3357     1086.25
9624596   3357      828.44
9625361   3357      888.75
9625933   3357      888.75
9626082   3357      888.75
9626215   3357      828.44
9627150   3357      949.16
9627523   3357      888.75
9627724   3357      828.44
9629963   3357      949.16
9631462   3357     1448.36
9634554   3357     1623.86
9634674   3357      888.75
9636806   3357      828.44
9638320   3357      888.75
9639201   3357      828.44
9845319   3357      828.44
9846320   3357      949.16
9847068   3357      828.44
9847350   3357     1720.21
9848693   3357     1352.91
9850403   3357      888.75
9851111   3357      888.75
9851993   3357     1596.71
