10107724  0357      950.46
10120357  0357     1166.48
10121866  0357     2076.29
10125466  0357      724.88
10126656  0357      777.65
10141786  0357      830.52
10312414  0357      724.88
10373550  0357     1555.31
10639752  0357     1072.20
10726693  0357      777.65
10760806  0357      724.88
10764554  0357      830.52
10770124  0357      777.65
10772668  0357      724.88
10774121  0357      830.52
10775520  0357     1449.77
10776516  0357      950.46
10776915  0357      724.88
10777645  0357     1166.48
10778464  0357      724.88
10779723  0357     1321.69
10784623  0357      777.65
10820078  0357      830.52
10840266  0357      777.65
10841061  0357      724.88
10841823  0357      950.46
10842205  0357      777.65
10843324  0357     1944.14
10844947  0357     1944.14
10845717  0357      724.88
10845943  0357      950.46
10846474  0357      777.65
10846532  0357      830.52
10846629  0357      777.65
10846940  0357     1555.31
10846985  0357      777.65
10847648  0357      724.88
10848158  0357     1527.79
10849906  0357      777.65
10849907  0357      830.52
10860593  0357      777.65
10903693  0357     1044.48
10959957  0357      777.65
10960021  0357      777.65
10963442  0357      830.52
10963957  0357      830.52
10964062  0357     1555.31
1108218   0357      989.92
1112379   0357      993.39
1115136   0357     1305.23
11163187  0357      724.88
11177533  0357      724.88
11260715  0357      777.65
11261772  0357      950.46
11262378  0357      777.65
11263756  0357      724.88
11264465  0357      777.65
11264550  0357      724.88
11265496  0357      777.65
11265527  0357      830.52
11266390  0357     1555.31
11267811  0357     1449.77
11267932  0357     1449.77
11268437  0357      950.46
11269196  0357      888.05
1129535   0357      991.67
11414487  0357      830.52
11425214  0357      777.65
11425449  0357      777.65
11426462  0357      724.88
11428034  0357      724.88
11428889  0357     1944.14
11429539  0357     1555.31
11429792  0357      724.88
11429991  0357     1166.48
11430700  0357      777.65
11433167  0357      777.65
11433865  0357     1555.31
11433968  0357     1555.31
11434350  0357      777.65
11546168  0357      724.88
11584952  0357      777.65
11586448  0357      830.52
11589730  0357     1555.31
11594236  0357      950.46
11594524  0357      724.88
11596252  0357      777.65
11597667  0357      777.65
11598121  0357      724.88
11598207  0357      724.88
11633896  0357      724.88
11645810  0357      777.65
11651035  0357      777.65
11651090  0357      777.65
11652405  0357      777.65
11653864  0357      777.65
11694358  0357      724.88
11694758  0357      777.65
11695394  0357     1449.77
11749469  0357      777.65
11783201  0357      830.52
11783366  0357      950.46
11784637  0357      724.88
11786325  0357      950.46
11786432  0357      724.88
11787653  0357     1555.31
11788587  0357     1661.03
11788630  0357      830.52
11790273  0357      777.65
11790818  0357     1166.48
11791177  0357      777.65
11792127  0357      777.65
11792506  0357      724.88
11792846  0357      858.21
11878930  0357      777.65
11879419  0357      830.52
11879750  0357      950.46
11881224  0357      950.46
11881668  0357     1812.21
11881669  0357     1299.08
11882080  0357     1120.70
11883300  0357     1555.31
12011761  0357     1900.93
12018571  0357     1087.33
12018729  0357      724.88
12018852  0357      777.65
12019816  0357      724.88
12020535  0357      888.05
12021559  0357      830.52
12021966  0357      777.65
12022428  0357      830.52
12023306  0357      888.05
12023981  0357     1166.48
12024178  0357      777.65
12024179  0357      777.65
12025294  0357     1166.48
12025488  0357      724.88
12025491  0357      724.88
12026565  0357      777.65
12027093  0357      777.65
12027260  0357     1373.85
12027527  0357      724.88
12027928  0357      724.88
12027973  0357     1661.03
12080554  0357      777.65
12241212  0357     1087.33
12242270  0357      777.65
12243077  0357      724.88
12244707  0357      724.88
12247738  0357     1166.48
12248400  0357     1812.21
12248745  0357      777.65
12248755  0357      830.52
12248784  0357     1449.77
12248960  0357      777.65
12249178  0357      950.46
12314254  0357     2220.13
12369466  0357      777.65
12370670  0357     1351.97
1239070   0357      989.92
12434895  0357      777.65
12435304  0357      777.65
12435757  0357     1087.33
12435759  0357     1944.14
12527456  0357      724.88
12534356  0357      777.65
12536172  0357      777.65
12536549  0357      888.05
1257983   0357      991.67
1258658   0357      993.39
1261562   0357      989.92
1262953   0357     1184.35
1263302   0357      989.92
1263303   0357      993.39
12638103  0357      724.88
1265436   0357      993.39
1266723   0357      683.80
12691465  0357      777.65
1269356   0357     1983.33
12698409  0357      724.88
12698965  0357      724.88
12701276  0357      950.46
12701301  0357     1812.21
12702273  0357     1082.71
12704473  0357      724.88
12704482  0357     1661.03
12704649  0357      777.65
12704927  0357      777.65
12705860  0357      777.65
12706171  0357      777.65
12706774  0357     1661.03
12707136  0357      777.65
1272390   0357      989.92
1273369   0357      993.39
1277938   0357      989.92
1278407   0357      993.39
12848719  0357      777.65
12849330  0357      888.05
12851330  0357      777.65
12852888  0357      777.65
12858616  0357     1166.48
12878256  0357      777.65
12884972  0357      777.65
12934142  0357      724.88
12934525  0357      724.88
12935305  0357      777.65
12935606  0357      777.65
13032012  0357     1812.21
13032033  0357      777.65
13034237  0357      777.65
13035222  0357      950.46
13084488  0357      724.88
13084886  0357      724.88
13179920  0357      724.88
13180551  0357      777.65
1318484   0357      989.92
13187744  0357     1555.31
13187816  0357     1166.48
13188137  0357      724.88
13188604  0357     1087.33
13264411  0357      777.65
13265462  0357      724.88
13265946  0357     1425.70
13266369  0357      777.65
13268000  0357     1449.77
13268185  0357     1449.77
13268457  0357      724.88
13268537  0357     1166.48
13343258  0357      724.88
13408041  0357      724.88
13510172  0357      724.88
13510180  0357      724.88
13519440  0357      724.88
13527636  0357      830.52
13566631  0357      950.46
13643981  0357     1449.77
13643982  0357     1087.33
13644051  0357      777.65
13644555  0357     1812.21
13644665  0357      777.65
13644680  0357     2076.29
13652653  0357      724.88
13674854  0357      830.52
13678214  0357      777.65
13678857  0357      724.88
13679940  0357      777.65
13724134  0357     1166.48
13774187  0357      724.88
13774684  0357      777.65
13775452  0357      724.88
13775808  0357      724.88
13777181  0357     1087.33
13785046  0357      724.88
13785661  0357      777.65
13785997  0357      724.88
13786181  0357      830.52
13787208  0357      777.65
13787741  0357      724.88
13842354  0357      777.65
13843775  0357      777.65
13856268  0357      777.65
13867427  0357     1166.48
13868652  0357      777.65
13880177  0357      777.65
13880981  0357      777.65
13905892  0357      724.88
13986119  0357      777.65
14003086  0357      724.88
14030527  0357      724.88
14031045  0357      777.65
14031497  0357     1944.14
14093727  0357     1166.48
14094806  0357      830.52
14143188  0357      724.88
14159223  0357     1449.77
14176671  0357      777.65
14228153  0357      777.65
14270811  0357     1812.21
14293118  0357     1166.48
1431183   0357      993.39
14335445  0357      724.88
14335539  0357      777.65
14372299  0357      830.52
14372545  0357      724.88
14372818  0357     2562.79
14376347  0357      777.65
14398946  0357      777.65
14399267  0357     1087.33
14405196  0357      777.65
14405401  0357      777.65
14513487  0357      724.88
14590375  0357      724.88
14607589  0357     1087.33
14648947  0357      777.65
14649126  0357      724.88
14825867  0357     1944.14
14877620  0357      777.65
14877805  0357      830.52
14877859  0357      888.05
14879597  0357     1555.31
14879704  0357     1812.21
14880827  0357      830.52
14880972  0357     1555.31
15056332  0357      830.52
15170350  0357      724.88
15177340  0357      830.52
15177867  0357     1449.77
15229138  0357      777.65
15272372  0357      724.88
15306996  0357      724.88
15351139  0357      777.65
15352095  0357      777.65
15444190  0357      777.65
15448608  0357      777.65
15597541  0357      724.88
15598043  0357      724.88
15598319  0357      777.65
15598510  0357     1555.31
15598933  0357      724.88
15599928  0357     1087.33
15599929  0357     1555.31
15668151  0357     1555.31
15668851  0357      724.88
15690244  0357      724.88
15729233  0357     1166.48
15729536  0357     1812.21
15778630  0357     1166.48
15885754  0357      724.88
15959808  0357      724.88
15961650  0357      724.88
16001576  0357      724.88
16137706  0357      724.88
16138119  0357     1166.48
1631390   0357     1164.53
16385667  0357      724.88
16387437  0357     1555.31
16594051  0357      724.88
16641426  0357      724.88
16736267  0357      777.65
16770549  0357      777.65
16788972  0357     1555.31
16796439  0357     1449.77
16796669  0357      724.88
17011869  0357     1555.31
17012587  0357     1944.14
17019549  0357      777.65
17033230  0357      724.88
17033256  0357      724.88
17104709  0357      777.65
17306742  0357      724.88
1737075   0357      989.92
17379215  0357     1087.33
17380736  0357      724.88
17572385  0357     1555.31
17574055  0357      724.88
17626132  0357     1449.77
1763812   0357     1184.35
1764349   0357      989.92
1765295   0357     1979.85
1769938   0357      989.92
17727438  0357     1944.14
17727473  0357      724.88
17853683  0357     1944.14
17859806  0357      724.88
17859921  0357     1449.77
17872590  0357      777.65
17942424  0357      724.88
17942640  0357      777.65
17965237  0357     1166.48
18054647  0357      777.65
18058393  0357      724.88
18059918  0357      777.65
18263579  0357      777.65
18263756  0357      777.65
18332814  0357      777.65
18421508  0357      724.88
18422439  0357     1555.31
18618969  0357      724.88
18655916  0357      777.65
18656459  0357     1166.48
18785684  0357      724.88
18923581  0357      724.88
18928116  0357      724.88
18950730  0357      724.88
18998089  0357     1449.77
1906129   0357      993.39
19262723  0357      777.65
1926999   0357      991.67
19324610  0357     1555.31
19348247  0357      777.65
19431369  0357      777.65
19436769  0357      777.65
19827450  0357      777.65
19850185  0357     1812.21
19886649  0357     1944.14
19973112  0357      777.65
20046577  0357     1449.77
20046584  0357     1449.77
20187870  0357     1449.77
20189202  0357      888.05
20235584  0357     1449.77
2030572   0357      989.92
2033664   0357     1054.35
20348834  0357     1087.33
20351464  0357     1900.93
2101693   0357     1165.38
21140944  0357     1087.33
2130876   0357      989.92
21505687  0357     1812.21
2157417   0357     2635.87
2186056   0357      989.92
2189077   0357      989.92
2196831   0357      989.92
2198274   0357      995.42
2198799   0357      989.92
22326349  0357      724.88
2272067   0357      989.92
23156662  0357      993.39
23573778  0357      724.88
2376223   0357     1074.38
2380275   0357      991.67
2384661   0357      993.39
23851459  0357      724.88
2529886   0357      993.39
2532585   0357      989.92
2533320   0357      989.92
2534786   0357      726.58
2535843   0357      991.67
2536373   0357      991.67
2536795   0357      993.39
2539607   0357      991.67
2539943   0357      989.92
2541142   0357      993.39
2541439   0357     1354.79
2541709   0357      993.39
2543654   0357      993.39
2543813   0357      993.39
2543932   0357      989.92
2592064   0357      991.67
2592966   0357     1079.04
2593377   0357      993.39
2593686   0357      989.92
2596405   0357     1173.77
2598033   0357      993.39
2598733   0357      991.67
2598872   0357      989.92
2601437   0357      993.39
2603046   0357      993.39
2605164   0357      993.39
2605823   0357      683.74
2607322   0357     1069.88
2608233   0357     1043.68
2608304   0357      989.92
2608554   0357      993.39
2684589   0357      993.39
2741170   0357     1052.02
2854705   0357      989.92
2870837   0357      989.92
2910376   0357      989.92
2910432   0357      989.92
2911765   0357      989.92
2912407   0357      989.92
2912692   0357     1054.35
2913757   0357      989.92
2913809   0357      989.92
2915293   0357      989.92
2915714   0357      993.39
2915780   0357      989.92
2916362   0357      993.39
2916467   0357      989.92
2916786   0357      989.92
2918280   0357     2483.48
2992913   0357      989.92
3035349   0357      993.39
3080057   0357     1581.53
3080311   0357      993.39
3080984   0357     1447.65
3081351   0357      993.39
3082505   0357     1191.79
3083006   0357      993.39
3083065   0357      989.92
3083457   0357      989.92
3083843   0357      989.92
3084868   0357      993.39
3084978   0357      989.92
3085009   0357      989.92
3085276   0357      991.93
3090485   0357     1057.37
3156003   0357     1129.19
3234299   0357      991.93
3245420   0357      993.39
3314884   0357      740.87
3315121   0357      989.92
3315781   0357      989.92
3317339   0357     1054.57
3318589   0357     1146.95
3318694   0357     1196.42
3318719   0357      993.39
3320986   0357      993.39
3322128   0357     1052.88
3322284   0357      989.92
3322381   0357      991.67
3324084   0357     1380.83
3324110   0357     1489.20
3329806   0357      993.39
3353242   0357     1129.19
3528540   0357     1079.38
3533360   0357     1268.17
3535445   0357      989.92
3535838   0357      989.92
3538837   0357     1077.74
3539352   0357      993.39
3541739   0357      993.39
3541975   0357      683.80
3542004   0357      830.52
3542015   0357      789.13
3554092   0357      991.67
3593839   0357      989.92
3598528   0357      993.39
3710064   0357     1279.63
3759377   0357      989.92
3784066   0357      989.92
3784441   0357     1102.90
3785251   0357      993.39
3792247   0357      993.39
3830110   0357      989.92
3855157   0357      683.74
3855577   0357      993.39
3856978   0357      989.92
3857004   0357      989.92
3857220   0357      993.43
3857667   0357      989.92
3857878   0357      991.67
3858323   0357     1986.78
3858856   0357      830.52
3859230   0357     1561.99
3864991   0357     1153.91
3875055   0357     1222.55
3877925   0357     3045.15
3878006   0357     1240.95
3963688   0357     1176.74
3964093   0357     1360.73
3965704   0357      989.92
3969513   0357      997.02
4001934   0357     1304.18
4064149   0357     1066.66
4065177   0357      989.92
4065584   0357      777.65
4065648   0357     1285.72
4066245   0357      989.92
4067118   0357     1154.27
4067735   0357     1144.63
4067795   0357      993.39
4068788   0357      989.92
4071074   0357     1412.92
4071241   0357     1169.58
4107436   0357     1033.08
4191539   0357      989.92
4193094   0357     2479.17
4194671   0357     1069.49
4195654   0357      989.92
4199927   0357      683.80
4200911   0357      989.92
4238916   0357      989.92
430240    0357      989.92
4317775   0357     1523.61
4373204   0357     1567.16
4373479   0357      989.92
4375498   0357     1054.35
4375998   0357     1014.43
4376813   0357     1086.57
4377201   0357      991.67
4378140   0357      989.92
4378236   0357      989.92
4378283   0357      989.92
4378759   0357     1444.68
4379154   0357      989.92
4381341   0357      989.92
4381614   0357     1129.94
4382400   0357     1490.09
4383023   0357     1320.58
4383200   0357      989.92
4385047   0357      993.39
4386936   0357      888.05
4387777   0357     2646.69
4409485   0357     1462.91
4409788   0357      989.92
4409789   0357     2149.46
4414417   0357     1124.39
4414541   0357     1050.96
4414909   0357      993.39
4415675   0357      989.92
443869    0357      993.39
4609506   0357     1064.99
4610129   0357      989.92
4720170   0357     1087.33
4720923   0357     1109.06
4721016   0357      724.88
4721639   0357      989.92
4722680   0357      989.92
4722814   0357      796.97
4723168   0357      989.92
4723403   0357      989.92
4724433   0357      993.39
4725919   0357     1661.03
4727740   0357     1002.59
4728331   0357      989.92
4729448   0357      706.25
4730168   0357     1524.59
4730490   0357      989.92
4730823   0357     1492.71
4731322   0357     1474.99
4731494   0357     1076.33
4732090   0357     1145.11
4732618   0357     1119.91
4734527   0357      724.88
4734940   0357      724.88
4735505   0357      989.92
4738424   0357      993.39
4739546   0357     1312.21
4739796   0357      830.52
4754833   0357     1338.04
4803744   0357     1674.02
4805842   0357      777.65
4827213   0357     1118.81
4853128   0357      923.26
4882144   0357      743.89
5017295   0357      724.88
5022967   0357      991.67
5237805   0357      777.65
5238236   0357      989.92
5239261   0357     1150.21
5240821   0357      989.92
5242545   0357     1115.17
5244302   0357     1129.19
5244483   0357      724.88
5244484   0357     1076.33
5244765   0357      989.92
5245261   0357     1217.02
5248926   0357     1137.37
5248954   0357     1045.84
5249259   0357      777.65
5249817   0357      830.52
5250965   0357      993.39
5251153   0357     1266.03
5251214   0357     1140.03
5252606   0357     1661.03
5253930   0357      989.92
5254613   0357     1287.46
5254952   0357      989.92
5255567   0357      777.65
5255641   0357     1232.04
5257069   0357     1041.92
5257175   0357      993.39
5257421   0357      888.05
5257727   0357     1944.14
5257774   0357      777.65
5259121   0357      989.92
5259785   0357      989.92
5261116   0357      724.88
5261139   0357     1235.15
5261250   0357      989.92
5261418   0357     1020.94
5261643   0357     1235.58
5263470   0357     1108.83
5344986   0357     1044.48
5435450   0357     1111.93
5436619   0357      830.52
5436795   0357      763.00
5438690   0357     1086.83
5439480   0357      777.65
5439865   0357     2220.13
5458236   0357      724.88
5461455   0357      993.43
5605414   0357     2528.69
5658043   0357     1236.69
5688352   0357     1117.00
5765952   0357      777.65
5779173   0357      777.65
5915261   0357      993.39
5921128   0357     1493.74
5921800   0357      724.88
5923624   0357      830.52
5925143   0357      830.52
5925949   0357      683.80
5929492   0357      777.65
5935536   0357     3897.39
5938630   0357     1293.20
5938995   0357      777.65
6044716   0357     1166.48
6125595   0357     2616.51
6127630   0357     1147.78
6238388   0357      950.46
6394853   0357      884.19
6537141   0357      989.92
6573443   0357     1286.03
6573855   0357      888.05
6573893   0357      724.88
6575243   0357      724.88
6575301   0357      777.65
6584406   0357     2474.81
6602322   0357      724.88
6634354   0357      777.65
6689708   0357      777.65
6690236   0357      777.65
6701343   0357     1121.14
6701344   0357     1307.62
6701453   0357      777.65
673822    0357      989.92
6841910   0357      724.88
7211860   0357      830.52
7240399   0357      777.65
7300376   0357     1086.83
7301470   0357      989.92
7305494   0357      993.39
7305781   0357      989.92
7308623   0357     1162.74
7309317   0357      724.88
7309375   0357     1025.21
7310425   0357      888.05
7310959   0357      993.39
7311233   0357     1060.35
7311255   0357     1283.64
7312149   0357     1248.70
7313189   0357      989.92
7314050   0357     1171.01
7314987   0357      888.05
7315048   0357      830.52
7315058   0357     3002.83
7315331   0357      777.65
7316059   0357      888.05
7316139   0357      830.52
7316607   0357     1354.79
7316959   0357     1983.33
7317744   0357     1979.85
7318041   0357     1081.67
7319649   0357     1661.03
7321787   0357      724.88
7322304   0357      724.88
7322780   0357      724.88
7322794   0357     1397.25
7324725   0357      991.67
7325664   0357      984.24
7325721   0357      993.39
7325722   0357     1443.51
7325778   0357      683.80
7328421   0357      724.88
7330948   0357      777.65
7331943   0357     1817.76
7332202   0357     1235.50
7332734   0357     1490.09
7333145   0357     1542.14
7333526   0357     2471.00
7335642   0357      777.65
7337422   0357      972.39
7337778   0357      724.88
7338055   0357      888.05
7340200   0357      989.92
7340742   0357     1052.88
7340989   0357     1162.82
7342107   0357      724.88
7342680   0357      993.39
7343605   0357     1044.48
7344290   0357      724.88
7344465   0357     1449.77
7347856   0357      993.39
7348137   0357     1010.29
7348986   0357     1261.24
7349428   0357     2376.16
7349843   0357      724.88
7350162   0357     1016.94
7350273   0357      724.88
7351297   0357      855.80
7352317   0357      724.88
7353377   0357      777.65
7354064   0357      724.88
7354848   0357      683.80
7355928   0357      989.92
7359478   0357      830.52
7360346   0357      724.88
7360517   0357      777.65
7363171   0357      947.75
7363652   0357      777.65
7365166   0357     1243.59
7365545   0357      724.88
7367276   0357      724.88
7368710   0357     1449.77
7369018   0357      777.65
7371154   0357      777.65
7372156   0357      724.88
7372973   0357     1104.80
7373089   0357      724.88
7373215   0357      888.05
7374243   0357     1106.98
7374616   0357      993.39
7377030   0357      724.88
7377579   0357      777.65
7379256   0357     1449.77
7380616   0357      724.88
7381553   0357      777.65
7382148   0357     1095.44
7382532   0357      724.88
7384964   0357      777.65
7387544   0357     1555.31
7388038   0357      724.88
7388080   0357      777.65
7388125   0357      830.52
7388199   0357     1660.47
7389581   0357      777.65
7391472   0357      724.88
7392153   0357     2076.29
7393061   0357      724.88
7393144   0357     1449.77
7395742   0357      683.74
7396051   0357     1166.48
7398038   0357      881.11
7400031   0357      777.65
7401094   0357      777.65
7401380   0357     1179.55
7401853   0357      724.88
7403123   0357      724.88
7403188   0357      724.88
7403563   0357      724.88
7406353   0357      777.65
7408531   0357      777.65
7409730   0357      724.88
7410177   0357     1428.16
7412535   0357      830.52
7412738   0357      724.88
7415285   0357     1381.96
7415448   0357      777.65
7416870   0357     1044.48
7417289   0357     1449.77
7417791   0357     1555.31
7418898   0357      724.88
7418939   0357      777.65
7419340   0357      724.88
7419740   0357     1218.44
7419800   0357      777.65
7419866   0357     1812.21
7420316   0357      777.65
7420429   0357      830.52
7423108   0357      830.52
7423415   0357      777.65
7423444   0357     1383.24
7425063   0357      724.88
7425430   0357      777.65
7425900   0357      724.88
7426046   0357      777.65
7427359   0357      724.88
7427520   0357      777.65
7429274   0357      777.65
7432253   0357      830.52
7434591   0357     1944.14
7435158   0357     2774.74
7436077   0357     1449.77
7436996   0357      777.65
7437806   0357      724.88
7437808   0357      724.88
7438450   0357     1155.24
7439597   0357     2567.90
7439617   0357      777.65
7439629   0357      777.65
7440809   0357      743.83
7442445   0357      777.65
7444497   0357     1087.33
7444651   0357      830.52
7444842   0357      777.65
7444889   0357     1776.10
7445661   0357      724.88
7446382   0357      830.52
7446644   0357      777.65
7447067   0357     1944.14
7447334   0357      888.05
7447992   0357      724.88
7449457   0357      724.88
7455429   0357     1304.88
7455588   0357     1179.55
7461704   0357     1152.28
7465820   0357     1944.14
7465910   0357      777.65
7466779   0357     1473.76
7466870   0357     1390.04
7502836   0357     1140.06
7548386   0357      935.30
7548420   0357     1182.32
770342    0357      993.39
7917981   0357     1144.72
7981510   0357     1478.10
7982728   0357      724.88
7982865   0357      830.52
7983170   0357      724.88
7984159   0357      777.65
7985605   0357      786.86
7988969   0357     1553.86
8054279   0357     1074.79
8064487   0357     1857.62
8069571   0357     1166.68
8140450   0357      752.09
8594315   0357      777.65
8718789   0357     1707.26
8734286   0357      830.52
9066082   0357      989.92
9100619   0357     1553.86
9211039   0357      724.88
9261804   0357      830.52
9317884   0357     1661.03
9433060   0357      777.65
9540404   0357      830.52
9540845   0357     1332.08
9542018   0357     2076.29
9542237   0357      724.88
9543174   0357     1243.59
9543530   0357     1260.79
9544179   0357      777.65
9544345   0357      724.88
9544429   0357     1350.04
9544827   0357      830.52
9545198   0357      989.92
9545952   0357     1262.96
9546474   0357      777.65
9547148   0357     1347.12
9551389   0357      777.65
9552709   0357     1075.98
9553039   0357     1936.15
9553047   0357      724.88
9553149   0357      724.88
9555077   0357     1078.04
9555609   0357      724.88
9555641   0357      777.65
9557148   0357     1776.10
9557803   0357      724.88
9557875   0357      724.88
9557894   0357     1250.56
9558628   0357      724.88
9560453   0357      724.88
9570736   0357     1306.42
9572755   0357     1343.27
9577605   0357     1388.90
9601343   0357     1944.14
9603154   0357     1299.08
9603683   0357      777.65
9603870   0357      683.80
9604166   0357      724.88
9604592   0357     1425.70
9607091   0357      989.92
9608547   0357      777.65
9609337   0357     1042.82
9609338   0357     1555.31
9612117   0357     1555.67
9612692   0357      777.65
9614364   0357     1449.77
9615563   0357      777.65
9615964   0357      777.65
9617493   0357     1449.77
9620242   0357     1661.03
9620248   0357     1776.10
9620376   0357      777.65
9620599   0357      830.52
9620701   0357      724.88
9620720   0357     1127.63
9621777   0357      777.65
9622347   0357      777.65
9624370   0357      950.46
9624596   0357      724.88
9625361   0357      777.65
9625933   0357     1555.31
9626082   0357      777.65
9626215   0357      724.88
9627150   0357     2076.29
9627523   0357     1555.31
9627724   0357      724.88
9629963   0357      830.52
9631462   0357     1267.31
9634554   0357     1420.88
9634674   0357      777.65
9636806   0357      724.88
9638320   0357      777.65
9639201   0357      724.88
9845319   0357      724.88
9846320   0357      830.52
9847068   0357      724.88
9847350   0357     1505.18
9848693   0357     1183.79
9850403   0357      777.65
9851111   0357      777.65
9851993   0357     1397.12
10107724  3357      950.46
10120357  3357      777.65
10121866  3357      830.52
10125466  3357      724.88
10126656  3357      777.65
10141786  3357      830.52
10312414  3357      724.88
10373550  3357      777.65
10639752  3357     1072.20
10726693  3357      777.65
10760806  3357      724.88
10764554  3357      830.52
10770124  3357      777.65
10772668  3357      724.88
10774121  3357      830.52
10775520  3357      724.88
10776516  3357      950.46
10776915  3357      724.88
10777645  3357      777.65
10778464  3357      724.88
10779723  3357     1321.69
10784623  3357      777.65
10820078  3357      830.52
10840266  3357      777.65
10841061  3357      724.88
10841823  3357      950.46
10842205  3357      777.65
10843324  3357      777.65
10844947  3357      777.65
10845717  3357      724.88
10845943  3357      950.46
10846474  3357      777.65
10846532  3357      830.52
10846629  3357      777.65
10846940  3357      777.65
10846985  3357      777.65
10847648  3357      724.88
10848158  3357     1527.79
10849906  3357      777.65
10849907  3357      830.52
10860593  3357      777.65
10903693  3357     1044.48
10959957  3357      777.65
10960021  3357      777.65
10963442  3357      830.52
10963957  3357      830.52
10964062  3357      777.65
1108218   3357      989.92
1112379   3357      993.39
1115136   3357     1305.23
11163187  3357      724.88
11177533  3357      724.88
11260715  3357      777.65
11261772  3357      950.46
11262378  3357      777.65
11263756  3357      724.88
11264465  3357      777.65
11264550  3357      724.88
11265496  3357      777.65
11265527  3357      830.52
11266390  3357      777.65
11267811  3357      724.88
11267932  3357      724.88
11268437  3357      950.46
11269196  3357      888.05
1129535   3357      991.67
11414487  3357      830.52
11425214  3357      777.65
11425449  3357      777.65
11426462  3357      724.88
11428034  3357      724.88
11428889  3357      777.65
11429539  3357      777.65
11429792  3357      724.88
11429991  3357      777.65
11430700  3357      777.65
11433167  3357      777.65
11433865  3357      777.65
11433968  3357      777.65
11434350  3357      777.65
11546168  3357      724.88
11584952  3357      777.65
11586448  3357      830.52
11589730  3357      777.65
11594236  3357      950.46
11594524  3357      724.88
11596252  3357      777.65
11597667  3357      777.65
11598121  3357      724.88
11598207  3357      724.88
11633896  3357      724.88
11645810  3357      777.65
11651035  3357      777.65
11651090  3357      777.65
11652405  3357      777.65
11653864  3357      777.65
11694358  3357      724.88
11694758  3357      777.65
11695394  3357      724.88
11749469  3357      777.65
11783201  3357      830.52
11783366  3357      950.46
11784637  3357      724.88
11786325  3357      950.46
11786432  3357      724.88
11787653  3357      777.65
11788587  3357      830.52
11788630  3357      830.52
11790273  3357      777.65
11790818  3357      777.65
11791177  3357      777.65
11792127  3357      777.65
11792506  3357      724.88
11792846  3357      858.21
11878930  3357      777.65
11879419  3357      830.52
11879750  3357      950.46
11881224  3357      950.46
11881668  3357      724.88
11881669  3357     1299.08
11882080  3357     1120.70
11883300  3357      777.65
12011761  3357      950.46
12018571  3357      724.88
12018729  3357      724.88
12018852  3357      777.65
12019816  3357      724.88
12020535  3357      888.05
12021559  3357      830.52
12021966  3357      777.65
12022428  3357      830.52
12023306  3357      888.05
12023981  3357      777.65
12024178  3357      777.65
12024179  3357      777.65
12025294  3357      777.65
12025488  3357      724.88
12025491  3357      724.88
12026565  3357      777.65
12027093  3357      777.65
12027260  3357     1373.85
12027527  3357      724.88
12027928  3357      724.88
12027973  3357      830.52
12080554  3357      777.65
12241212  3357      724.88
12242270  3357      777.65
12243077  3357      724.88
12244707  3357      724.88
12247738  3357      777.65
12248400  3357      724.88
12248745  3357      777.65
12248755  3357      830.52
12248784  3357      724.88
12248960  3357      777.65
12249178  3357      950.46
12314254  3357      888.05
12369466  3357      777.65
12370670  3357     1351.97
1239070   3357      989.92
12434895  3357      777.65
12435304  3357      777.65
12435757  3357      724.88
12435759  3357      777.65
12527456  3357      724.88
12534356  3357      777.65
12536172  3357      777.65
12536549  3357      888.05
1257983   3357      991.67
1258658   3357      993.39
1261562   3357      989.92
1262953   3357     1184.35
1263302   3357      989.92
1263303   3357      993.39
12638103  3357      724.88
1265436   3357      993.39
1266723   3357      683.80
12691465  3357      777.65
1269356   3357      991.67
12698409  3357      724.88
12698965  3357      724.88
12701276  3357      950.46
12701301  3357      724.88
12702273  3357     1082.71
12704473  3357      724.88
12704482  3357      830.52
12704649  3357      777.65
12704927  3357      777.65
12705860  3357      777.65
12706171  3357      777.65
12706774  3357      830.52
12707136  3357      777.65
1272390   3357      989.92
1273369   3357      993.39
1277938   3357      989.92
1278407   3357      993.39
12848719  3357      777.65
12849330  3357      888.05
12851330  3357      777.65
12852888  3357      777.65
12858616  3357      777.65
12878256  3357      777.65
12884972  3357      777.65
12934142  3357      724.88
12934525  3357      724.88
12935305  3357      777.65
12935606  3357      777.65
13032012  3357      724.88
13032033  3357      777.65
13034237  3357      777.65
13035222  3357      950.46
13084488  3357      724.88
13084886  3357      724.88
13179920  3357      724.88
13180551  3357      777.65
1318484   3357      989.92
13187744  3357      777.65
13187816  3357      777.65
13188137  3357      724.88
13188604  3357      724.88
13264411  3357      777.65
13265462  3357      724.88
13265946  3357      950.46
13266369  3357      777.65
13268000  3357      724.88
13268185  3357      724.88
13268457  3357      724.88
13268537  3357      777.65
13343258  3357      724.88
13408041  3357      724.88
13510172  3357      724.88
13510180  3357      724.88
13519440  3357      724.88
13527636  3357      830.52
13566631  3357      950.46
13643981  3357      724.88
13643982  3357      724.88
13644051  3357      777.65
13644555  3357      724.88
13644665  3357      777.65
13644680  3357      830.52
13652653  3357      724.88
13674854  3357      830.52
13678214  3357      777.65
13678857  3357      724.88
13679940  3357      777.65
13724134  3357      777.65
13774187  3357      724.88
13774684  3357      777.65
13775452  3357      724.88
13775808  3357      724.88
13777181  3357      724.88
13785046  3357      724.88
13785661  3357      777.65
13785997  3357      724.88
13786181  3357      830.52
13787208  3357      777.65
13787741  3357      724.88
13842354  3357      777.65
13843775  3357      777.65
13856268  3357      777.65
13867427  3357      777.65
13868652  3357      777.65
13880177  3357      777.65
13880981  3357      777.65
13905892  3357      724.88
13986119  3357      777.65
14003086  3357      724.88
14030527  3357      724.88
14031045  3357      777.65
14031497  3357      777.65
14093727  3357      777.65
14094806  3357      830.52
14143188  3357      724.88
14159223  3357      724.88
14176671  3357      777.65
14228153  3357      777.65
14270811  3357      724.88
14293118  3357      777.65
1431183   3357      993.39
14335445  3357      724.88
14335539  3357      777.65
14372299  3357      830.52
14372545  3357      724.88
14372818  3357     1025.12
14376347  3357      777.65
14398946  3357      777.65
14399267  3357      724.88
14405196  3357      777.65
14405401  3357      777.65
14513487  3357      724.88
14590375  3357      724.88
14607589  3357      724.88
14648947  3357      777.65
14649126  3357      724.88
14825867  3357      777.65
14877620  3357      777.65
14877805  3357      830.52
14877859  3357      888.05
14879597  3357      777.65
14879704  3357      724.88
14880827  3357      830.52
14880972  3357      777.65
15056332  3357      830.52
15170350  3357      724.88
15177340  3357      830.52
15177867  3357      724.88
15229138  3357      777.65
15272372  3357      724.88
15306996  3357      724.88
15351139  3357      777.65
15352095  3357      777.65
15444190  3357      777.65
15448608  3357      777.65
15597541  3357      724.88
15598043  3357      724.88
15598319  3357      777.65
15598510  3357      777.65
15598933  3357      724.88
15599928  3357      724.88
15599929  3357      777.65
15668151  3357      777.65
15668851  3357      724.88
15690244  3357      724.88
15729233  3357      777.65
15729536  3357      724.88
15778630  3357      777.65
15885754  3357      724.88
15959808  3357      724.88
15961650  3357      724.88
16001576  3357      724.88
16137706  3357      724.88
16138119  3357      777.65
1631390   3357     1164.53
16385667  3357      724.88
16387437  3357      777.65
16594051  3357      724.88
16641426  3357      724.88
16736267  3357      777.65
16770549  3357      777.65
16788972  3357      777.65
16796439  3357      724.88
16796669  3357      724.88
17011869  3357      777.65
17012587  3357      777.65
17019549  3357      777.65
17033230  3357      724.88
17033256  3357      724.88
17104709  3357      777.65
17306742  3357      724.88
1737075   3357      989.92
17379215  3357      724.88
17380736  3357      724.88
17572385  3357      777.65
17574055  3357      724.88
17626132  3357      724.88
1763812   3357     1184.35
1764349   3357      989.92
1765295   3357      989.92
1769938   3357      989.92
17727438  3357      777.65
17727473  3357      724.88
17853683  3357      777.65
17859806  3357      724.88
17859921  3357      724.88
17872590  3357      777.65
17942424  3357      724.88
17942640  3357      777.65
17965237  3357      777.65
18054647  3357      777.65
18058393  3357      724.88
18059918  3357      777.65
18263579  3357      777.65
18263756  3357      777.65
18332814  3357      777.65
18421508  3357      724.88
18422439  3357      777.65
18618969  3357      724.88
18655916  3357      777.65
18656459  3357      777.65
18785684  3357      724.88
18923581  3357      724.88
18928116  3357      724.88
18950730  3357      724.88
18998089  3357      724.88
1906129   3357      993.39
19262723  3357      777.65
1926999   3357      991.67
19324610  3357      777.65
19348247  3357      777.65
19431369  3357      777.65
19436769  3357      777.65
19827450  3357      777.65
19850185  3357      724.88
19886649  3357      777.65
19973112  3357      777.65
20046577  3357      724.88
20046584  3357      724.88
20187870  3357      724.88
20189202  3357      888.05
20235584  3357      724.88
2030572   3357      989.92
2033664   3357     1054.35
20348834  3357      724.88
20351464  3357      950.46
2101693   3357     1165.38
21140944  3357      724.88
2130876   3357      989.92
21505687  3357      724.88
2157417   3357     1054.35
2186056   3357      989.92
2189077   3357      989.92
2196831   3357      989.92
2198274   3357      995.42
2198799   3357      989.92
22326349  3357      724.88
2272067   3357      989.92
23156662  3357      993.39
23573778  3357      724.88
2376223   3357     1074.38
2380275   3357      991.67
2384661   3357      993.39
23851459  3357      724.88
2529886   3357      993.39
2532585   3357      989.92
2533320   3357      989.92
2534786   3357      726.58
2535843   3357      991.67
2536373   3357      991.67
2536795   3357      993.39
2539607   3357      991.67
2539943   3357      989.92
2541142   3357      993.39
2541439   3357     1354.79
2541709   3357      993.39
2543654   3357      993.39
2543813   3357      993.39
2543932   3357      989.92
2592064   3357      991.67
2592966   3357     1079.04
2593377   3357      993.39
2593686   3357      989.92
2596405   3357     1173.77
2598033   3357      993.39
2598733   3357      991.67
2598872   3357      989.92
2601437   3357      993.39
2603046   3357      993.39
2605164   3357      993.39
2605823   3357      683.74
2607322   3357     1069.88
2608233   3357     1043.68
2608304   3357      989.92
2608554   3357      993.39
2684589   3357      993.39
2741170   3357     1052.02
2854705   3357      989.92
2870837   3357      989.92
2910376   3357      989.92
2910432   3357      989.92
2911765   3357      989.92
2912407   3357      989.92
2912692   3357     1054.35
2913757   3357      989.92
2913809   3357      989.92
2915293   3357      989.92
2915714   3357      993.39
2915780   3357      989.92
2916362   3357      993.39
2916467   3357      989.92
2916786   3357      989.92
2918280   3357      993.39
2992913   3357      989.92
3035349   3357      993.39
3080057   3357     1054.35
3080311   3357      993.39
3080984   3357     1447.65
3081351   3357      993.39
3082505   3357     1191.79
3083006   3357      993.39
3083065   3357      989.92
3083457   3357      989.92
3083843   3357      989.92
3084868   3357      993.39
3084978   3357      989.92
3085009   3357      989.92
3085276   3357      991.93
3090485   3357     1057.37
3156003   3357     1129.19
3234299   3357      991.93
3245420   3357      993.39
3314884   3357      740.87
3315121   3357      989.92
3315781   3357      989.92
3317339   3357     1054.57
3318589   3357     1146.95
3318694   3357     1196.42
3318719   3357      993.39
3320986   3357      993.39
3322128   3357     1052.88
3322284   3357      989.92
3322381   3357      991.67
3324084   3357     1380.83
3324110   3357     1489.20
3329806   3357      993.39
3353242   3357     1129.19
3528540   3357     1079.38
3533360   3357     1268.17
3535445   3357      989.92
3535838   3357      989.92
3538837   3357     1077.74
3539352   3357      993.39
3541739   3357      993.39
3541975   3357      683.80
3542004   3357      830.52
3542015   3357      789.13
3554092   3357      991.67
3593839   3357      989.92
3598528   3357      993.39
3710064   3357     1279.63
3759377   3357      989.92
3784066   3357      989.92
3784441   3357     1102.90
3785251   3357      993.39
3792247   3357      993.39
3830110   3357      989.92
3855157   3357      683.74
3855577   3357      993.39
3856978   3357      989.92
3857004   3357      989.92
3857220   3357      993.43
3857667   3357      989.92
3857878   3357      991.67
3858323   3357      993.39
3858856   3357      830.52
3859230   3357     1041.33
3864991   3357     1153.91
3875055   3357     1222.55
3877925   3357     1522.57
3878006   3357     1240.95
3963688   3357     1176.74
3964093   3357     1360.73
3965704   3357      989.92
3969513   3357      997.02
4001934   3357     1304.18
4064149   3357     1066.66
4065177   3357      989.92
4065584   3357      777.65
4065648   3357     1285.72
4066245   3357      989.92
4067118   3357     1154.27
4067735   3357     1144.63
4067795   3357      993.39
4068788   3357      989.92
4071074   3357     1412.92
4071241   3357     1169.58
4107436   3357     1033.08
4191539   3357      989.92
4193094   3357      991.67
4194671   3357     1069.49
4195654   3357      989.92
4199927   3357      683.80
4200911   3357      989.92
4238916   3357      989.92
430240    3357      989.92
4317775   3357     1523.61
4373204   3357     1567.16
4373479   3357      989.92
4375498   3357     1054.35
4375998   3357     1014.43
4376813   3357     1086.57
4377201   3357      991.67
4378140   3357      989.92
4378236   3357      989.92
4378283   3357      989.92
4378759   3357     1444.68
4379154   3357      989.92
4381341   3357      989.92
4381614   3357     1129.94
4382400   3357      993.39
4383023   3357     1320.58
4383200   3357      989.92
4385047   3357      993.39
4386936   3357      888.05
4387777   3357     1058.68
4409485   3357     1462.91
4409788   3357      989.92
4409789   3357     1074.73
4414417   3357     1124.39
4414541   3357     1050.96
4414909   3357      993.39
4415675   3357      989.92
443869    3357      993.39
4609506   3357     1064.99
4610129   3357      989.92
4720170   3357      724.88
4720923   3357     1109.06
4721016   3357      724.88
4721639   3357      989.92
4722680   3357      989.92
4722814   3357      796.97
4723168   3357      989.92
4723403   3357      989.92
4724433   3357      993.39
4725919   3357      830.52
4727740   3357     1002.59
4728331   3357      989.92
4729448   3357      706.25
4730168   3357     1524.59
4730490   3357      989.92
4730823   3357     1492.71
4731322   3357     1474.99
4731494   3357     1076.33
4732090   3357     1145.11
4732618   3357     1119.91
4734527   3357      724.88
4734940   3357      724.88
4735505   3357      989.92
4738424   3357      993.39
4739546   3357     1312.21
4739796   3357      830.52
4754833   3357     1338.04
4803744   3357     1674.02
4805842   3357      777.65
4827213   3357     1118.81
4853128   3357      923.26
4882144   3357      743.89
5017295   3357      724.88
5022967   3357      991.67
5237805   3357      777.65
5238236   3357      989.92
5239261   3357     1150.21
5240821   3357      989.92
5242545   3357     1115.17
5244302   3357     1129.19
5244483   3357      724.88
5244484   3357     1076.33
5244765   3357      989.92
5245261   3357     1217.02
5248926   3357     1137.37
5248954   3357     1045.84
5249259   3357      777.65
5249817   3357      830.52
5250965   3357      993.39
5251153   3357     1266.03
5251214   3357     1140.03
5252606   3357      830.52
5253930   3357      989.92
5254613   3357     1287.46
5254952   3357      989.92
5255567   3357      777.65
5255641   3357     1232.04
5257069   3357     1041.92
5257175   3357      993.39
5257421   3357      888.05
5257727   3357      777.65
5257774   3357      777.65
5259121   3357      989.92
5259785   3357      989.92
5261116   3357      724.88
5261139   3357     1235.15
5261250   3357      989.92
5261418   3357     1020.94
5261643   3357     1235.58
5263470   3357     1108.83
5344986   3357     1044.48
5435450   3357     1111.93
5436619   3357      830.52
5436795   3357      763.00
5438690   3357     1086.83
5439480   3357      777.65
5439865   3357      888.05
5458236   3357      724.88
5461455   3357      993.43
5605414   3357     1264.34
5658043   3357     1236.69
5688352   3357     1117.00
5765952   3357      777.65
5779173   3357      777.65
5915261   3357      993.39
5921128   3357     1493.74
5921800   3357      724.88
5923624   3357      830.52
5925143   3357      830.52
5925949   3357      683.80
5929492   3357      777.65
5935536   3357     1558.96
5938630   3357     1293.20
5938995   3357      777.65
6044716   3357      777.65
6125595   3357     1046.60
6127630   3357     1147.78
6238388   3357      950.46
6394853   3357      884.19
6537141   3357      989.92
6573443   3357     1286.03
6573855   3357      888.05
6573893   3357      724.88
6575243   3357      724.88
6575301   3357      777.65
6584406   3357      989.92
6602322   3357      724.88
6634354   3357      777.65
6689708   3357      777.65
6690236   3357      777.65
6701343   3357     1121.14
6701344   3357     1307.62
6701453   3357      777.65
673822    3357      989.92
6841910   3357      724.88
7211860   3357      830.52
7240399   3357      777.65
7300376   3357     1086.83
7301470   3357      989.92
7305494   3357      993.39
7305781   3357      989.92
7308623   3357     1162.74
7309317   3357      724.88
7309375   3357     1025.21
7310425   3357      888.05
7310959   3357      993.39
7311233   3357     1060.35
7311255   3357     1283.64
7312149   3357     1248.70
7313189   3357      989.92
7314050   3357     1171.01
7314987   3357      888.05
7315048   3357      830.52
7315058   3357     1201.13
7315331   3357      777.65
7316059   3357      888.05
7316139   3357      830.52
7316607   3357     1354.79
7316959   3357      991.67
7317744   3357      989.92
7318041   3357     1081.67
7319649   3357      830.52
7321787   3357      724.88
7322304   3357      724.88
7322780   3357      724.88
7322794   3357     1397.25
7324725   3357      991.67
7325664   3357      984.24
7325721   3357      993.39
7325722   3357     1443.51
7325778   3357      683.80
7328421   3357      724.88
7330948   3357      777.65
7331943   3357     1817.76
7332202   3357     1235.50
7332734   3357      993.39
7333145   3357     1542.14
7333526   3357     1235.50
7335642   3357      777.65
7337422   3357      972.39
7337778   3357      724.88
7338055   3357      888.05
7340200   3357      989.92
7340742   3357     1052.88
7340989   3357     1162.82
7342107   3357      724.88
7342680   3357      993.39
7343605   3357     1044.48
7344290   3357      724.88
7344465   3357      724.88
7347856   3357      993.39
7348137   3357     1010.29
7348986   3357     1261.24
7349428   3357      950.46
7349843   3357      724.88
7350162   3357     1016.94
7350273   3357      724.88
7351297   3357      855.80
7352317   3357      724.88
7353377   3357      777.65
7354064   3357      724.88
7354848   3357      683.80
7355928   3357      989.92
7359478   3357      830.52
7360346   3357      724.88
7360517   3357      777.65
7363171   3357      947.75
7363652   3357      777.65
7365166   3357     1243.59
7365545   3357      724.88
7367276   3357      724.88
7368710   3357      724.88
7369018   3357      777.65
7371154   3357      777.65
7372156   3357      724.88
7372973   3357     1104.80
7373089   3357      724.88
7373215   3357      888.05
7374243   3357     1106.98
7374616   3357      993.39
7377030   3357      724.88
7377579   3357      777.65
7379256   3357      724.88
7380616   3357      724.88
7381553   3357      777.65
7382148   3357     1095.44
7382532   3357      724.88
7384964   3357      777.65
7387544   3357      777.65
7388038   3357      724.88
7388080   3357      777.65
7388125   3357      830.52
7388199   3357     1106.98
7389581   3357      777.65
7391472   3357      724.88
7392153   3357      830.52
7393061   3357      724.88
7393144   3357      724.88
7395742   3357      683.74
7396051   3357      777.65
7398038   3357      881.11
7400031   3357      777.65
7401094   3357      777.65
7401380   3357     1179.55
7401853   3357      724.88
7403123   3357      724.88
7403188   3357      724.88
7403563   3357      724.88
7406353   3357      777.65
7408531   3357      777.65
7409730   3357      724.88
7410177   3357     1428.16
7412535   3357      830.52
7412738   3357      724.88
7415285   3357     1381.96
7415448   3357      777.65
7416870   3357     1044.48
7417289   3357      724.88
7417791   3357      777.65
7418898   3357      724.88
7418939   3357      777.65
7419340   3357      724.88
7419740   3357     1218.44
7419800   3357      777.65
7419866   3357      724.88
7420316   3357      777.65
7420429   3357      830.52
7423108   3357      830.52
7423415   3357      777.65
7423444   3357     1383.24
7425063   3357      724.88
7425430   3357      777.65
7425900   3357      724.88
7426046   3357      777.65
7427359   3357      724.88
7427520   3357      777.65
7429274   3357      777.65
7432253   3357      830.52
7434591   3357      777.65
7435158   3357     1109.90
7436077   3357      724.88
7436996   3357      777.65
7437806   3357      724.88
7437808   3357      724.88
7438450   3357     1155.24
7439597   3357     1283.95
7439617   3357      777.65
7439629   3357      777.65
7440809   3357      743.83
7442445   3357      777.65
7444497   3357      724.88
7444651   3357      830.52
7444842   3357      777.65
7444889   3357      888.05
7445661   3357      724.88
7446382   3357      830.52
7446644   3357      777.65
7447067   3357      777.65
7447334   3357      888.05
7447992   3357      724.88
7449457   3357      724.88
7455429   3357     1304.88
7455588   3357     1179.55
7461704   3357     1152.28
7465820   3357      777.65
7465910   3357      777.65
7466779   3357     1473.76
7466870   3357     1390.04
7502836   3357     1140.06
7548386   3357      935.30
7548420   3357     1182.32
770342    3357      993.39
7917981   3357     1144.72
7981510   3357     1478.10
7982728   3357      724.88
7982865   3357      830.52
7983170   3357      724.88
7984159   3357      777.65
7985605   3357      786.86
7988969   3357     1553.86
8054279   3357     1074.79
8064487   3357      928.81
8069571   3357     1166.68
8140450   3357      752.09
8594315   3357      777.65
8718789   3357      853.63
8734286   3357      830.52
9066082   3357      989.92
9100619   3357     1553.86
9211039   3357      724.88
9261804   3357      830.52
9317884   3357      830.52
9433060   3357      777.65
9540404   3357      830.52
9540845   3357      888.05
9542018   3357      830.52
9542237   3357      724.88
9543174   3357     1243.59
9543530   3357     1260.79
9544179   3357      777.65
9544345   3357      724.88
9544429   3357     1350.04
9544827   3357      830.52
9545198   3357      989.92
9545952   3357     1262.96
9546474   3357      777.65
9547148   3357     1347.12
9551389   3357      777.65
9552709   3357     1075.98
9553039   3357     1936.15
9553047   3357      724.88
9553149   3357      724.88
9555077   3357     1078.04
9555609   3357      724.88
9555641   3357      777.65
9557148   3357      888.05
9557803   3357      724.88
9557875   3357      724.88
9557894   3357     1250.56
9558628   3357      724.88
9560453   3357      724.88
9570736   3357     1306.42
9572755   3357     1343.27
9577605   3357     1388.90
9601343   3357      777.65
9603154   3357     1299.08
9603683   3357      777.65
9603870   3357      683.80
9604166   3357      724.88
9604592   3357      950.46
9607091   3357      989.92
9608547   3357      777.65
9609337   3357     1042.82
9609338   3357      777.65
9612117   3357     1555.67
9612692   3357      777.65
9614364   3357      724.88
9615563   3357      777.65
9615964   3357      777.65
9617493   3357      724.88
9620242   3357      830.52
9620248   3357      888.05
9620376   3357      777.65
9620599   3357      830.52
9620701   3357      724.88
9620720   3357     1127.63
9621777   3357      777.65
9622347   3357      777.65
9624370   3357      950.46
9624596   3357      724.88
9625361   3357      777.65
9625933   3357      777.65
9626082   3357      777.65
9626215   3357      724.88
9627150   3357      830.52
9627523   3357      777.65
9627724   3357      724.88
9629963   3357      830.52
9631462   3357     1267.31
9634554   3357     1420.88
9634674   3357      777.65
9636806   3357      724.88
9638320   3357      777.65
9639201   3357      724.88
9845319   3357      724.88
9846320   3357      830.52
9847068   3357      724.88
9847350   3357     1505.18
9848693   3357     1183.79
9850403   3357      777.65
9851111   3357      777.65
9851993   3357     1397.12
