10107724  0357      121.34
10120357  0357      148.51
10121866  0357      265.07
10125466  0357       80.84
10126656  0357       99.01
10141786  0357       23.56
10312414  0357       92.53
10373550  0357      198.02
10639752  0357       80.84
10726693  0357       99.01
10760806  0357       80.84
10764554  0357      106.03
10770124  0357       99.01
10772668  0357       80.84
10774121  0357      106.03
10775520  0357      185.06
10776516  0357      121.34
10776915  0357       80.84
10777482  0357       80.84
10777645  0357      148.51
10778464  0357       80.84
10779723  0357       99.01
10820078  0357      106.03
10841061  0357       86.51
10841823  0357      121.34
10842205  0357       99.01
10843324  0357      247.52
10844575  0357      242.68
10844947  0357       99.01
10845717  0357       80.84
10845943  0357      246.39
10846532  0357      106.03
10846629  0357       99.01
10847648  0357       80.84
10848158  0357      113.40
10849906  0357       99.01
10849907  0357      106.03
10860593  0357       99.01
10903693  0357       80.84
10959957  0357       99.01
10960021  0357       99.01
10963442  0357      106.03
10963957  0357      106.03
10964062  0357      198.02
1108218   0357      125.24
1112379   0357      131.72
1115136   0357      199.60
11163187  0357       80.84
11177533  0357       80.84
11260715  0357       99.01
11261772  0357      121.34
11262378  0357       99.01
11263756  0357       80.84
11264041  0357      129.76
11264550  0357       92.53
11265527  0357      106.03
11266390  0357      198.02
11267811  0357      185.06
11267932  0357      161.68
11268437  0357      121.34
11269196  0357      113.40
1129535   0357      140.08
11414487  0357      106.03
11425214  0357       99.01
11426462  0357       92.53
11428034  0357       92.53
11429539  0357      198.02
11429792  0357       80.84
11429991  0357      148.51
11430700  0357       99.01
11433167  0357       99.01
11433865  0357      198.02
11434350  0357       99.01
11546168  0357       92.53
11580362  0357      106.03
11584952  0357       99.01
11594236  0357      121.34
11594524  0357       80.84
11596252  0357       99.01
11597667  0357       99.01
11598121  0357       86.51
11598207  0357       80.84
11598956  0357       86.51
11633896  0357       86.51
11651035  0357       99.01
11652405  0357       99.01
11653864  0357       99.01
11694358  0357       80.84
11695394  0357      161.68
11749469  0357       99.01
11783201  0357      106.03
11784637  0357       80.84
11786325  0357      121.34
11786432  0357       92.58
11787653  0357      198.02
11787807  0357       99.01
11788587  0357      212.06
11788630  0357      106.03
11790273  0357       99.01
11790818  0357      148.51
11791177  0357       99.01
11792127  0357       99.01
11792506  0357       80.84
11792846  0357       99.01
118087    0357       78.12
11879419  0357      106.03
11879750  0357      106.03
11881224  0357      121.34
11881668  0357      202.10
11881669  0357       80.84
11882080  0357       92.53
11882720  0357      121.34
11883300  0357      198.02
11949766  0357      121.34
12011761  0357      242.68
12018571  0357      138.79
12018729  0357       80.84
12019816  0357       92.53
12020535  0357      113.40
12021559  0357      106.03
12022428  0357      106.03
12023306  0357      113.40
12023981  0357      148.51
12024178  0357       99.01
12024179  0357       99.01
12025294  0357      148.51
12025488  0357       80.84
12025491  0357       80.84
12026565  0357       99.01
12027260  0357       99.01
12027527  0357       80.84
12027928  0357       80.84
12027973  0357      212.06
1218058   0357      145.40
12241212  0357      121.26
12243077  0357       80.84
12244707  0357       80.84
12247738  0357      148.51
12248400  0357      202.10
12248755  0357      106.03
12248784  0357      173.02
12248960  0357       99.01
12279667  0357       99.01
12314254  0357      283.50
1232375   0357      103.73
12370670  0357      113.40
1239070   0357      125.24
12434895  0357       86.51
12435757  0357      121.26
12435759  0357      110.01
12527456  0357       92.53
12534356  0357       99.01
12536172  0357       99.01
12536549  0357      113.40
1254062   0357      119.22
1257983   0357      138.74
1258658   0357      131.72
1259324   0357      119.22
1260432   0357      131.72
1261562   0357      119.22
1262953   0357      185.60
1263302   0357      113.55
1263303   0357      131.72
1263991   0357      106.91
1265436   0357      131.72
1266723   0357       97.38
1269356   0357      277.47
12698409  0357       80.84
12698965  0357       80.84
12700553  0357       92.53
12701301  0357       80.84
12702273  0357       92.53
12704473  0357       86.51
12704482  0357      212.06
12704649  0357       99.01
12704927  0357       99.01
12705860  0357       99.01
12706171  0357       99.01
12706774  0357      212.06
12707136  0357       99.01
1272390   0357      119.22
1273369   0357      138.72
1277938   0357      119.22
1278407   0357      131.72
12848719  0357       99.01
12849330  0357      113.40
12851330  0357       99.01
12852888  0357       99.01
12878256  0357       99.01
12884972  0357       99.01
12934142  0357       92.53
12934525  0357       80.84
12935305  0357       99.01
12935606  0357       99.01
13032033  0357       99.01
13034237  0357       99.01
13035222  0357      121.34
13084488  0357       86.51
13084886  0357       92.53
13180551  0357       99.01
1318484   0357      125.24
13187816  0357      264.01
13188137  0357       86.51
13188604  0357      129.76
13264411  0357       99.01
13265462  0357       80.84
13265946  0357      148.51
13266369  0357       99.01
13268000  0357      161.68
13268185  0357      161.68
13268457  0357       92.53
13346269  0357      202.10
13408041  0357       86.51
13510172  0357       86.51
13510180  0357       80.84
13527636  0357      106.03
13566631  0357      121.34
13643981  0357      161.68
13643982  0357      121.26
13644051  0357       99.01
13644555  0357      202.10
13644665  0357       99.01
13644680  0357      265.07
13652653  0357       80.84
13674854  0357      106.03
13678857  0357       80.84
13774187  0357       80.84
13774684  0357       99.01
13775452  0357       80.84
13775808  0357       80.84
13777181  0357      121.26
13785046  0357       80.84
13785661  0357       99.01
13785997  0357       92.53
13786181  0357       99.01
13787208  0357       99.01
13787741  0357       80.84
13842354  0357       99.01
13843775  0357       99.01
13856268  0357       99.01
13868652  0357       99.01
13880177  0357       80.84
13905892  0357       80.84
13986119  0357       99.01
13990906  0357      159.04
14003086  0357       92.53
14030527  0357       80.84
14031045  0357       99.01
1404429   0357      172.24
14093727  0357      148.51
14094806  0357      106.03
14143188  0357       92.53
14159223  0357      161.68
14270811  0357      202.10
1431183   0357      131.72
14335445  0357       92.53
1433726   0357      131.72
14372299  0357      106.03
14372818  0357      390.96
14376347  0357       99.01
14398946  0357       99.01
14399267  0357      129.76
14405196  0357       99.01
14513487  0357       80.84
14590375  0357       86.51
14607589  0357      129.76
14649126  0357       80.84
14825867  0357       99.01
14877805  0357      106.03
14877859  0357      113.40
14879704  0357      121.26
14880827  0357      106.03
15170350  0357       86.51
15177340  0357      106.03
15177867  0357      161.68
15306151  0357      231.32
15306996  0357       92.53
15352095  0357       99.01
15444811  0357      106.03
15448608  0357       99.01
15597541  0357       80.84
15598043  0357       80.84
15598319  0357       99.01
15598933  0357       80.84
15599928  0357      129.76
15668851  0357       86.51
15729233  0357      148.51
15729536  0357      216.27
15827139  0357      106.03
15959808  0357       80.84
16001576  0357       80.84
16137706  0357       92.53
16138119  0357      148.51
1631390   0357      183.67
16324090  0357       99.01
16594051  0357       86.51
16641426  0357       92.53
16736267  0357       99.01
17011869  0357      198.02
17012587  0357      247.52
17019549  0357       99.01
17033256  0357       80.84
17104175  0357       99.01
17306742  0357       80.84
1737075   0357      125.24
17379215  0357      129.76
17504786  0357       86.51
17572385  0357      198.02
17626132  0357      173.02
1763812   0357      185.60
1764349   0357      113.55
1765295   0357      150.01
1769938   0357      128.12
1778800   0357      101.90
17965237  0357      148.51
18058393  0357       80.84
18263579  0357      148.51
18263756  0357       99.01
1834693   0357       97.38
18471327  0357       99.01
1854577   0357      131.72
18656459  0357      148.51
18785684  0357       80.84
18950730  0357       80.84
1906129   0357      131.72
19166206  0357      202.10
19262723  0357       99.01
1926999   0357      138.74
19827450  0357       80.84
19850185  0357      202.10
19973112  0357       99.01
20187870  0357      173.02
20189202  0357      113.40
20235584  0357      173.02
2030572   0357      125.24
2033664   0357      154.05
20348834  0357      121.26
20351464  0357      198.02
2130876   0357      113.55
2157417   0357      385.12
2186056   0357      125.24
2189077   0357       93.25
2196831   0357      119.22
2198274   0357      145.74
2198799   0357      125.24
2199826   0357      119.22
2272067   0357      113.55
23156662  0357      155.16
2376223   0357      155.38
2380275   0357      138.74
2384661   0357      131.72
2529886   0357      131.72
2532585   0357      113.55
2533320   0357      144.51
2533977   0357      125.73
2534786   0357      111.91
2535843   0357      138.74
2536373   0357      138.74
2536795   0357      142.64
2538821   0357      132.24
2539425   0357      138.72
2539607   0357      138.74
2539943   0357      113.55
2541142   0357      131.72
2541439   0357      207.93
2541709   0357      137.76
2543654   0357      131.72
2543932   0357      119.22
2592064   0357      138.72
2592966   0357      138.73
2593377   0357      144.30
2593686   0357      125.24
2596405   0357      158.51
2597854   0357      130.51
2598033   0357      116.83
2598872   0357      122.45
2601437   0357      133.06
2603046   0357      119.79
2605117   0357      152.80
2605164   0357      126.84
2605539   0357      111.88
2605823   0357       97.32
2607322   0357      174.66
2608233   0357      172.58
2608304   0357      131.14
2608554   0357      130.51
2684589   0357      131.72
2741170   0357      146.21
2854705   0357      125.24
2870837   0357      125.13
2910376   0357      113.55
2910432   0357      128.12
2911765   0357      125.24
2912407   0357      113.55
2912692   0357      154.05
2913757   0357      128.03
2913809   0357      113.55
2914272   0357      136.75
2915293   0357      113.55
2915714   0357      131.72
2915780   0357      119.75
2916102   0357      111.91
2916362   0357      122.80
2916467   0357      119.22
2916786   0357      125.24
2918280   0357      329.29
2919212   0357      131.72
2992913   0357      113.55
3035349   0357      131.72
3039370   0357      150.88
3080057   0357      231.07
3080311   0357      131.72
3080984   0357       99.01
3081351   0357      138.72
3082505   0357      189.77
3083006   0357      131.72
3083065   0357      113.55
3083457   0357      106.18
3083843   0357      119.22
3084868   0357      137.00
3084978   0357      137.46
3085009   0357      146.18
3085276   0357      146.11
3090485   0357      171.09
3156003   0357      167.43
3234299   0357      146.11
3245420   0357      131.72
3314884   0357      113.13
3315121   0357      113.55
3315781   0357      113.55
3317339   0357      173.08
3317520   0357      148.16
3318589   0357      203.09
3318694   0357      180.01
3318719   0357      137.00
3319659   0357      119.22
3320986   0357      131.72
3322128   0357      144.51
3322284   0357      125.24
3322381   0357      132.24
3324110   0357      243.30
3324403   0357      154.05
3329806   0357      119.79
3353242   0357      179.12
3457632   0357      155.72
3528540   0357      176.15
3533360   0357      191.92
3534582   0357      161.84
3535445   0357      129.23
3535676   0357      136.41
3535838   0357      125.82
3538837   0357      177.21
3539352   0357      131.07
3541739   0357      153.30
3541975   0357       97.34
3542004   0357      106.03
3542015   0357      147.42
3554092   0357      138.74
3593839   0357      144.62
3598528   0357      128.70
3710064   0357       92.53
3759377   0357      116.98
3784066   0357      144.99
3784441   0357      182.29
3785251   0357      154.14
3792247   0357      145.40
3830110   0357      108.77
3855157   0357       97.32
3855577   0357      131.72
3856978   0357      121.20
3857004   0357      146.18
3857220   0357      155.00
3857667   0357      118.32
3857878   0357      125.89
3858323   0357      309.94
3858856   0357      106.03
3859230   0357      255.31
3864991   0357      181.53
3875055   0357       99.01
3877925   0357      212.06
3878006   0357       92.53
3963688   0357      186.77
3964337   0357      101.37
3965704   0357      138.14
3969513   0357      164.06
4001934   0357      201.36
4064149   0357      167.12
4065177   0357      119.22
4065584   0357       99.01
4065648   0357      211.61
4066245   0357      129.11
4067118   0357      177.64
4067735   0357       92.53
4067795   0357      130.51
4068788   0357      154.83
4071074   0357      121.34
4071241   0357      166.40
4107436   0357       92.53
4191539   0357      162.67
4193094   0357      409.06
4194671   0357      178.50
4195654   0357      126.99
4199927   0357      101.86
4200911   0357      126.58
4238916   0357      106.69
430240    0357      113.55
4317775   0357      106.03
4373204   0357      106.03
4373479   0357      154.83
4375498   0357      135.76
4375998   0357      129.56
4376813   0357       92.58
4377201   0357      122.71
437803    0357      131.72
4378140   0357      151.39
4378236   0357      124.10
4378283   0357      154.14
4378759   0357      106.03
4379154   0357      113.69
4381341   0357      138.78
4381614   0357       80.84
4382400   0357      240.45
4383023   0357      106.03
4383200   0357      108.77
4385047   0357      116.83
4386936   0357       92.53
4387777   0357      231.32
439023    0357      129.79
4409485   0357      106.03
4409788   0357      123.80
4409789   0357      161.68
4414417   0357      190.33
4414541   0357      148.13
4414909   0357      119.84
4415675   0357      130.46
443869    0357      131.72
4609506   0357      181.81
4610129   0357      122.45
4720170   0357      121.26
4720923   0357       99.01
4721016   0357       80.84
4721639   0357      113.55
4722680   0357      120.18
4722814   0357      131.20
4723168   0357      130.98
4723276   0357       92.53
4723403   0357      119.79
4724433   0357      116.83
4725919   0357      212.06
4727740   0357       92.53
4728331   0357      133.99
4729448   0357      103.54
4729575   0357      159.10
4730168   0357      106.03
4730490   0357      138.05
4730823   0357      224.96
4731322   0357      106.03
4731494   0357      167.94
4732090   0357      157.78
4732618   0357       86.51
4734527   0357       86.51
4735505   0357      113.55
4738424   0357      131.72
4739546   0357      189.99
4739796   0357      106.03
4754833   0357      179.73
4803744   0357      106.03
4827213   0357      166.82
4853128   0357      148.83
4882144   0357      113.73
5017295   0357       92.53
5022967   0357      122.71
5237805   0357       99.01
5238236   0357      116.98
5239261   0357      180.51
5240821   0357      153.18
5242545   0357      152.55
5244302   0357      173.10
5244483   0357       92.53
5244484   0357      167.94
5244765   0357      151.54
5245261   0357      106.03
5248926   0357      176.27
5248954   0357      163.62
5249259   0357       99.01
5249817   0357      106.03
5250965   0357      136.45
5251153   0357      208.02
5251214   0357      175.84
5252606   0357      212.06
5253930   0357      107.59
5254613   0357      200.79
5254952   0357      132.51
5255567   0357       99.01
5255641   0357      106.03
5257069   0357      167.25
5257175   0357      130.51
5257421   0357      113.40
5259121   0357      111.32
5259785   0357      144.33
5261116   0357       86.51
5261139   0357       99.01
5261250   0357      155.07
5261418   0357      164.01
5261643   0357       80.84
5263470   0357      151.70
5344986   0357       80.84
5435450   0357       86.51
5436619   0357      106.03
5436795   0357      120.06
5438690   0357       80.84
5439865   0357      283.50
5458236   0357       86.51
5461455   0357      130.54
5658043   0357       99.01
5688352   0357       99.01
5765952   0357       99.01
5779173   0357       99.01
5915261   0357      131.72
5921800   0357       80.84
5923624   0357      106.03
5925143   0357      106.03
5925949   0357       97.38
5935536   0357      265.07
5938630   0357       99.01
5938995   0357       99.01
6044716   0357      148.51
6125595   0357      202.10
6127630   0357      190.15
6238388   0357      121.34
6394853   0357      129.60
64800     0357      146.11
6537141   0357      128.09
6573443   0357      228.15
6573855   0357      113.40
6573893   0357       86.51
6575243   0357       92.53
6584406   0357      365.13
6634354   0357       99.01
6689708   0357       99.01
6690236   0357       99.01
6701344   0357       99.01
673822    0357      119.22
6841910   0357       80.84
7076647   0357       99.01
7211860   0357      106.03
7240399   0357       99.01
7300376   0357       80.84
7301470   0357      120.04
7305494   0357      130.51
7305781   0357      138.14
7308623   0357      171.27
7309317   0357       80.84
7309375   0357       92.53
7310425   0357      113.40
7310959   0357      154.14
7311233   0357      173.18
7311255   0357       80.84
7312149   0357       99.01
7313189   0357      131.14
7314050   0357       80.84
7314987   0357      113.40
7315048   0357      106.03
7315058   0357      247.52
7315331   0357       99.01
7316059   0357      113.40
7316139   0357      106.03
7316607   0357      207.93
7316959   0357      321.89
7317744   0357      227.09
7318041   0357      167.30
7319649   0357      212.06
7321787   0357       92.53
7322304   0357       92.53
7322780   0357       86.51
7322794   0357      181.17
7324725   0357      132.24
7325664   0357      155.74
7325721   0357      130.51
7325722   0357      235.54
7325778   0357       97.41
7328421   0357       80.84
7331943   0357       92.53
7332202   0357       80.84
7332734   0357      195.77
7333145   0357      106.03
7335642   0357       99.01
7337422   0357      153.26
7338055   0357      113.40
7340200   0357      125.24
7340742   0357      144.51
7340989   0357       80.84
7342107   0357       92.53
7342680   0357      131.72
7343605   0357       80.84
7344290   0357       92.53
7344465   0357      185.06
7347856   0357      154.97
7348137   0357       80.84
7348986   0357       99.01
7349428   0357      303.35
7349843   0357       80.84
7350162   0357      158.91
7350273   0357       92.53
7351297   0357      125.71
7352317   0357       92.53
7353364   0357      161.68
7353377   0357       99.01
7354064   0357       80.84
7354848   0357       97.41
7355837   0357      510.14
7355928   0357      145.05
7359478   0357      106.03
7360346   0357       86.51
7360517   0357       99.01
7363171   0357      147.31
7363652   0357       99.01
7365166   0357       99.01
7365545   0357       92.53
7367276   0357       80.84
7368710   0357      161.68
7369018   0357       99.01
7371154   0357       99.01
7372156   0357       80.84
7372973   0357      186.39
7373089   0357       86.51
7373215   0357      113.40
7374243   0357       86.51
7374616   0357      161.14
7377030   0357       86.51
7379256   0357      185.06
7380616   0357       80.84
7381553   0357       99.01
7382148   0357      183.16
7382532   0357       80.84
7384964   0357       99.01
7387544   0357      198.02
7388038   0357       80.84
7388080   0357       99.01
7388125   0357      106.03
7388199   0357      129.76
7391472   0357       92.53
7392153   0357      265.07
7393061   0357       92.53
7393144   0357      161.68
7395742   0357       97.35
7396051   0357      148.51
7398038   0357      135.11
7400031   0357       99.01
7401094   0357       99.01
7401380   0357       99.01
7401853   0357       80.84
7403123   0357       80.84
7403188   0357       92.53
7403563   0357       92.53
7406353   0357       99.01
7409730   0357       92.53
7410177   0357      121.34
7412535   0357      106.03
7412738   0357       86.51
7415285   0357      121.34
7415448   0357       99.01
7416870   0357       80.84
7417289   0357      161.68
7417791   0357      198.02
7418898   0357       80.84
7418939   0357       80.84
7419340   0357       92.53
7419740   0357       80.84
7419800   0357       99.01
7419866   0357      231.32
7420316   0357       99.01
7420429   0357      106.03
7423108   0357      106.03
7423415   0357       99.01
7423444   0357       99.01
7425063   0357       80.84
7425430   0357       99.01
7425900   0357       92.53
7426046   0357       99.01
7427359   0357       80.84
7427520   0357       99.01
7432253   0357      106.03
7435158   0357      202.10
7436077   0357      185.06
7437806   0357       80.84
7437808   0357       80.84
7438450   0357       99.01
7439597   0357      226.80
7439629   0357       99.01
7440809   0357      104.32
7442445   0357       99.01
7444497   0357      121.26
7444651   0357      106.03
7444842   0357       99.01
7444889   0357      226.80
7445661   0357       86.51
7446382   0357      106.03
7447067   0357      247.52
7447334   0357      113.40
7447992   0357       80.84
7449457   0357       86.51
7455429   0357       99.01
7455588   0357       99.01
7465820   0357      247.52
7466779   0357      218.32
7502836   0357      175.87
7548386   0357       86.51
7548420   0357       92.53
770342    0357      131.72
7917981   0357       99.01
7981510   0357      106.03
7982728   0357       80.84
7983170   0357       80.84
7985605   0357      118.83
7988969   0357       99.01
8054279   0357       92.58
8064487   0357      290.74
8068577   0357      182.36
8140450   0357      120.77
8594315   0357       99.01
8718789   0357      198.02
8734286   0357      106.03
9066082   0357      144.33
9100619   0357       99.01
9211039   0357       92.53
9261804   0357      106.03
9317884   0357      212.06
9433060   0357       99.01
9540404   0357      106.03
9540845   0357      170.10
9542018   0357      106.03
9542237   0357       92.53
9543530   0357      199.39
9544345   0357       86.51
9544429   0357      106.03
9544827   0357      106.03
9545198   0357      138.05
9545952   0357      172.81
9547148   0357       92.53
9551389   0357       99.01
9552709   0357       80.84
9553047   0357       92.53
9553149   0357       80.84
9555077   0357      169.88
9555609   0357       80.84
9555641   0357       99.01
9557148   0357      226.80
9557803   0357       86.51
9557875   0357       80.84
9557894   0357      191.34
9558628   0357       86.51
9560453   0357       80.84
9570736   0357       99.01
9601343   0357      247.52
9603154   0357       86.51
9603683   0357       99.01
9603870   0357       97.34
9604166   0357       92.53
9604592   0357      182.01
9607091   0357      146.18
9609337   0357       80.84
9609338   0357      198.02
9612117   0357      106.03
9612530   0357      247.52
9614364   0357      185.06
9615964   0357       99.01
9617493   0357      185.06
9620242   0357      212.06
9620248   0357      226.80
9620376   0357       99.01
9620599   0357      106.03
9620701   0357       92.53
9620720   0357       92.53
9621777   0357       80.84
9622347   0357       99.01
9624596   0357       80.84
9626082   0357       99.01
9626215   0357       92.53
9627150   0357      265.07
9627724   0357       80.84
9629963   0357      106.03
9631462   0357      106.03
9636806   0357       80.84
9638320   0357       99.01
9639201   0357       92.53
9845319   0357       86.51
9846320   0357      106.03
9848693   0357       92.53
9851993   0357       99.01
10107724  3357      121.34
10120357  3357       99.01
10121866  3357      106.03
10125466  3357       80.84
10126656  3357       99.01
10141786  3357       23.56
10312414  3357       92.53
10373550  3357       99.01
10639752  3357       80.84
10726693  3357       99.01
10760806  3357       80.84
10764554  3357      106.03
10770124  3357       99.01
10772668  3357       80.84
10774121  3357      106.03
10775520  3357       92.53
10776516  3357      121.34
10776915  3357       80.84
10777482  3357       80.84
10777645  3357       99.01
10778464  3357       80.84
10779723  3357       99.01
10820078  3357      106.03
10841061  3357       86.51
10841823  3357      121.34
10842205  3357       99.01
10843324  3357       99.01
10844575  3357      121.34
10844947  3357       99.01
10845717  3357       80.84
10845943  3357      246.39
10846532  3357      106.03
10846629  3357       99.01
10847648  3357       80.84
10848158  3357      113.40
10849906  3357       99.01
10849907  3357      106.03
10860593  3357       99.01
10903693  3357       80.84
10959957  3357       99.01
10960021  3357       99.01
10963442  3357      106.03
10963957  3357      106.03
10964062  3357       99.01
1108218   3357      125.24
1112379   3357      131.72
1115136   3357      199.60
11163187  3357       80.84
11177533  3357       80.84
11260715  3357       99.01
11261772  3357      121.34
11262378  3357       99.01
11263756  3357       80.84
11264041  3357       86.51
11264550  3357       92.53
11265527  3357      106.03
11266390  3357       99.01
11267811  3357       92.53
11267932  3357       80.84
11268437  3357      121.34
11269196  3357      113.40
1129535   3357      140.08
11414487  3357      106.03
11425214  3357       99.01
11426462  3357       92.53
11428034  3357       92.53
11429539  3357       99.01
11429792  3357       80.84
11429991  3357       99.01
11430700  3357       99.01
11433167  3357       99.01
11433865  3357       99.01
11434350  3357       99.01
11546168  3357       92.53
11580362  3357      106.03
11584952  3357       99.01
11594236  3357      121.34
11594524  3357       80.84
11596252  3357       99.01
11597667  3357       99.01
11598121  3357       86.51
11598207  3357       80.84
11598956  3357       86.51
11633896  3357       86.51
11651035  3357       99.01
11652405  3357       99.01
11653864  3357       99.01
11694358  3357       80.84
11695394  3357       80.84
11749469  3357       99.01
11783201  3357      106.03
11784637  3357       80.84
11786325  3357      121.34
11786432  3357       92.58
11787653  3357       99.01
11787807  3357       99.01
11788587  3357      106.03
11788630  3357      106.03
11790273  3357       99.01
11790818  3357       99.01
11791177  3357       99.01
11792127  3357       99.01
11792506  3357       80.84
11792846  3357       99.01
118087    3357       78.12
11879419  3357      106.03
11879750  3357      106.03
11881224  3357      121.34
11881668  3357       80.84
11881669  3357       80.84
11882080  3357       92.53
11882720  3357      121.34
11883300  3357       99.01
11949766  3357      121.34
12011761  3357      121.34
12018571  3357       92.53
12018729  3357       80.84
12019816  3357       92.53
12020535  3357      113.40
12021559  3357      106.03
12022428  3357      106.03
12023306  3357      113.40
12023981  3357       99.01
12024178  3357       99.01
12024179  3357       99.01
12025294  3357       99.01
12025488  3357       80.84
12025491  3357       80.84
12026565  3357       99.01
12027260  3357       99.01
12027527  3357       80.84
12027928  3357       80.84
12027973  3357      106.03
1218058   3357      145.40
12241212  3357       80.84
12243077  3357       80.84
12244707  3357       80.84
12247738  3357       99.01
12248400  3357       80.84
12248755  3357      106.03
12248784  3357       86.51
12248960  3357       99.01
12279667  3357       99.01
12314254  3357      113.40
1232375   3357      103.73
12370670  3357      113.40
1239070   3357      125.24
12434895  3357       86.51
12435757  3357       80.84
12435759  3357       73.34
12527456  3357       92.53
12534356  3357       99.01
12536172  3357       99.01
12536549  3357      113.40
1254062   3357      119.22
1257983   3357      138.74
1258658   3357      131.72
1259324   3357      119.22
1260432   3357      131.72
1261562   3357      119.22
1262953   3357      185.60
1263302   3357      113.55
1263303   3357      131.72
1263991   3357      106.91
1265436   3357      131.72
1266723   3357       97.38
1269356   3357      138.74
12698409  3357       80.84
12698965  3357       80.84
12700553  3357       92.53
12701301  3357       80.84
12702273  3357       92.53
12704473  3357       86.51
12704482  3357      106.03
12704649  3357       99.01
12704927  3357       99.01
12705860  3357       99.01
12706171  3357       99.01
12706774  3357      106.03
12707136  3357       99.01
1272390   3357      119.22
1273369   3357      138.72
1277938   3357      119.22
1278407   3357      131.72
12848719  3357       99.01
12849330  3357      113.40
12851330  3357       99.01
12852888  3357       99.01
12878256  3357       99.01
12884972  3357       99.01
12934142  3357       92.53
12934525  3357       80.84
12935305  3357       99.01
12935606  3357       99.01
13032033  3357       99.01
13034237  3357       99.01
13035222  3357      121.34
13084488  3357       86.51
13084886  3357       92.53
13180551  3357       99.01
1318484   3357      125.24
13187816  3357      176.01
13188137  3357       86.51
13188604  3357       86.51
13264411  3357       99.01
13265462  3357       80.84
13265946  3357       99.01
13266369  3357       99.01
13268000  3357       80.84
13268185  3357       80.84
13268457  3357       92.53
13346269  3357       80.84
13408041  3357       86.51
13510172  3357       86.51
13510180  3357       80.84
13527636  3357      106.03
13566631  3357      121.34
13643981  3357       80.84
13643982  3357       80.84
13644051  3357       99.01
13644555  3357       80.84
13644665  3357       99.01
13644680  3357      106.03
13652653  3357       80.84
13674854  3357      106.03
13678857  3357       80.84
13774187  3357       80.84
13774684  3357       99.01
13775452  3357       80.84
13775808  3357       80.84
13777181  3357       80.84
13785046  3357       80.84
13785661  3357       99.01
13785997  3357       92.53
13786181  3357       99.01
13787208  3357       99.01
13787741  3357       80.84
13842354  3357       99.01
13843775  3357       99.01
13856268  3357       99.01
13868652  3357       99.01
13880177  3357       80.84
13905892  3357       80.84
13986119  3357       99.01
13990906  3357      106.03
14003086  3357       92.53
14030527  3357       80.84
14031045  3357       99.01
1404429   3357      172.24
14093727  3357       99.01
14094806  3357      106.03
14143188  3357       92.53
14159223  3357       80.84
14270811  3357       80.84
1431183   3357      131.72
14335445  3357       92.53
1433726   3357      131.72
14372299  3357      106.03
14372818  3357      156.38
14376347  3357       99.01
14398946  3357       99.01
14399267  3357       86.51
14405196  3357       99.01
14513487  3357       80.84
14590375  3357       86.51
14607589  3357       86.51
14649126  3357       80.84
14825867  3357       99.01
14877805  3357      106.03
14877859  3357      113.40
14879704  3357       80.84
14880827  3357      106.03
15170350  3357       86.51
15177340  3357      106.03
15177867  3357       80.84
15306151  3357       92.53
15306996  3357       92.53
15352095  3357       99.01
15444811  3357      106.03
15448608  3357       99.01
15597541  3357       80.84
15598043  3357       80.84
15598319  3357       99.01
15598933  3357       80.84
15599928  3357       86.51
15668851  3357       86.51
15729233  3357       99.01
15729536  3357       86.51
15827139  3357      106.03
15959808  3357       80.84
16001576  3357       80.84
16137706  3357       92.53
16138119  3357       99.01
1631390   3357      183.67
16324090  3357       99.01
16594051  3357       86.51
16641426  3357       92.53
16736267  3357       99.01
17011869  3357       99.01
17012587  3357       99.01
17019549  3357       99.01
17033256  3357       80.84
17104175  3357       99.01
17306742  3357       80.84
1737075   3357      125.24
17379215  3357       86.51
17504786  3357       86.51
17572385  3357       99.01
17626132  3357       86.51
1763812   3357      185.60
1764349   3357      113.55
1765295   3357       75.01
1769938   3357      128.12
1778800   3357      101.90
17965237  3357       99.01
18058393  3357       80.84
18263579  3357       99.01
18263756  3357       99.01
1834693   3357       97.38
18471327  3357       99.01
1854577   3357      131.72
18656459  3357       99.01
18785684  3357       80.84
18950730  3357       80.84
1906129   3357      131.72
19166206  3357       80.84
19262723  3357       99.01
1926999   3357      138.74
19827450  3357       80.84
19850185  3357       80.84
19973112  3357       99.01
20187870  3357       86.51
20189202  3357      113.40
20235584  3357       86.51
2030572   3357      125.24
2033664   3357      154.05
20348834  3357       80.84
20351464  3357       99.01
2130876   3357      113.55
2157417   3357      154.05
2186056   3357      125.24
2189077   3357       93.25
2196831   3357      119.22
2198274   3357      145.74
2198799   3357      125.24
2199826   3357      119.22
2272067   3357      113.55
23156662  3357      155.16
2376223   3357      155.38
2380275   3357      138.74
2384661   3357      131.72
2529886   3357      131.72
2532585   3357      113.55
2533320   3357      144.51
2533977   3357      125.73
2534786   3357      111.91
2535843   3357      138.74
2536373   3357      138.74
2536795   3357      142.64
2538821   3357      132.24
2539425   3357      138.72
2539607   3357      138.74
2539943   3357      113.55
2541142   3357      131.72
2541439   3357      207.93
2541709   3357      137.76
2543654   3357      131.72
2543932   3357      119.22
2592064   3357      138.72
2592966   3357      138.73
2593377   3357      144.30
2593686   3357      125.24
2596405   3357      158.51
2597854   3357      130.51
2598033   3357      116.83
2598872   3357      122.45
2601437   3357      133.06
2603046   3357      119.79
2605117   3357      152.80
2605164   3357      126.84
2605539   3357      111.88
2605823   3357       97.32
2607322   3357      174.66
2608233   3357      172.58
2608304   3357      131.14
2608554   3357      130.51
2684589   3357      131.72
2741170   3357      146.21
2854705   3357      125.24
2870837   3357      125.13
2910376   3357      113.55
2910432   3357      128.12
2911765   3357      125.24
2912407   3357      113.55
2912692   3357      154.05
2913757   3357      128.03
2913809   3357      113.55
2914272   3357      136.75
2915293   3357      113.55
2915714   3357      131.72
2915780   3357      119.75
2916102   3357      111.91
2916362   3357      122.80
2916467   3357      119.22
2916786   3357      125.24
2918280   3357      131.72
2919212   3357      131.72
2992913   3357      113.55
3035349   3357      131.72
3039370   3357      150.88
3080057   3357      154.05
3080311   3357      131.72
3080984   3357       99.01
3081351   3357      138.72
3082505   3357      189.77
3083006   3357      131.72
3083065   3357      113.55
3083457   3357      106.18
3083843   3357      119.22
3084868   3357      137.00
3084978   3357      137.46
3085009   3357      146.18
3085276   3357      146.11
3090485   3357      171.09
3156003   3357      167.43
3234299   3357      146.11
3245420   3357      131.72
3314884   3357      113.13
3315121   3357      113.55
3315781   3357      113.55
3317339   3357      173.08
3317520   3357      148.16
3318589   3357      203.09
3318694   3357      180.01
3318719   3357      137.00
3319659   3357      119.22
3320986   3357      131.72
3322128   3357      144.51
3322284   3357      125.24
3322381   3357      132.24
3324110   3357      243.30
3324403   3357      154.05
3329806   3357      119.79
3353242   3357      179.12
3457632   3357      155.72
3528540   3357      176.15
3533360   3357      191.92
3534582   3357      161.84
3535445   3357      129.23
3535676   3357      136.41
3535838   3357      125.82
3538837   3357      177.21
3539352   3357      131.07
3541739   3357      153.30
3541975   3357       97.34
3542004   3357      106.03
3542015   3357      147.42
3554092   3357      138.74
3593839   3357      144.62
3598528   3357      128.70
3710064   3357       92.53
3759377   3357      116.98
3784066   3357      144.99
3784441   3357      182.29
3785251   3357      154.14
3792247   3357      145.40
3830110   3357      108.77
3855157   3357       97.32
3855577   3357      131.72
3856978   3357      121.20
3857004   3357      146.18
3857220   3357      155.00
3857667   3357      118.32
3857878   3357      125.89
3858323   3357      154.97
3858856   3357      106.03
3859230   3357      170.21
3864991   3357      181.53
3875055   3357       99.01
3877925   3357      106.03
3878006   3357       92.53
3963688   3357      186.77
3964337   3357      101.37
3965704   3357      138.14
3969513   3357      164.06
4001934   3357      201.36
4064149   3357      167.12
4065177   3357      119.22
4065584   3357       99.01
4065648   3357      211.61
4066245   3357      129.11
4067118   3357      177.64
4067735   3357       92.53
4067795   3357      130.51
4068788   3357      154.83
4071074   3357      121.34
4071241   3357      166.40
4107436   3357       92.53
4191539   3357      162.67
4193094   3357      163.62
4194671   3357      178.50
4195654   3357      126.99
4199927   3357      101.86
4200911   3357      126.58
4238916   3357      106.69
430240    3357      113.55
4317775   3357      106.03
4373204   3357      106.03
4373479   3357      154.83
4375498   3357      135.76
4375998   3357      129.56
4376813   3357       92.58
4377201   3357      122.71
437803    3357      131.72
4378140   3357      151.39
4378236   3357      124.10
4378283   3357      154.14
4378759   3357      106.03
4379154   3357      113.69
4381341   3357      138.78
4381614   3357       80.84
4382400   3357      160.30
4383023   3357      106.03
4383200   3357      108.77
4385047   3357      116.83
4386936   3357       92.53
4387777   3357       92.53
439023    3357      129.79
4409485   3357      106.03
4409788   3357      123.80
4409789   3357       80.84
4414417   3357      190.33
4414541   3357      148.13
4414909   3357      119.84
4415675   3357      130.46
443869    3357      131.72
4609506   3357      181.81
4610129   3357      122.45
4720170   3357       80.84
4720923   3357       99.01
4721016   3357       80.84
4721639   3357      113.55
4722680   3357      120.18
4722814   3357      131.20
4723168   3357      130.98
4723276   3357       92.53
4723403   3357      119.79
4724433   3357      116.83
4725919   3357      106.03
4727740   3357       92.53
4728331   3357      133.99
4729448   3357      103.54
4729575   3357      159.10
4730168   3357      106.03
4730490   3357      138.05
4730823   3357      224.96
4731322   3357      106.03
4731494   3357      167.94
4732090   3357      157.78
4732618   3357       86.51
4734527   3357       86.51
4735505   3357      113.55
4738424   3357      131.72
4739546   3357      189.99
4739796   3357      106.03
4754833   3357      179.73
4803744   3357      106.03
4827213   3357      166.82
4853128   3357      148.83
4882144   3357      113.73
5017295   3357       92.53
5022967   3357      122.71
5237805   3357       99.01
5238236   3357      116.98
5239261   3357      180.51
5240821   3357      153.18
5242545   3357      152.55
5244302   3357      173.10
5244483   3357       92.53
5244484   3357      167.94
5244765   3357      151.54
5245261   3357      106.03
5248926   3357      176.27
5248954   3357      163.62
5249259   3357       99.01
5249817   3357      106.03
5250965   3357      136.45
5251153   3357      208.02
5251214   3357      175.84
5252606   3357      106.03
5253930   3357      107.59
5254613   3357      200.79
5254952   3357      132.51
5255567   3357       99.01
5255641   3357      106.03
5257069   3357      167.25
5257175   3357      130.51
5257421   3357      113.40
5259121   3357      111.32
5259785   3357      144.33
5261116   3357       86.51
5261139   3357       99.01
5261250   3357      155.07
5261418   3357      164.01
5261643   3357       80.84
5263470   3357      151.70
5344986   3357       80.84
5435450   3357       86.51
5436619   3357      106.03
5436795   3357      120.06
5438690   3357       80.84
5439865   3357      113.40
5458236   3357       86.51
5461455   3357      130.54
5658043   3357       99.01
5688352   3357       99.01
5765952   3357       99.01
5779173   3357       99.01
5915261   3357      131.72
5921800   3357       80.84
5923624   3357      106.03
5925143   3357      106.03
5925949   3357       97.38
5935536   3357      106.03
5938630   3357       99.01
5938995   3357       99.01
6044716   3357       99.01
6125595   3357       80.84
6127630   3357      190.15
6238388   3357      121.34
6394853   3357      129.60
64800     3357      146.11
6537141   3357      128.09
6573443   3357      228.15
6573855   3357      113.40
6573893   3357       86.51
6575243   3357       92.53
6584406   3357      146.05
6634354   3357       99.01
6689708   3357       99.01
6690236   3357       99.01
6701344   3357       99.01
673822    3357      119.22
6841910   3357       80.84
7076647   3357       99.01
7211860   3357      106.03
7240399   3357       99.01
7300376   3357       80.84
7301470   3357      120.04
7305494   3357      130.51
7305781   3357      138.14
7308623   3357      171.27
7309317   3357       80.84
7309375   3357       92.53
7310425   3357      113.40
7310959   3357      154.14
7311233   3357      173.18
7311255   3357       80.84
7312149   3357       99.01
7313189   3357      131.14
7314050   3357       80.84
7314987   3357      113.40
7315048   3357      106.03
7315058   3357       99.01
7315331   3357       99.01
7316059   3357      113.40
7316139   3357      106.03
7316607   3357      207.93
7316959   3357      160.94
7317744   3357      113.55
7318041   3357      167.30
7319649   3357      106.03
7321787   3357       92.53
7322304   3357       92.53
7322780   3357       86.51
7322794   3357      181.17
7324725   3357      132.24
7325664   3357      155.74
7325721   3357      130.51
7325722   3357      235.54
7325778   3357       97.41
7328421   3357       80.84
7331943   3357       92.53
7332202   3357       80.84
7332734   3357      130.51
7333145   3357      106.03
7335642   3357       99.01
7337422   3357      153.26
7338055   3357      113.40
7340200   3357      125.24
7340742   3357      144.51
7340989   3357       80.84
7342107   3357       92.53
7342680   3357      131.72
7343605   3357       80.84
7344290   3357       92.53
7344465   3357       92.53
7347856   3357      154.97
7348137   3357       80.84
7348986   3357       99.01
7349428   3357      121.34
7349843   3357       80.84
7350162   3357      158.91
7350273   3357       92.53
7351297   3357      125.71
7352317   3357       92.53
7353364   3357       80.84
7353377   3357       99.01
7354064   3357       80.84
7354848   3357       97.41
7355837   3357      204.06
7355928   3357      145.05
7359478   3357      106.03
7360346   3357       86.51
7360517   3357       99.01
7363171   3357      147.31
7363652   3357       99.01
7365166   3357       99.01
7365545   3357       92.53
7367276   3357       80.84
7368710   3357       80.84
7369018   3357       99.01
7371154   3357       99.01
7372156   3357       80.84
7372973   3357      186.39
7373089   3357       86.51
7373215   3357      113.40
7374243   3357       86.51
7374616   3357      161.14
7377030   3357       86.51
7379256   3357       92.53
7380616   3357       80.84
7381553   3357       99.01
7382148   3357      183.16
7382532   3357       80.84
7384964   3357       99.01
7387544   3357       99.01
7388038   3357       80.84
7388080   3357       99.01
7388125   3357      106.03
7388199   3357       86.51
7391472   3357       92.53
7392153   3357      106.03
7393061   3357       92.53
7393144   3357       80.84
7395742   3357       97.35
7396051   3357       99.01
7398038   3357      135.11
7400031   3357       99.01
7401094   3357       99.01
7401380   3357       99.01
7401853   3357       80.84
7403123   3357       80.84
7403188   3357       92.53
7403563   3357       92.53
7406353   3357       99.01
7409730   3357       92.53
7410177   3357      121.34
7412535   3357      106.03
7412738   3357       86.51
7415285   3357      121.34
7415448   3357       99.01
7416870   3357       80.84
7417289   3357       80.84
7417791   3357       99.01
7418898   3357       80.84
7418939   3357       80.84
7419340   3357       92.53
7419740   3357       80.84
7419800   3357       99.01
7419866   3357       92.53
7420316   3357       99.01
7420429   3357      106.03
7423108   3357      106.03
7423415   3357       99.01
7423444   3357       99.01
7425063   3357       80.84
7425430   3357       99.01
7425900   3357       92.53
7426046   3357       99.01
7427359   3357       80.84
7427520   3357       99.01
7432253   3357      106.03
7435158   3357       80.84
7436077   3357       92.53
7437806   3357       80.84
7437808   3357       80.84
7438450   3357       99.01
7439597   3357      113.40
7439629   3357       99.01
7440809   3357      104.32
7442445   3357       99.01
7444497   3357       80.84
7444651   3357      106.03
7444842   3357       99.01
7444889   3357      113.40
7445661   3357       86.51
7446382   3357      106.03
7447067   3357       99.01
7447334   3357      113.40
7447992   3357       80.84
7449457   3357       86.51
7455429   3357       99.01
7455588   3357       99.01
7465820   3357       99.01
7466779   3357      218.32
7502836   3357      175.87
7548386   3357       86.51
7548420   3357       92.53
770342    3357      131.72
7917981   3357       99.01
7981510   3357      106.03
7982728   3357       80.84
7983170   3357       80.84
7985605   3357      118.83
7988969   3357       99.01
8054279   3357       92.58
8064487   3357      145.37
8068577   3357      182.36
8140450   3357      120.77
8594315   3357       99.01
8718789   3357       99.01
8734286   3357      106.03
9066082   3357      144.33
9100619   3357       99.01
9211039   3357       92.53
9261804   3357      106.03
9317884   3357      106.03
9433060   3357       99.01
9540404   3357      106.03
9540845   3357      113.40
9542018   3357      106.03
9542237   3357       92.53
9543530   3357      199.39
9544345   3357       86.51
9544429   3357      106.03
9544827   3357      106.03
9545198   3357      138.05
9545952   3357      172.81
9547148   3357       92.53
9551389   3357       99.01
9552709   3357       80.84
9553047   3357       92.53
9553149   3357       80.84
9555077   3357      169.88
9555609   3357       80.84
9555641   3357       99.01
9557148   3357      113.40
9557803   3357       86.51
9557875   3357       80.84
9557894   3357      191.34
9558628   3357       86.51
9560453   3357       80.84
9570736   3357       99.01
9601343   3357       99.01
9603154   3357       86.51
9603683   3357       99.01
9603870   3357       97.34
9604166   3357       92.53
9604592   3357      121.34
9607091   3357      146.18
9609337   3357       80.84
9609338   3357       99.01
9612117   3357      106.03
9612530   3357       99.01
9614364   3357       92.53
9615964   3357       99.01
9617493   3357       92.53
9620242   3357      106.03
9620248   3357      113.40
9620376   3357       99.01
9620599   3357      106.03
9620701   3357       92.53
9620720   3357       92.53
9621777   3357       80.84
9622347   3357       99.01
9624596   3357       80.84
9626082   3357       99.01
9626215   3357       92.53
9627150   3357      106.03
9627724   3357       80.84
9629963   3357      106.03
9631462   3357      106.03
9636806   3357       80.84
9638320   3357       99.01
9639201   3357       92.53
9845319   3357       86.51
9846320   3357      106.03
9848693   3357       92.53
9851993   3357       99.01
