10107724  0357      103.36
10120357  0357      126.51
10121866  0357      225.80
10125466  0357       68.86
10126656  0357       84.34
10141786  0357       90.32
10312414  0357       78.82
10373550  0357      168.68
10639752  0357       68.86
10726693  0357       84.34
10760806  0357       68.86
10764554  0357       90.32
10770124  0357       84.34
10772668  0357       68.86
10774121  0357       90.32
10775520  0357      157.64
10776516  0357      103.36
10776915  0357       68.86
10777482  0357       68.86
10777645  0357      126.51
10778464  0357       68.86
10779723  0357       84.34
10784623  0357       84.34
10794552  0357       84.34
10820078  0357       90.32
10840266  0357       84.34
10841061  0357       73.69
10841823  0357      103.36
10842205  0357       84.34
10843324  0357      210.85
10844575  0357      206.72
10844947  0357       84.34
10845717  0357       68.86
10845943  0357      103.36
10846474  0357       84.34
10846532  0357       90.32
10846629  0357       84.34
10846940  0357      168.68
10846985  0357       84.34
10847648  0357       68.86
10848158  0357       96.60
10849906  0357       84.34
10849907  0357       90.32
10860593  0357       84.34
10903693  0357       68.86
10959957  0357       84.34
10960021  0357       84.34
10963442  0357       90.32
10963957  0357       90.32
10964062  0357      168.68
1108218   0357      111.51
1112379   0357      117.03
1115136   0357      184.91
11163187  0357       68.86
11177533  0357       68.86
11260715  0357       84.34
11261772  0357      103.36
11262378  0357       84.34
11263756  0357       68.86
11264465  0357       84.34
11264550  0357       78.82
11265496  0357       84.34
11265527  0357       90.32
11266390  0357      168.68
11267811  0357      157.64
11267932  0357      137.72
11268437  0357      103.36
11269196  0357       96.60
1129535   0357      124.35
11414487  0357       90.32
11425214  0357       84.34
11425449  0357       84.34
11426462  0357       78.82
11428034  0357       78.82
11428889  0357      210.85
11429539  0357      168.68
11429792  0357       68.86
11429991  0357      126.51
11430700  0357       84.34
11433167  0357       84.34
11433865  0357      168.68
11434350  0357       84.34
11546168  0357       78.82
11580362  0357       90.32
11584952  0357       84.34
11586448  0357       84.34
11589730  0357      168.68
11594236  0357      103.36
11594524  0357       68.86
11596252  0357       84.34
11597667  0357       84.34
11598121  0357       73.69
11598207  0357       68.86
11598956  0357       73.69
11633896  0357       73.69
11645810  0357       84.34
11651035  0357       25.67
11651090  0357       84.34
11652405  0357       84.34
11653864  0357       84.34
11694358  0357       68.86
11694758  0357       84.34
11695394  0357      137.72
11749469  0357       84.34
11783201  0357       90.32
11783366  0357      103.36
11784637  0357       68.86
11786325  0357      103.36
11786432  0357       73.69
11787653  0357      168.68
11787807  0357       84.34
11788587  0357      180.64
11788630  0357       90.32
11790273  0357       84.34
11790818  0357      126.51
11791177  0357       84.34
11792506  0357       68.86
11792846  0357       84.34
118087    0357       71.38
11878930  0357       84.34
11879419  0357       90.32
11879750  0357       90.32
11881224  0357      103.36
11881668  0357      172.16
11881669  0357       68.86
11882080  0357       78.82
11882720  0357      103.36
11883300  0357      168.68
11949766  0357      103.36
12011761  0357      206.72
12018571  0357      118.23
12018729  0357       68.86
12018852  0357       84.34
12019816  0357       78.82
12020535  0357       96.60
12021559  0357       90.32
12021966  0357       84.34
12022428  0357       90.32
12023306  0357       96.60
12023981  0357      126.51
12024178  0357       84.34
12024179  0357       84.34
12025294  0357      126.51
12025488  0357       68.86
12025491  0357       68.86
12026565  0357       84.34
12027093  0357       84.34
12027260  0357       84.34
12027527  0357       68.86
12027928  0357       68.86
12027973  0357      180.64
12080554  0357       84.34
1218058   0357      128.69
12241212  0357      103.29
12242270  0357       84.34
12243077  0357       68.86
12244707  0357       68.86
12247738  0357      126.51
12248400  0357      172.16
12248755  0357       90.32
12248784  0357      147.38
12248960  0357       84.34
12249178  0357      103.36
12279667  0357       84.34
12314254  0357      241.50
1232375   0357       93.19
12369466  0357       84.34
12370670  0357       96.60
1239070   0357      111.51
12434895  0357       73.69
12435304  0357       84.34
12435757  0357      103.29
12435759  0357      210.85
12527456  0357       78.82
12534356  0357       84.34
12536172  0357       84.34
12536549  0357       96.60
1254062   0357      106.38
1257983   0357      123.01
1258658   0357      117.03
1259324   0357      106.38
1260432   0357      117.03
1261562   0357      106.38
1262953   0357      170.91
1263302   0357      101.55
1263303   0357      117.03
1263991   0357       95.90
1265436   0357      117.03
1266723   0357       87.78
12691465  0357       84.34
1269356   0357      246.03
12698409  0357       68.86
12698965  0357       68.86
12700553  0357       78.82
12701276  0357       84.34
12701301  0357       68.86
12702273  0357       78.82
12704473  0357       73.69
12704482  0357      180.64
12704649  0357       84.34
12704927  0357       84.34
12705860  0357       84.34
12706171  0357       84.34
12706774  0357      180.64
12707136  0357       84.34
1272390   0357      106.38
1273369   0357      124.03
1277938   0357      106.38
1278407   0357      117.03
12848719  0357       84.34
12849330  0357       96.60
12851330  0357       84.34
12852888  0357       84.34
12858616  0357      126.51
12878256  0357       84.34
12884972  0357       84.34
12934142  0357       78.82
12934525  0357       68.86
12935305  0357       84.34
12935606  0357       84.34
13032012  0357      137.72
13032033  0357       84.34
13034237  0357       84.34
13035222  0357      103.36
13084488  0357       73.69
13084886  0357       78.82
13180551  0357       84.34
1318484   0357      111.51
13187744  0357      168.68
13187816  0357      110.54
13188137  0357       73.69
13188604  0357      110.54
13264411  0357       84.34
13265462  0357       68.86
13265946  0357      126.51
13266369  0357       84.34
13268000  0357      137.72
13268185  0357      137.72
13268457  0357       78.82
13268537  0357      126.51
13343258  0357       68.86
13346269  0357      172.16
13408041  0357       73.69
13510172  0357       73.69
13510180  0357       68.86
13527636  0357       90.32
13566631  0357      103.36
13643981  0357      137.72
13643982  0357      103.29
13644051  0357       84.34
13644555  0357      172.16
13644665  0357       84.34
13644680  0357      225.80
13652653  0357       68.86
13674854  0357       90.32
13678214  0357       84.34
13678857  0357       68.86
13679940  0357       84.34
13724134  0357      126.51
13774187  0357       68.86
13774684  0357       84.34
13775452  0357       68.86
13775808  0357       68.86
13777181  0357      103.29
13785046  0357       68.86
13785661  0357       84.34
13785997  0357       78.82
13786181  0357       84.34
13787208  0357       84.34
13787741  0357       68.86
13842354  0357       84.34
13843775  0357       84.34
13856268  0357       84.34
13867427  0357      126.51
13868652  0357       84.34
13880177  0357       68.86
13880981  0357       84.34
13905892  0357       68.86
13986119  0357       84.34
13990906  0357      135.48
14003086  0357       78.82
14030527  0357       68.86
14031045  0357       84.34
14031497  0357      210.85
1404429   0357      154.25
14093727  0357      126.51
14094806  0357       90.32
14143188  0357       78.82
14159223  0357      137.72
14176129  0357       84.34
14176671  0357       84.34
14270811  0357      172.16
14293118  0357      126.51
1431183   0357      117.03
14335445  0357       78.82
14335539  0357       84.34
1433726   0357      117.03
14372299  0357       90.32
14372818  0357      353.92
14376347  0357       84.34
14398946  0357       84.34
14399267  0357      110.54
14405196  0357       84.34
14405401  0357       84.34
14513487  0357       68.86
14590375  0357       73.69
14607589  0357      110.54
14648947  0357       84.34
14649126  0357       68.86
14810540  0357      126.51
14825867  0357       84.34
14877620  0357       84.34
14877805  0357       90.32
14877859  0357       96.60
14879704  0357      103.29
14880827  0357       90.32
15170350  0357       73.69
15177340  0357       90.32
15177867  0357      137.72
15306151  0357      197.05
15306996  0357       78.82
15352095  0357       84.34
15444811  0357       90.32
15448608  0357       84.34
15597541  0357       68.86
15598043  0357       68.86
15598319  0357       84.34
15598510  0357      168.68
15598933  0357       68.86
15599928  0357      110.54
15668151  0357      168.68
15668851  0357       73.69
15690244  0357       68.86
15729233  0357      126.51
15729536  0357      184.23
15778630  0357      126.51
15827139  0357       90.32
15959808  0357       68.86
16001576  0357       68.86
16137706  0357       78.82
16138119  0357      126.51
1631390   0357      169.27
16324090  0357       84.34
16594051  0357       73.69
16641426  0357       78.82
16736267  0357       84.34
16770549  0357       84.34
16788972  0357      168.68
16796439  0357      137.72
17011869  0357      168.68
17012587  0357      210.85
17019549  0357       84.34
17033230  0357       68.86
17033256  0357       68.86
17104175  0357       84.34
17306742  0357       68.86
1737075   0357      111.51
17379215  0357      110.54
17504786  0357       73.69
17572385  0357      168.68
17574055  0357      184.23
17626132  0357      147.38
1763812   0357      170.91
1764349   0357      101.55
1765295   0357      137.45
1769938   0357      114.40
17965237  0357      126.51
18058393  0357       68.86
18059918  0357       84.34
18263579  0357      126.51
18263756  0357       84.34
1834693   0357       87.78
18471327  0357       84.34
18618969  0357       68.86
18656459  0357      126.51
18785684  0357       68.86
18950730  0357       68.86
1906129   0357      117.03
19166206  0357      172.16
19262723  0357       84.34
1926999   0357      123.01
19324610  0357      168.68
19827450  0357       68.86
19850185  0357      172.16
19973112  0357       84.34
20187870  0357      147.38
20189202  0357       96.60
20235584  0357      147.38
2030572   0357      111.51
2033664   0357      136.05
20348834  0357      103.29
20351464  0357      168.68
21140944  0357      103.29
2130876   0357      101.55
2157417   0357      340.14
2186056   0357      111.51
2189077   0357       84.27
2196831   0357      106.38
2198274   0357      130.01
2198799   0357      111.51
2199826   0357      106.38
2272067   0357      101.55
23156662  0357      138.04
2376223   0357      137.39
2380275   0357      123.01
2384661   0357      117.03
2529886   0357      117.03
2532585   0357      101.55
2533320   0357      128.97
2533977   0357      111.93
2534786   0357      100.16
2535843   0357      123.01
2536373   0357      123.01
2536795   0357      126.34
2538821   0357      118.51
2539607   0357      123.01
2539943   0357      101.55
2541142   0357      117.03
2541439   0357      189.93
2541709   0357      122.18
2543654   0357      117.03
2543932   0357      106.38
2592064   0357      123.00
2592966   0357      123.01
2593377   0357      127.75
2593686   0357      111.51
2596405   0357      144.01
2597854   0357      116.01
2598033   0357      104.35
2598872   0357      109.14
2601437   0357      118.37
2603046   0357      106.87
2605117   0357      134.99
2605164   0357      113.91
2605539   0357      100.14
2605823   0357       87.73
2607322   0357      153.62
2608233   0357      153.29
2608304   0357      116.54
2608554   0357      116.01
2684589   0357      117.03
2741170   0357      130.42
2854705   0357      111.51
2870837   0357      112.46
2910376   0357      101.55
2910432   0357      114.40
2911765   0357      111.51
2912407   0357      101.55
2912692   0357      136.05
2913757   0357      114.32
2913809   0357      101.55
2914272   0357      121.32
2915293   0357      101.55
2915714   0357      117.03
2915780   0357      107.27
2916102   0357      100.16
2916362   0357      109.44
2916467   0357      106.38
2916786   0357      111.51
2918280   0357      292.58
2992913   0357      101.55
3035349   0357      117.03
3039370   0357      133.61
3080057   0357      204.08
3080311   0357      117.03
3080984   0357       84.34
3081351   0357      124.03
3082505   0357      174.73
3083006   0357      117.03
3083065   0357      101.55
3083457   0357       95.28
3083843   0357      106.38
3084868   0357      121.54
3084978   0357      122.97
3085009   0357      129.35
3085276   0357      129.29
3090485   0357      152.02
3156003   0357      155.43
3234299   0357      129.29
3245420   0357      117.03
3314884   0357      101.20
3315121   0357      101.55
3315781   0357      101.55
3317339   0357      155.26
3317520   0357      131.04
3318589   0357      177.83
3318694   0357      158.17
3318719   0357      121.54
3319659   0357      106.38
3320986   0357      117.03
3322128   0357      130.01
3322284   0357      111.51
3322381   0357      117.48
3324084   0357       84.34
3324110   0357      220.63
3324403   0357      136.05
3329806   0357      106.87
3353242   0357      165.39
3457632   0357      145.47
3528540   0357      154.88
3533360   0357      168.32
3535445   0357      114.91
3535676   0357      122.07
3535838   0357      112.26
3538837   0357      156.82
3539352   0357      116.48
3541739   0357      135.42
3541975   0357       87.75
3542004   0357       90.32
3542015   0357      131.64
3554092   0357      123.01
3593839   0357      128.02
3598528   0357      114.46
3710064   0357       78.82
3759377   0357      104.90
3784066   0357      128.34
3784441   0357      161.63
3785251   0357      136.13
3792247   0357      128.69
3830110   0357       97.49
3855157   0357       87.73
3855577   0357      117.03
3856978   0357      109.54
3857004   0357      129.35
3857220   0357      136.87
3857667   0357      106.66
3857878   0357      112.07
3858323   0357      273.68
3858856   0357       90.32
3859230   0357      224.73
3864991   0357      159.47
3875055   0357       84.34
3877925   0357      180.64
3878006   0357       78.82
3963688   0357      163.93
3964093   0357       84.34
3964337   0357       91.18
3965704   0357      123.54
3969513   0357      146.03
4001934   0357      179.05
4064149   0357      148.64
4065177   0357      106.38
4065584   0357       84.34
4065648   0357      190.91
4066245   0357      115.07
4067118   0357      159.26
4067735   0357       78.82
4067795   0357      116.01
4068788   0357      138.17
4071074   0357      103.36
4071241   0357      154.56
4107436   0357       78.82
4191539   0357      144.85
4193094   0357      360.53
4194671   0357      158.55
4195654   0357      113.43
4199927   0357       91.60
4200911   0357      112.85
4238916   0357       95.71
430240    0357      101.55
4317775   0357       90.32
4373204   0357       90.32
4373479   0357      138.17
4375498   0357      120.47
4375998   0357      115.19
4376813   0357       73.69
4377201   0357      109.36
437803    0357      117.03
4378140   0357      135.64
4378236   0357      110.55
4378283   0357      136.13
4378759   0357       90.32
4379154   0357      102.71
4381341   0357      123.05
4381614   0357       68.86
4382400   0357      213.63
4383023   0357       90.32
4383200   0357       97.49
4385047   0357      104.35
4386936   0357       96.60
4387777   0357      197.05
439023    0357      115.39
4409485   0357       90.32
4409788   0357      110.29
4409789   0357      137.72
4414417   0357      169.43
4414541   0357      132.05
4414909   0357      106.91
4415675   0357      115.97
443869    0357      117.03
4609506   0357      161.15
4610129   0357      109.14
4720170   0357      103.29
4720923   0357       84.34
4721016   0357       68.86
4721639   0357      101.55
4722680   0357      109.28
4722814   0357      116.60
4723168   0357      118.90
4723276   0357       78.82
4723403   0357      106.87
4724433   0357      104.35
4725919   0357      180.64
4727740   0357       78.82
4728331   0357      120.43
4729448   0357       93.03
4729575   0357      141.40
4730168   0357       90.32
4730490   0357      122.43
4730823   0357      199.44
4731322   0357       90.32
4731494   0357      148.93
4732090   0357      142.03
4732618   0357       73.69
4734527   0357       73.69
4734940   0357       68.86
4735505   0357      101.55
4738424   0357      117.03
4739546   0357      169.83
4739796   0357       90.32
4754833   0357      159.31
4803744   0357       90.32
4805842   0357       84.34
4827213   0357      147.97
4853128   0357      132.91
4882144   0357      102.75
5017295   0357       78.82
5022967   0357      109.36
5237805   0357       84.34
5238236   0357      104.90
5239261   0357      158.60
5240821   0357      136.35
5242545   0357      134.78
5244302   0357      160.26
5244483   0357       78.82
5244484   0357      148.93
5244765   0357      133.92
5245261   0357       90.32
5248926   0357      157.30
5248954   0357      147.02
5249259   0357       84.34
5249817   0357       90.32
5250965   0357      121.07
5251153   0357      190.01
5251214   0357      156.69
5252606   0357      180.64
5253930   0357       96.48
5254613   0357      183.86
5254952   0357      117.71
5255567   0357       84.34
5255641   0357       90.32
5257069   0357      148.48
5257175   0357      116.01
5257421   0357       96.60
5257727   0357      210.85
5257774   0357       84.34
5259121   0357       99.66
5259785   0357      128.81
5261116   0357       73.69
5261139   0357       84.34
5261250   0357      139.00
5261418   0357      144.54
5261643   0357       68.86
5263470   0357      135.09
5344986   0357       68.86
5435450   0357       73.69
5436619   0357       90.32
5436795   0357      108.26
5438690   0357       68.86
5439480   0357       84.34
5439865   0357      241.50
5458236   0357       73.69
5461455   0357      116.03
5605414   0357      168.68
5658043   0357       84.34
5688352   0357       84.34
5765952   0357       84.34
5779173   0357       84.34
5915261   0357      117.03
5921128   0357       84.34
5921800   0357       68.86
5923624   0357       90.32
5925143   0357       90.32
5925949   0357       87.78
5929492   0357       84.34
5935536   0357      225.80
5938630   0357       25.67
5938995   0357       84.34
6044716   0357      126.51
6125595   0357      172.16
6127630   0357      168.88
6238388   0357      103.36
6394853   0357      116.61
64800     0357      129.29
6537141   0357      116.02
6573443   0357      203.11
6573855   0357       96.60
6573893   0357       73.69
6575243   0357       78.82
6575301   0357       84.34
6584406   0357      323.11
6634354   0357       84.34
6689708   0357       84.34
6690236   0357       84.34
6701343   0357       84.34
6701344   0357       84.34
6701453   0357       84.34
673822    0357      106.38
6841910   0357       68.86
7076647   0357       84.34
7211860   0357       90.32
7240399   0357       84.34
7300376   0357       68.86
7301470   0357      108.37
7305494   0357      116.01
7305781   0357      123.54
7308623   0357      149.56
7309317   0357       68.86
7309375   0357       78.82
7310425   0357       96.60
7310959   0357      136.13
7311233   0357      152.35
7311255   0357       68.86
7312149   0357       84.34
7313189   0357      116.54
7314050   0357       68.86
7314987   0357       96.60
7315048   0357       90.32
7315058   0357      210.85
7315331   0357       84.34
7316059   0357       96.60
7316139   0357       90.32
7316607   0357      189.93
7316959   0357      283.86
7317744   0357      203.11
7318041   0357      149.42
7319649   0357      180.64
7321787   0357       78.82
7322304   0357       78.82
7322780   0357       73.69
7322794   0357      165.06
7324725   0357      117.48
7325664   0357      145.48
7325721   0357      116.01
7325722   0357      214.50
7325778   0357       87.81
7328421   0357       68.86
7330948   0357       84.34
7331943   0357       78.82
7332202   0357       68.86
7332734   0357      174.01
7333145   0357       90.32
7333526   0357      137.72
7335642   0357       84.34
7337422   0357      136.91
7337778   0357       68.86
7338055   0357       96.60
7340200   0357      111.51
7340742   0357      130.01
7340989   0357       68.86
7342107   0357       78.82
7342680   0357      117.03
7343605   0357       68.86
7344290   0357       78.82
7344465   0357      157.64
7347856   0357      136.84
7348137   0357       68.86
7348986   0357       84.34
7349428   0357      258.41
7349843   0357       68.86
7350162   0357      140.19
7350273   0357       78.82
7351297   0357      113.07
7352317   0357       78.82
7353364   0357      137.72
7353377   0357       84.34
7354064   0357       68.86
7354848   0357       87.81
7355837   0357      460.92
7355928   0357      129.43
7359478   0357       90.32
7360346   0357       73.69
7360517   0357       84.34
7363171   0357      132.85
7363652   0357       84.34
7365166   0357       84.34
7365545   0357       78.82
7367276   0357       68.86
7368710   0357      137.72
7369018   0357       84.34
7371154   0357       84.34
7372156   0357       68.86
7372973   0357      174.29
7373089   0357       73.69
7373215   0357       96.60
7374243   0357       73.69
7374616   0357      143.13
7377030   0357       73.69
7377579   0357       84.34
7379256   0357      157.64
7380616   0357       68.86
7381553   0357       84.34
7382148   0357      160.86
7382532   0357       68.86
7384964   0357       84.34
7387544   0357      168.68
7388038   0357       68.86
7388080   0357       84.34
7388125   0357       90.32
7388199   0357      110.54
7389581   0357       84.34
7391472   0357       78.82
7392153   0357      225.80
7393061   0357       78.82
7393144   0357      137.72
7395742   0357       87.75
7396051   0357      126.51
7398038   0357      122.00
7400031   0357       84.34
7401094   0357       84.34
7401380   0357       84.34
7401853   0357       68.86
7403123   0357       68.86
7403188   0357       78.82
7403563   0357       78.82
7406353   0357       84.34
7408531   0357       84.34
7409730   0357       78.82
7410177   0357      103.36
7412535   0357       90.32
7412738   0357       73.69
7415285   0357      103.36
7415448   0357       84.34
7416870   0357       68.86
7417289   0357      137.72
7417791   0357      168.68
7418898   0357       68.86
7418939   0357       68.86
7419340   0357       78.82
7419740   0357       68.86
7419800   0357       84.34
7419866   0357      197.05
7420316   0357       84.34
7420429   0357       90.32
7423108   0357       90.32
7423415   0357       84.34
7423444   0357       84.34
7425063   0357       68.86
7425430   0357       84.34
7425900   0357       78.82
7426046   0357       84.34
7427359   0357       68.86
7427520   0357       84.34
7429274   0357       84.34
7432253   0357       90.32
7434591   0357      210.85
7435158   0357      172.16
7436077   0357      157.64
7436996   0357       84.34
7437806   0357       68.86
7437808   0357       68.86
7438450   0357       84.34
7439597   0357      193.20
7439617   0357       84.34
7439629   0357       84.34
7440809   0357       94.73
7442445   0357       84.34
7444497   0357      103.29
7444651   0357       90.32
7444842   0357       84.34
7444889   0357      193.20
7445661   0357       73.69
7446382   0357       90.32
7446644   0357       84.34
7447067   0357      210.85
7447334   0357       96.60
7447992   0357       68.86
7449457   0357       73.69
7455429   0357       84.34
7455588   0357       84.34
7461704   0357       84.34
7465820   0357      210.85
7465910   0357       84.34
7466779   0357      194.95
7466870   0357       84.34
7502836   0357      156.72
7548386   0357       73.69
7548420   0357       78.82
770342    0357      117.03
7917981   0357       84.34
7981510   0357       90.32
7982728   0357       68.86
7982865   0357       90.32
7983170   0357       68.86
7984159   0357       84.34
7985605   0357      107.10
7988969   0357       84.34
8054279   0357       73.69
8064487   0357      259.79
8068577   0357      165.79
8069571   0357       84.34
8140450   0357      107.71
8594315   0357       84.34
8718789   0357      168.68
8734286   0357       90.32
9066082   0357      128.81
9100619   0357       84.34
9211039   0357       78.82
9261804   0357       90.32
9317884   0357      180.64
9433060   0357       84.34
9540404   0357       90.32
9540845   0357      144.90
9542018   0357       90.32
9542237   0357       78.82
9543174   0357       84.34
9543530   0357      177.79
9544179   0357       84.34
9544345   0357       73.69
9544429   0357       90.32
9544827   0357       90.32
9545198   0357      122.43
9545952   0357      155.18
9546474   0357       84.34
9547148   0357       78.82
9551389   0357       84.34
9552709   0357       68.86
9553039   0357       84.34
9553047   0357       78.82
9553149   0357       68.86
9555077   0357      149.54
9555609   0357       68.86
9555641   0357       84.34
9557148   0357      193.20
9557803   0357       73.69
9557875   0357       68.86
9557894   0357      176.85
9558628   0357       73.69
9560453   0357       68.86
9570736   0357       84.34
9572755   0357       84.34
9577605   0357       84.34
9601343   0357      210.85
9603154   0357       73.69
9603683   0357       84.34
9603870   0357       87.75
9604166   0357       78.82
9604592   0357      155.04
9607091   0357      129.35
9608547   0357       84.34
9609337   0357       68.86
9609338   0357      168.68
9612117   0357      250.89
9612530   0357      210.85
9612692   0357       84.34
9614364   0357      157.64
9615563   0357       84.34
9615964   0357       84.34
9617493   0357      157.64
9620242   0357      180.64
9620248   0357      193.20
9620376   0357       84.34
9620599   0357       90.32
9620701   0357       78.82
9620720   0357       78.82
9621777   0357       68.86
9622347   0357       84.34
9624370   0357      103.36
9624596   0357       68.86
9625361   0357       84.34
9625933   0357      168.68
9626082   0357       84.34
9626215   0357       78.82
9627150   0357      225.80
9627523   0357      168.68
9627724   0357       68.86
9629963   0357       90.32
9631462   0357       90.32
9634554   0357       84.34
9634674   0357       84.34
9636806   0357       68.86
9638320   0357       84.34
9639201   0357       78.82
9845319   0357       73.69
9846320   0357       90.32
9847068   0357       78.82
9847350   0357       84.34
9848693   0357       78.82
9850403   0357       84.34
9851111   0357       84.34
9851993   0357       84.34
10107724  3357      103.36
10120357  3357       84.34
10121866  3357       90.32
10125466  3357       68.86
10126656  3357       84.34
10141786  3357       90.32
10312414  3357       78.82
10373550  3357       84.34
10639752  3357       68.86
10726693  3357       84.34
10760806  3357       68.86
10764554  3357       90.32
10770124  3357       84.34
10772668  3357       68.86
10774121  3357       90.32
10775520  3357       78.82
10776516  3357      103.36
10776915  3357       68.86
10777482  3357       68.86
10777645  3357       84.34
10778464  3357       68.86
10779723  3357       84.34
10784623  3357       84.34
10794552  3357       84.34
10820078  3357       90.32
10840266  3357       84.34
10841061  3357       73.69
10841823  3357      103.36
10842205  3357       84.34
10843324  3357       84.34
10844575  3357      103.36
10844947  3357       84.34
10845717  3357       68.86
10845943  3357      103.36
10846474  3357       84.34
10846532  3357       90.32
10846629  3357       84.34
10846940  3357       84.34
10846985  3357       84.34
10847648  3357       68.86
10848158  3357       96.60
10849906  3357       84.34
10849907  3357       90.32
10860593  3357       84.34
10903693  3357       68.86
10959957  3357       84.34
10960021  3357       84.34
10963442  3357       90.32
10963957  3357       90.32
10964062  3357       84.34
1108218   3357      111.51
1112379   3357      117.03
1115136   3357      184.91
11163187  3357       68.86
11177533  3357       68.86
11260715  3357       84.34
11261772  3357      103.36
11262378  3357       84.34
11263756  3357       68.86
11264465  3357       84.34
11264550  3357       78.82
11265496  3357       84.34
11265527  3357       90.32
11266390  3357       84.34
11267811  3357       78.82
11267932  3357       68.86
11268437  3357      103.36
11269196  3357       96.60
1129535   3357      124.35
11414487  3357       90.32
11425214  3357       84.34
11425449  3357       84.34
11426462  3357       78.82
11428034  3357       78.82
11428889  3357       84.34
11429539  3357       84.34
11429792  3357       68.86
11429991  3357       84.34
11430700  3357       84.34
11433167  3357       84.34
11433865  3357       84.34
11434350  3357       84.34
11546168  3357       78.82
11580362  3357       90.32
11584952  3357       84.34
11586448  3357       84.34
11589730  3357       84.34
11594236  3357      103.36
11594524  3357       68.86
11596252  3357       84.34
11597667  3357       84.34
11598121  3357       73.69
11598207  3357       68.86
11598956  3357       73.69
11633896  3357       73.69
11645810  3357       84.34
11651035  3357       25.67
11651090  3357       84.34
11652405  3357       84.34
11653864  3357       84.34
11694358  3357       68.86
11694758  3357       84.34
11695394  3357       68.86
11749469  3357       84.34
11783201  3357       90.32
11783366  3357      103.36
11784637  3357       68.86
11786325  3357      103.36
11786432  3357       73.69
11787653  3357       84.34
11787807  3357       84.34
11788587  3357       90.32
11788630  3357       90.32
11790273  3357       84.34
11790818  3357       84.34
11791177  3357       84.34
11792506  3357       68.86
11792846  3357       84.34
118087    3357       71.38
11878930  3357       84.34
11879419  3357       90.32
11879750  3357       90.32
11881224  3357      103.36
11881668  3357       68.86
11881669  3357       68.86
11882080  3357       78.82
11882720  3357      103.36
11883300  3357       84.34
11949766  3357      103.36
12011761  3357      103.36
12018571  3357       78.82
12018729  3357       68.86
12018852  3357       84.34
12019816  3357       78.82
12020535  3357       96.60
12021559  3357       90.32
12021966  3357       84.34
12022428  3357       90.32
12023306  3357       96.60
12023981  3357       84.34
12024178  3357       84.34
12024179  3357       84.34
12025294  3357       84.34
12025488  3357       68.86
12025491  3357       68.86
12026565  3357       84.34
12027093  3357       84.34
12027260  3357       84.34
12027527  3357       68.86
12027928  3357       68.86
12027973  3357       90.32
12080554  3357       84.34
1218058   3357      128.69
12241212  3357       68.86
12242270  3357       84.34
12243077  3357       68.86
12244707  3357       68.86
12247738  3357       84.34
12248400  3357       68.86
12248755  3357       90.32
12248784  3357       73.69
12248960  3357       84.34
12249178  3357      103.36
12279667  3357       84.34
12314254  3357       96.60
1232375   3357       93.19
12369466  3357       84.34
12370670  3357       96.60
1239070   3357      111.51
12434895  3357       73.69
12435304  3357       84.34
12435757  3357       68.86
12435759  3357       84.34
12527456  3357       78.82
12534356  3357       84.34
12536172  3357       84.34
12536549  3357       96.60
1254062   3357      106.38
1257983   3357      123.01
1258658   3357      117.03
1259324   3357      106.38
1260432   3357      117.03
1261562   3357      106.38
1262953   3357      170.91
1263302   3357      101.55
1263303   3357      117.03
1263991   3357       95.90
1265436   3357      117.03
1266723   3357       87.78
12691465  3357       84.34
1269356   3357      123.01
12698409  3357       68.86
12698965  3357       68.86
12700553  3357       78.82
12701276  3357       84.34
12701301  3357       68.86
12702273  3357       78.82
12704473  3357       73.69
12704482  3357       90.32
12704649  3357       84.34
12704927  3357       84.34
12705860  3357       84.34
12706171  3357       84.34
12706774  3357       90.32
12707136  3357       84.34
1272390   3357      106.38
1273369   3357      124.03
1277938   3357      106.38
1278407   3357      117.03
12848719  3357       84.34
12849330  3357       96.60
12851330  3357       84.34
12852888  3357       84.34
12858616  3357       84.34
12878256  3357       84.34
12884972  3357       84.34
12934142  3357       78.82
12934525  3357       68.86
12935305  3357       84.34
12935606  3357       84.34
13032012  3357       68.86
13032033  3357       84.34
13034237  3357       84.34
13035222  3357      103.36
13084488  3357       73.69
13084886  3357       78.82
13180551  3357       84.34
1318484   3357      111.51
13187744  3357       84.34
13187816  3357       73.69
13188137  3357       73.69
13188604  3357       73.69
13264411  3357       84.34
13265462  3357       68.86
13265946  3357       84.34
13266369  3357       84.34
13268000  3357       68.86
13268185  3357       68.86
13268457  3357       78.82
13268537  3357       84.34
13343258  3357       68.86
13346269  3357       68.86
13408041  3357       73.69
13510172  3357       73.69
13510180  3357       68.86
13527636  3357       90.32
13566631  3357      103.36
13643981  3357       68.86
13643982  3357       68.86
13644051  3357       84.34
13644555  3357       68.86
13644665  3357       84.34
13644680  3357       90.32
13652653  3357       68.86
13674854  3357       90.32
13678214  3357       84.34
13678857  3357       68.86
13679940  3357       84.34
13724134  3357       84.34
13774187  3357       68.86
13774684  3357       84.34
13775452  3357       68.86
13775808  3357       68.86
13777181  3357       68.86
13785046  3357       68.86
13785661  3357       84.34
13785997  3357       78.82
13786181  3357       84.34
13787208  3357       84.34
13787741  3357       68.86
13842354  3357       84.34
13843775  3357       84.34
13856268  3357       84.34
13867427  3357       84.34
13868652  3357       84.34
13880177  3357       68.86
13880981  3357       84.34
13905892  3357       68.86
13986119  3357       84.34
13990906  3357       90.32
14003086  3357       78.82
14030527  3357       68.86
14031045  3357       84.34
14031497  3357       84.34
1404429   3357      154.25
14093727  3357       84.34
14094806  3357       90.32
14143188  3357       78.82
14159223  3357       68.86
14176129  3357       84.34
14176671  3357       84.34
14270811  3357       68.86
14293118  3357       84.34
1431183   3357      117.03
14335445  3357       78.82
14335539  3357       84.34
1433726   3357      117.03
14372299  3357       90.32
14372818  3357      141.57
14376347  3357       84.34
14398946  3357       84.34
14399267  3357       73.69
14405196  3357       84.34
14405401  3357       84.34
14513487  3357       68.86
14590375  3357       73.69
14607589  3357       73.69
14648947  3357       84.34
14649126  3357       68.86
14810540  3357       84.34
14825867  3357       84.34
14877620  3357       84.34
14877805  3357       90.32
14877859  3357       96.60
14879704  3357       68.86
14880827  3357       90.32
15170350  3357       73.69
15177340  3357       90.32
15177867  3357       68.86
15306151  3357       78.82
15306996  3357       78.82
15352095  3357       84.34
15444811  3357       90.32
15448608  3357       84.34
15597541  3357       68.86
15598043  3357       68.86
15598319  3357       84.34
15598510  3357       84.34
15598933  3357       68.86
15599928  3357       73.69
15668151  3357       84.34
15668851  3357       73.69
15690244  3357       68.86
15729233  3357       84.34
15729536  3357       73.69
15778630  3357       84.34
15827139  3357       90.32
15959808  3357       68.86
16001576  3357       68.86
16137706  3357       78.82
16138119  3357       84.34
1631390   3357      169.27
16324090  3357       84.34
16594051  3357       73.69
16641426  3357       78.82
16736267  3357       84.34
16770549  3357       84.34
16788972  3357       84.34
16796439  3357       68.86
17011869  3357       84.34
17012587  3357       84.34
17019549  3357       84.34
17033230  3357       68.86
17033256  3357       68.86
17104175  3357       84.34
17306742  3357       68.86
1737075   3357      111.51
17379215  3357       73.69
17504786  3357       73.69
17572385  3357       84.34
17574055  3357       73.69
17626132  3357       73.69
1763812   3357      170.91
1764349   3357      101.55
1765295   3357       68.72
1769938   3357      114.40
17965237  3357       84.34
18058393  3357       68.86
18059918  3357       84.34
18263579  3357       84.34
18263756  3357       84.34
1834693   3357       87.78
18471327  3357       84.34
18618969  3357       68.86
18656459  3357       84.34
18785684  3357       68.86
18950730  3357       68.86
1906129   3357      117.03
19166206  3357       68.86
19262723  3357       84.34
1926999   3357      123.01
19324610  3357       84.34
19827450  3357       68.86
19850185  3357       68.86
19973112  3357       84.34
20187870  3357       73.69
20189202  3357       96.60
20235584  3357       73.69
2030572   3357      111.51
2033664   3357      136.05
20348834  3357       68.86
20351464  3357       84.34
21140944  3357       68.86
2130876   3357      101.55
2157417   3357      136.05
2186056   3357      111.51
2189077   3357       84.27
2196831   3357      106.38
2198274   3357      130.01
2198799   3357      111.51
2199826   3357      106.38
2272067   3357      101.55
23156662  3357      138.04
2376223   3357      137.39
2380275   3357      123.01
2384661   3357      117.03
2529886   3357      117.03
2532585   3357      101.55
2533320   3357      128.97
2533977   3357      111.93
2534786   3357      100.16
2535843   3357      123.01
2536373   3357      123.01
2536795   3357      126.34
2538821   3357      118.51
2539607   3357      123.01
2539943   3357      101.55
2541142   3357      117.03
2541439   3357      189.93
2541709   3357      122.18
2543654   3357      117.03
2543932   3357      106.38
2592064   3357      123.00
2592966   3357      123.01
2593377   3357      127.75
2593686   3357      111.51
2596405   3357      144.01
2597854   3357      116.01
2598033   3357      104.35
2598872   3357      109.14
2601437   3357      118.37
2603046   3357      106.87
2605117   3357      134.99
2605164   3357      113.91
2605539   3357      100.14
2605823   3357       87.73
2607322   3357      153.62
2608233   3357      153.29
2608304   3357      116.54
2608554   3357      116.01
2684589   3357      117.03
2741170   3357      130.42
2854705   3357      111.51
2870837   3357      112.46
2910376   3357      101.55
2910432   3357      114.40
2911765   3357      111.51
2912407   3357      101.55
2912692   3357      136.05
2913757   3357      114.32
2913809   3357      101.55
2914272   3357      121.32
2915293   3357      101.55
2915714   3357      117.03
2915780   3357      107.27
2916102   3357      100.16
2916362   3357      109.44
2916467   3357      106.38
2916786   3357      111.51
2918280   3357      117.03
2992913   3357      101.55
3035349   3357      117.03
3039370   3357      133.61
3080057   3357      136.05
3080311   3357      117.03
3080984   3357       84.34
3081351   3357      124.03
3082505   3357      174.73
3083006   3357      117.03
3083065   3357      101.55
3083457   3357       95.28
3083843   3357      106.38
3084868   3357      121.54
3084978   3357      122.97
3085009   3357      129.35
3085276   3357      129.29
3090485   3357      152.02
3156003   3357      155.43
3234299   3357      129.29
3245420   3357      117.03
3314884   3357      101.20
3315121   3357      101.55
3315781   3357      101.55
3317339   3357      155.26
3317520   3357      131.04
3318589   3357      177.83
3318694   3357      158.17
3318719   3357      121.54
3319659   3357      106.38
3320986   3357      117.03
3322128   3357      130.01
3322284   3357      111.51
3322381   3357      117.48
3324084   3357       84.34
3324110   3357      220.63
3324403   3357      136.05
3329806   3357      106.87
3353242   3357      165.39
3457632   3357      145.47
3528540   3357      154.88
3533360   3357      168.32
3535445   3357      114.91
3535676   3357      122.07
3535838   3357      112.26
3538837   3357      156.82
3539352   3357      116.48
3541739   3357      135.42
3541975   3357       87.75
3542004   3357       90.32
3542015   3357      131.64
3554092   3357      123.01
3593839   3357      128.02
3598528   3357      114.46
3710064   3357       78.82
3759377   3357      104.90
3784066   3357      128.34
3784441   3357      161.63
3785251   3357      136.13
3792247   3357      128.69
3830110   3357       97.49
3855157   3357       87.73
3855577   3357      117.03
3856978   3357      109.54
3857004   3357      129.35
3857220   3357      136.87
3857667   3357      106.66
3857878   3357      112.07
3858323   3357      136.84
3858856   3357       90.32
3859230   3357      149.82
3864991   3357      159.47
3875055   3357       84.34
3877925   3357       90.32
3878006   3357       78.82
3963688   3357      163.93
3964093   3357       84.34
3964337   3357       91.18
3965704   3357      123.54
3969513   3357      146.03
4001934   3357      179.05
4064149   3357      148.64
4065177   3357      106.38
4065584   3357       84.34
4065648   3357      190.91
4066245   3357      115.07
4067118   3357      159.26
4067735   3357       78.82
4067795   3357      116.01
4068788   3357      138.17
4071074   3357      103.36
4071241   3357      154.56
4107436   3357       78.82
4191539   3357      144.85
4193094   3357      144.21
4194671   3357      158.55
4195654   3357      113.43
4199927   3357       91.60
4200911   3357      112.85
4238916   3357       95.71
430240    3357      101.55
4317775   3357       90.32
4373204   3357       90.32
4373479   3357      138.17
4375498   3357      120.47
4375998   3357      115.19
4376813   3357       73.69
4377201   3357      109.36
437803    3357      117.03
4378140   3357      135.64
4378236   3357      110.55
4378283   3357      136.13
4378759   3357       90.32
4379154   3357      102.71
4381341   3357      123.05
4381614   3357       68.86
4382400   3357      142.42
4383023   3357       90.32
4383200   3357       97.49
4385047   3357      104.35
4386936   3357       96.60
4387777   3357       78.82
439023    3357      115.39
4409485   3357       90.32
4409788   3357      110.29
4409789   3357       68.86
4414417   3357      169.43
4414541   3357      132.05
4414909   3357      106.91
4415675   3357      115.97
443869    3357      117.03
4609506   3357      161.15
4610129   3357      109.14
4720170   3357       68.86
4720923   3357       84.34
4721016   3357       68.86
4721639   3357      101.55
4722680   3357      109.28
4722814   3357      116.60
4723168   3357      118.90
4723276   3357       78.82
4723403   3357      106.87
4724433   3357      104.35
4725919   3357       90.32
4727740   3357       78.82
4728331   3357      120.43
4729448   3357       93.03
4729575   3357      141.40
4730168   3357       90.32
4730490   3357      122.43
4730823   3357      199.44
4731322   3357       90.32
4731494   3357      148.93
4732090   3357      142.03
4732618   3357       73.69
4734527   3357       73.69
4734940   3357       68.86
4735505   3357      101.55
4738424   3357      117.03
4739546   3357      169.83
4739796   3357       90.32
4754833   3357      159.31
4803744   3357       90.32
4805842   3357       84.34
4827213   3357      147.97
4853128   3357      132.91
4882144   3357      102.75
5017295   3357       78.82
5022967   3357      109.36
5237805   3357       84.34
5238236   3357      104.90
5239261   3357      158.60
5240821   3357      136.35
5242545   3357      134.78
5244302   3357      160.26
5244483   3357       78.82
5244484   3357      148.93
5244765   3357      133.92
5245261   3357       90.32
5248926   3357      157.30
5248954   3357      147.02
5249259   3357       84.34
5249817   3357       90.32
5250965   3357      121.07
5251153   3357      190.01
5251214   3357      156.69
5252606   3357       90.32
5253930   3357       96.48
5254613   3357      183.86
5254952   3357      117.71
5255567   3357       84.34
5255641   3357       90.32
5257069   3357      148.48
5257175   3357      116.01
5257421   3357       96.60
5257727   3357       84.34
5257774   3357       84.34
5259121   3357       99.66
5259785   3357      128.81
5261116   3357       73.69
5261139   3357       84.34
5261250   3357      139.00
5261418   3357      144.54
5261643   3357       68.86
5263470   3357      135.09
5344986   3357       68.86
5435450   3357       73.69
5436619   3357       90.32
5436795   3357      108.26
5438690   3357       68.86
5439480   3357       84.34
5439865   3357       96.60
5458236   3357       73.69
5461455   3357      116.03
5605414   3357       84.34
5658043   3357       84.34
5688352   3357       84.34
5765952   3357       84.34
5779173   3357       84.34
5915261   3357      117.03
5921128   3357       84.34
5921800   3357       68.86
5923624   3357       90.32
5925143   3357       90.32
5925949   3357       87.78
5929492   3357       84.34
5935536   3357       90.32
5938630   3357       25.67
5938995   3357       84.34
6044716   3357       84.34
6125595   3357       68.86
6127630   3357      168.88
6238388   3357      103.36
6394853   3357      116.61
64800     3357      129.29
6537141   3357      116.02
6573443   3357      203.11
6573855   3357       96.60
6573893   3357       73.69
6575243   3357       78.82
6575301   3357       84.34
6584406   3357      129.24
6634354   3357       84.34
6689708   3357       84.34
6690236   3357       84.34
6701343   3357       84.34
6701344   3357       84.34
6701453   3357       84.34
673822    3357      106.38
6841910   3357       68.86
7076647   3357       84.34
7211860   3357       90.32
7240399   3357       84.34
7300376   3357       68.86
7301470   3357      108.37
7305494   3357      116.01
7305781   3357      123.54
7308623   3357      149.56
7309317   3357       68.86
7309375   3357       78.82
7310425   3357       96.60
7310959   3357      136.13
7311233   3357      152.35
7311255   3357       68.86
7312149   3357       84.34
7313189   3357      116.54
7314050   3357       68.86
7314987   3357       96.60
7315048   3357       90.32
7315058   3357       84.34
7315331   3357       84.34
7316059   3357       96.60
7316139   3357       90.32
7316607   3357      189.93
7316959   3357      141.93
7317744   3357      101.55
7318041   3357      149.42
7319649   3357       90.32
7321787   3357       78.82
7322304   3357       78.82
7322780   3357       73.69
7322794   3357      165.06
7324725   3357      117.48
7325664   3357      145.48
7325721   3357      116.01
7325722   3357      214.50
7325778   3357       87.81
7328421   3357       68.86
7330948   3357       84.34
7331943   3357       78.82
7332202   3357       68.86
7332734   3357      116.01
7333145   3357       90.32
7333526   3357       68.86
7335642   3357       84.34
7337422   3357      136.91
7337778   3357       68.86
7338055   3357       96.60
7340200   3357      111.51
7340742   3357      130.01
7340989   3357       68.86
7342107   3357       78.82
7342680   3357      117.03
7343605   3357       68.86
7344290   3357       78.82
7344465   3357       78.82
7347856   3357      136.84
7348137   3357       68.86
7348986   3357       84.34
7349428   3357      103.36
7349843   3357       68.86
7350162   3357      140.19
7350273   3357       78.82
7351297   3357      113.07
7352317   3357       78.82
7353364   3357       68.86
7353377   3357       84.34
7354064   3357       68.86
7354848   3357       87.81
7355837   3357      184.37
7355928   3357      129.43
7359478   3357       90.32
7360346   3357       73.69
7360517   3357       84.34
7363171   3357      132.85
7363652   3357       84.34
7365166   3357       84.34
7365545   3357       78.82
7367276   3357       68.86
7368710   3357       68.86
7369018   3357       84.34
7371154   3357       84.34
7372156   3357       68.86
7372973   3357      174.29
7373089   3357       73.69
7373215   3357       96.60
7374243   3357       73.69
7374616   3357      143.13
7377030   3357       73.69
7377579   3357       84.34
7379256   3357       78.82
7380616   3357       68.86
7381553   3357       84.34
7382148   3357      160.86
7382532   3357       68.86
7384964   3357       84.34
7387544   3357       84.34
7388038   3357       68.86
7388080   3357       84.34
7388125   3357       90.32
7388199   3357       73.69
7389581   3357       84.34
7391472   3357       78.82
7392153   3357       90.32
7393061   3357       78.82
7393144   3357       68.86
7395742   3357       87.75
7396051   3357       84.34
7398038   3357      122.00
7400031   3357       84.34
7401094   3357       84.34
7401380   3357       84.34
7401853   3357       68.86
7403123   3357       68.86
7403188   3357       78.82
7403563   3357       78.82
7406353   3357       84.34
7408531   3357       84.34
7409730   3357       78.82
7410177   3357      103.36
7412535   3357       90.32
7412738   3357       73.69
7415285   3357      103.36
7415448   3357       84.34
7416870   3357       68.86
7417289   3357       68.86
7417791   3357       84.34
7418898   3357       68.86
7418939   3357       68.86
7419340   3357       78.82
7419740   3357       68.86
7419800   3357       84.34
7419866   3357       78.82
7420316   3357       84.34
7420429   3357       90.32
7423108   3357       90.32
7423415   3357       84.34
7423444   3357       84.34
7425063   3357       68.86
7425430   3357       84.34
7425900   3357       78.82
7426046   3357       84.34
7427359   3357       68.86
7427520   3357       84.34
7429274   3357       84.34
7432253   3357       90.32
7434591   3357       84.34
7435158   3357       68.86
7436077   3357       78.82
7436996   3357       84.34
7437806   3357       68.86
7437808   3357       68.86
7438450   3357       84.34
7439597   3357       96.60
7439617   3357       84.34
7439629   3357       84.34
7440809   3357       94.73
7442445   3357       84.34
7444497   3357       68.86
7444651   3357       90.32
7444842   3357       84.34
7444889   3357       96.60
7445661   3357       73.69
7446382   3357       90.32
7446644   3357       84.34
7447067   3357       84.34
7447334   3357       96.60
7447992   3357       68.86
7449457   3357       73.69
7455429   3357       84.34
7455588   3357       84.34
7461704   3357       84.34
7465820   3357       84.34
7465910   3357       84.34
7466779   3357      194.95
7466870   3357       84.34
7502836   3357      156.72
7548386   3357       73.69
7548420   3357       78.82
770342    3357      117.03
7917981   3357       84.34
7981510   3357       90.32
7982728   3357       68.86
7982865   3357       90.32
7983170   3357       68.86
7984159   3357       84.34
7985605   3357      107.10
7988969   3357       84.34
8054279   3357       73.69
8064487   3357      129.89
8068577   3357      165.79
8069571   3357       84.34
8140450   3357      107.71
8594315   3357       84.34
8718789   3357       84.34
8734286   3357       90.32
9066082   3357      128.81
9100619   3357       84.34
9211039   3357       78.82
9261804   3357       90.32
9317884   3357       90.32
9433060   3357       84.34
9540404   3357       90.32
9540845   3357       96.60
9542018   3357       90.32
9542237   3357       78.82
9543174   3357       84.34
9543530   3357      177.79
9544179   3357       84.34
9544345   3357       73.69
9544429   3357       90.32
9544827   3357       90.32
9545198   3357      122.43
9545952   3357      155.18
9546474   3357       84.34
9547148   3357       78.82
9551389   3357       84.34
9552709   3357       68.86
9553039   3357       84.34
9553047   3357       78.82
9553149   3357       68.86
9555077   3357      149.54
9555609   3357       68.86
9555641   3357       84.34
9557148   3357       96.60
9557803   3357       73.69
9557875   3357       68.86
9557894   3357      176.85
9558628   3357       73.69
9560453   3357       68.86
9570736   3357       84.34
9572755   3357       84.34
9577605   3357       84.34
9601343   3357       84.34
9603154   3357       73.69
9603683   3357       84.34
9603870   3357       87.75
9604166   3357       78.82
9604592   3357      103.36
9607091   3357      129.35
9608547   3357       84.34
9609337   3357       68.86
9609338   3357       84.34
9612117   3357      250.89
9612530   3357       84.34
9612692   3357       84.34
9614364   3357       78.82
9615563   3357       84.34
9615964   3357       84.34
9617493   3357       78.82
9620242   3357       90.32
9620248   3357       96.60
9620376   3357       84.34
9620599   3357       90.32
9620701   3357       78.82
9620720   3357       78.82
9621777   3357       68.86
9622347   3357       84.34
9624370   3357      103.36
9624596   3357       68.86
9625361   3357       84.34
9625933   3357       84.34
9626082   3357       84.34
9626215   3357       78.82
9627150   3357       90.32
9627523   3357       84.34
9627724   3357       68.86
9629963   3357       90.32
9631462   3357       90.32
9634554   3357       84.34
9634674   3357       84.34
9636806   3357       68.86
9638320   3357       84.34
9639201   3357       78.82
9845319   3357       73.69
9846320   3357       90.32
9847068   3357       78.82
9847350   3357       84.34
9848693   3357       78.82
9850403   3357       84.34
9851111   3357       84.34
9851993   3357       84.34
