10107724  0357       33.90
10120357  0357       36.15
10121866  0357       67.73
10125466  0357       24.71
10126656  0357       24.10
10141786  0357       27.09
10312414  0357       21.37
10373550  0357       48.20
10639752  0357       24.71
10726693  0357       24.10
10760806  0357       24.71
10764554  0357       27.09
10770124  0357       24.10
10772668  0357       24.71
10774121  0357       27.09
10775520  0357       42.75
10776516  0357       33.90
10776915  0357       24.71
10777482  0357       24.71
10777645  0357       36.15
10778464  0357       24.71
10779723  0357       24.10
10784623  0357       24.10
10794552  0357       24.10
10820078  0357       27.09
10840266  0357       24.10
10841061  0357       23.07
10841823  0357       33.90
10842205  0357       24.10
10843324  0357       60.25
10844575  0357       67.81
10844947  0357       24.10
10845717  0357       24.71
10845943  0357       24.10
10846474  0357       24.10
10846532  0357       27.09
10846629  0357       24.10
10846940  0357       48.20
10846985  0357       24.10
10847648  0357       24.71
10848158  0357       30.35
10849906  0357       24.10
10849907  0357       27.09
10860593  0357       24.10
10903693  0357       24.71
10959957  0357       24.10
10960021  0357       24.10
10963442  0357       27.09
10963957  0357       27.09
10964062  0357       48.20
1108218   0357       33.64
1112379   0357       31.84
1115136   0357       21.44
11163187  0357       24.71
11177533  0357       24.71
11260715  0357       24.10
11261772  0357       33.90
11262378  0357       24.10
11263756  0357       24.71
11264041  0357       34.61
11264550  0357       21.37
11265496  0357       24.10
11265527  0357       27.09
11266390  0357       48.20
11267811  0357       42.75
11267932  0357       49.41
11268437  0357       33.90
11269196  0357       30.35
1129535   0357       29.68
11414487  0357       27.09
11425214  0357       24.10
11425449  0357       24.10
11426462  0357       21.37
11428034  0357       21.37
11428889  0357       60.25
11429539  0357       48.20
11429792  0357       24.71
11429991  0357       36.15
11430700  0357       24.10
11433167  0357       24.10
11433865  0357       48.20
11434350  0357       24.10
11546168  0357       21.37
11580362  0357       27.09
11584952  0357       24.10
11586448  0357       24.10
11589730  0357       48.20
11594236  0357       33.90
11594524  0357       24.71
11596252  0357       24.10
11597667  0357       24.10
11598121  0357       23.07
11598207  0357       24.71
11598956  0357       23.07
11633896  0357       23.07
11645810  0357       24.10
11651035  0357       24.10
11651090  0357       24.10
11652405  0357       24.10
11653864  0357       24.10
11694358  0357       24.71
11694758  0357       24.10
11695394  0357       49.41
11749469  0357       24.10
11783201  0357       27.09
11783366  0357       33.90
11784637  0357       24.71
11786325  0357       33.90
11786432  0357       23.07
11787653  0357       48.20
11787807  0357       24.10
11788587  0357       48.20
11788630  0357       27.09
11790273  0357       24.10
11790818  0357       36.15
11791177  0357       24.10
11792127  0357       24.10
11792506  0357       24.71
11792846  0357       24.10
118087    0357       56.24
11879419  0357       27.09
11879750  0357       27.09
11881224  0357       33.90
11881668  0357       61.76
11881669  0357       24.71
11882080  0357       21.37
11882720  0357       33.90
11883300  0357       48.20
11949766  0357       33.90
12011761  0357       67.81
12018571  0357       32.06
12018729  0357       24.71
12018852  0357       24.10
12019816  0357       21.37
12020535  0357       30.35
12021559  0357       27.09
12021966  0357       24.10
12022428  0357       27.09
12023306  0357       30.35
12023981  0357       36.15
12024178  0357       24.10
12024179  0357       24.10
12025294  0357       36.15
12025488  0357       24.71
12025491  0357       24.71
12026565  0357       24.10
12027093  0357       24.10
12027260  0357       24.10
12027527  0357       24.71
12027928  0357       24.71
12027973  0357       54.18
12080554  0357       24.10
1218058   0357       28.29
12241212  0357       37.06
12242270  0357       24.10
12243077  0357       24.71
12244707  0357       24.71
12247738  0357       36.15
12248400  0357       61.76
12248755  0357       27.09
12248784  0357       46.15
12248960  0357       24.10
12249178  0357       33.90
12279667  0357       24.10
12314254  0357       75.88
1232375   0357       45.50
12370670  0357       30.35
1239070   0357       33.64
12434895  0357       23.07
12435304  0357       24.10
12435757  0357       37.06
12435759  0357       36.15
12527456  0357       21.37
12534356  0357       24.10
12536172  0357       24.10
12536549  0357       30.35
1254062   0357       35.34
1257983   0357       30.00
1258658   0357       31.84
1259324   0357       35.34
1260432   0357       31.84
1261562   0357       35.34
1262953   0357       20.14
1263302   0357       36.97
1263303   0357       31.84
1263991   0357       44.09
1265436   0357       31.84
1266723   0357       27.29
12691465  0357       24.10
1269356   0357       59.99
12698409  0357       24.71
12698965  0357       24.71
12700553  0357       21.37
12701276  0357       24.10
12701301  0357       24.71
12702273  0357       21.37
12704473  0357       23.07
12704482  0357       54.18
12704649  0357       24.10
12704927  0357       24.10
12705860  0357       24.10
12706171  0357       24.10
12706774  0357       54.18
12707136  0357       24.10
1272390   0357       35.34
1273369   0357       29.25
1277938   0357       35.34
1278407   0357       31.84
12848719  0357       24.10
12849330  0357       30.35
12851330  0357       24.10
12852888  0357       24.10
12858616  0357       36.15
12878256  0357       24.10
12884972  0357       24.10
12934142  0357       21.37
12934525  0357       24.71
12935305  0357       24.10
12935606  0357       24.10
13032012  0357       49.41
13032033  0357       24.10
13034237  0357       24.10
13035222  0357       33.90
13084488  0357       23.07
13084886  0357       21.37
13180551  0357       24.10
1318484   0357       33.64
13187744  0357       48.20
13187816  0357       34.61
13188137  0357       23.07
13188604  0357       34.61
13264411  0357       24.10
13265462  0357       24.71
13265946  0357       36.15
13266369  0357       24.10
13268000  0357       49.41
13268185  0357       49.41
13268457  0357       21.37
13268537  0357       36.15
13346269  0357       61.76
13408041  0357       23.07
13510172  0357       23.07
13510180  0357       24.71
13527636  0357       27.09
13566631  0357       33.90
13643981  0357       49.41
13643982  0357       37.06
13644051  0357       24.10
13644555  0357       61.76
13644665  0357       24.10
13644680  0357       67.73
13652653  0357       24.71
13674854  0357       27.09
13678214  0357       24.10
13678857  0357       24.71
13679940  0357       24.10
13724134  0357       36.15
13774187  0357       24.71
13774684  0357       24.10
13775452  0357       24.71
13775808  0357       24.71
13777181  0357       37.06
13785046  0357       24.71
13785661  0357       24.10
13785997  0357       21.37
13786181  0357       24.10
13787208  0357       24.10
13787741  0357       24.71
13842354  0357       24.10
13843775  0357       24.10
13856268  0357       24.10
13867427  0357       36.15
13868652  0357       24.10
13880177  0357       24.71
13880981  0357       24.10
13905892  0357       24.71
13986119  0357       24.10
13990906  0357       40.64
14003086  0357       21.37
14030527  0357       24.71
14031045  0357       24.10
14031497  0357       60.25
1404429   0357       21.83
14093727  0357       36.15
14094806  0357       27.09
14143188  0357       21.37
14159223  0357       49.41
14176129  0357       24.10
14270811  0357       61.76
14293118  0357       36.15
1431183   0357       31.84
14335445  0357       21.37
14335539  0357       24.10
1433726   0357       31.84
14372299  0357       27.09
14372818  0357       40.85
14376347  0357       24.10
14398946  0357       24.10
14399267  0357       34.61
14405196  0357       24.10
14405401  0357       24.10
14513487  0357       24.71
14590375  0357       23.07
14607589  0357       34.61
14648947  0357       24.10
14649126  0357       24.71
14810540  0357       36.15
14825867  0357       24.10
14877620  0357       24.10
14877805  0357       27.09
14877859  0357       30.35
14879704  0357       37.06
14880827  0357       27.09
15170350  0357       23.07
15177340  0357       27.09
15177867  0357       49.41
15306151  0357       53.43
15306996  0357       21.37
15352095  0357       24.10
15444811  0357       27.09
15448608  0357       24.10
15597541  0357       24.71
15598043  0357       24.71
15598319  0357       24.10
15598510  0357       48.20
15598933  0357       24.71
15599928  0357       34.61
15668151  0357       48.20
15668851  0357       23.07
15729233  0357       36.15
15729536  0357       57.69
15778630  0357       36.15
15827139  0357       27.09
15959808  0357       24.71
16001576  0357       24.71
16137706  0357       21.37
16138119  0357       36.15
1631390   0357       19.04
16324090  0357       24.10
16594051  0357       23.07
16641426  0357       21.37
16736267  0357       24.10
16770549  0357       24.10
16788972  0357       48.20
17011869  0357       48.20
17012587  0357       60.25
17019549  0357       24.10
17033256  0357       24.71
17104175  0357       24.10
17306742  0357       24.71
1737075   0357       33.64
17379215  0357       34.61
17504786  0357       23.07
17572385  0357       48.20
17626132  0357       46.15
1763812   0357       20.14
1764349   0357       36.97
1765295   0357      112.20
1769938   0357       32.96
1778800   0357       43.66
17965237  0357       36.15
18058393  0357       24.71
18059918  0357       24.10
18263579  0357       36.15
18263756  0357       24.10
1834693   0357       27.29
18471327  0357       24.10
1854577   0357       31.84
18656459  0357       36.15
18785684  0357       24.71
18950730  0357       24.71
1906129   0357       31.84
19166206  0357       61.76
19262723  0357       24.10
1926999   0357       30.00
19324610  0357       48.20
19827450  0357       24.71
19850185  0357       61.76
19973112  0357       24.10
20187870  0357       46.15
20189202  0357       30.35
20235584  0357       46.15
2030572   0357       33.64
2033664   0357       26.08
20348834  0357       37.06
20351464  0357       48.20
21140944  0357       37.06
2130876   0357       36.97
2157417   0357       65.19
2186056   0357       33.64
2189077   0357       47.82
2196831   0357       35.34
2198274   0357       27.41
2198799   0357       33.64
2199826   0357       35.34
2272067   0357       36.97
23156662  0357       24.98
2376223   0357       25.76
2380275   0357       30.00
2384661   0357       31.84
2529886   0357       31.84
2532585   0357       36.97
2533320   0357       27.87
2533977   0357       34.62
2534786   0357       23.18
2535843   0357       30.00
2536373   0357       30.00
2536795   0357       29.00
2538821   0357       31.05
2539607   0357       30.00
2539943   0357       36.97
2541142   0357       31.84
2541439   0357       21.58
2541709   0357       31.44
2543654   0357       31.84
2543932   0357       35.34
2592064   0357       30.00
2592966   0357       35.34
2593377   0357       28.58
2593686   0357       33.64
2596405   0357       24.71
2597854   0357       35.07
2598033   0357       38.62
2598872   0357       34.66
2601437   0357       31.52
2603046   0357       37.27
2605117   0357       26.35
2605164   0357       34.66
2605539   0357       30.55
2605823   0357       27.30
2607322   0357       19.04
2608233   0357       18.58
2608304   0357       32.41
2608554   0357       35.07
2684589   0357       31.84
2741170   0357       28.45
2854705   0357       33.64
2870837   0357       35.90
2910376   0357       36.97
2910432   0357       32.96
2911765   0357       33.64
2912407   0357       36.97
2912692   0357       26.08
2913757   0357       32.99
2913809   0357       36.97
2914272   0357       31.22
2915293   0357       36.97
2915714   0357       31.84
2915780   0357       36.87
2916102   0357       23.18
2916362   0357       35.90
2916467   0357       35.34
2916786   0357       33.64
2918280   0357       79.59
2992913   0357       36.97
3035349   0357       31.84
3039370   0357       29.85
3080057   0357       39.11
3080311   0357       31.84
3080984   0357       24.10
3081351   0357       29.25
3082505   0357       20.23
3083006   0357       31.84
3083065   0357       36.97
3083457   0357       41.59
3083843   0357       35.34
3084868   0357       32.22
3084978   0357       29.99
3085009   0357       28.21
3085276   0357       28.08
3090485   0357       18.82
3156003   0357       18.86
3234299   0357       28.08
3245420   0357       31.84
3314884   0357       23.20
3315121   0357       36.97
3315781   0357       36.97
3317339   0357       18.84
3317520   0357       27.57
3318589   0357       19.77
3318694   0357       18.74
3318719   0357       32.22
3319659   0357       35.34
3320986   0357       31.84
3322128   0357       29.89
3322284   0357       33.64
3322381   0357       32.84
3324084   0357       24.10
3324110   0357       23.85
3324403   0357       26.08
3329806   0357       37.27
3353242   0357       19.69
3457632   0357       17.18
3528540   0357       19.21
3533360   0357       20.02
3534582   0357       24.01
3535445   0357       32.74
3535676   0357       32.76
3535838   0357       36.43
3538837   0357       19.18
3539352   0357       34.93
3541739   0357       26.24
3541975   0357       27.30
3542004   0357       27.09
3542015   0357       20.97
3554092   0357       30.00
3593839   0357       28.61
3598528   0357       33.20
3710064   0357       21.37
3759377   0357       38.17
3784066   0357       21.39
3784441   0357       19.66
3785251   0357       26.03
3792247   0357       28.29
3830110   0357       40.34
3855157   0357       27.30
3855577   0357       31.84
3856978   0357       36.88
3857004   0357       28.21
3857220   0357       25.81
3857667   0357       37.55
3857878   0357       35.68
3858323   0357       51.62
3858856   0357       27.09
3859230   0357       27.80
3864991   0357       18.95
3875055   0357       24.10
3877925   0357       54.18
3878006   0357       21.37
3963688   0357       21.46
3964093   0357       24.10
3964337   0357       42.98
3965704   0357       29.82
3969513   0357       17.81
4001934   0357       20.59
4064149   0357       17.15
4065177   0357       35.34
4065584   0357       24.10
4065648   0357       22.97
4066245   0357       34.99
4067118   0357       17.70
4067735   0357       21.37
4067795   0357       34.49
4068788   0357       17.72
4071074   0357       33.90
4071241   0357       17.84
4107436   0357       21.37
4191539   0357       23.70
4193094   0357       58.86
4194671   0357       19.03
4195654   0357       36.15
4199927   0357       25.99
4200911   0357       33.32
4238916   0357       42.55
430240    0357       36.97
4317775   0357       27.09
4373204   0357       27.09
4373479   0357       17.72
4375498   0357       33.73
4375998   0357       36.27
4376813   0357       23.07
4377201   0357       37.07
437803    0357       31.84
4378140   0357       18.48
4378236   0357       36.83
4378283   0357       26.03
4378759   0357       27.09
4379154   0357       39.99
4381341   0357       30.26
4381614   0357       24.71
4382400   0357       35.48
4383023   0357       27.09
4383200   0357       39.96
4385047   0357       38.71
4386936   0357       21.37
4387777   0357       53.43
439023    0357       18.57
4409485   0357       27.09
4409788   0357       34.31
4409789   0357       49.41
4414417   0357       20.09
4414541   0357       29.12
4414909   0357       37.25
4415675   0357       32.58
443869    0357       31.84
4609506   0357       18.99
4610129   0357       34.66
4720170   0357       37.06
4720923   0357       24.10
4721016   0357       24.71
4721639   0357       36.97
4722680   0357       36.41
4722814   0357       25.54
4723168   0357       32.99
4723276   0357       21.37
4723403   0357       36.20
4724433   0357       38.62
4725919   0357       54.18
4727740   0357       21.37
4728331   0357       33.56
4729448   0357       25.69
4729575   0357       15.14
4730168   0357       27.09
4730490   0357       30.45
4730823   0357       22.57
4731322   0357       27.09
4731494   0357       21.65
4732090   0357       18.09
4732618   0357       23.07
4734527   0357       23.07
4735505   0357       36.97
4738424   0357       31.84
4739546   0357       51.35
4739796   0357       27.09
4754833   0357       57.04
4803744   0357       27.09
4805842   0357       24.10
4827213   0357       17.92
4853128   0357       26.69
4882144   0357       22.02
5017295   0357       21.37
5022967   0357       37.19
5237805   0357       24.10
5238236   0357       38.17
5239261   0357       19.22
5240821   0357       25.62
5242545   0357       29.37
5244302   0357       19.27
5244483   0357       21.37
5244484   0357       21.65
5244765   0357       19.76
5245261   0357       27.09
5248926   0357       20.32
5248954   0357       22.26
5249259   0357       24.10
5249817   0357       27.09
5250965   0357       32.36
5251153   0357       21.59
5251214   0357       18.83
5252606   0357       54.18
5253930   0357       42.32
5254613   0357       23.01
5254952   0357       32.05
5255567   0357       24.10
5255641   0357       27.09
5257069   0357       18.61
5257175   0357       35.07
5257421   0357       30.35
5257727   0357       60.25
5257774   0357       24.10
5259121   0357       40.14
5259785   0357       28.05
5261116   0357       23.07
5261139   0357       24.10
5261250   0357       24.35
5261418   0357       18.24
5261643   0357       24.71
5263470   0357       28.78
5344986   0357       24.71
5435450   0357       23.07
5436619   0357       27.09
5436795   0357       21.61
5438690   0357       24.71
5439480   0357       24.10
5439865   0357       75.88
5458236   0357       23.07
5461455   0357       35.07
5605414   0357       48.20
5658043   0357       24.10
5688352   0357       24.10
5765952   0357       24.10
5779173   0357       24.10
5915261   0357       31.84
5921128   0357       24.10
5921800   0357       24.71
5923624   0357       27.09
5925143   0357       27.09
5925949   0357       27.29
5929492   0357       24.10
5935536   0357       67.73
5938630   0357       24.10
5938995   0357       24.10
6044716   0357       36.15
6125595   0357       61.76
6127630   0357       20.51
6238388   0357       33.90
6394853   0357       14.44
64800     0357       28.08
6537141   0357       33.66
6573443   0357       22.24
6573855   0357       30.35
6573893   0357       23.07
6575243   0357       21.37
6575301   0357       24.10
6584406   0357       70.95
6634354   0357       24.10
6689708   0357       24.10
6690236   0357       24.10
6701343   0357       24.10
6701344   0357       24.10
6701453   0357       24.10
673822    0357       35.34
6841910   0357       24.71
7076647   0357       24.10
7211860   0357       27.09
7240399   0357       24.10
7300376   0357       24.71
7301470   0357       37.15
7305494   0357       35.16
7305781   0357       29.82
7308623   0357       19.71
7309317   0357       24.71
7309375   0357       21.37
7310425   0357       30.35
7310959   0357       26.03
7311233   0357       18.87
7311255   0357       24.71
7312149   0357       24.10
7313189   0357       32.41
7314050   0357       24.71
7314987   0357       30.35
7315048   0357       27.09
7315058   0357       60.25
7315331   0357       24.10
7316059   0357       30.35
7316139   0357       27.09
7316607   0357       21.58
7316959   0357       48.48
7317744   0357       73.94
7318041   0357       21.06
7319649   0357       54.18
7321787   0357       21.37
7322304   0357       21.37
7322780   0357       23.07
7322794   0357       24.97
7324725   0357       32.84
7325664   0357       17.18
7325721   0357       35.65
7325722   0357       25.69
7325778   0357       26.98
7328421   0357       24.71
7330948   0357       24.10
7331943   0357       21.37
7332202   0357       24.71
7332734   0357       52.60
7333145   0357       27.09
7335642   0357       24.10
7337422   0357       16.26
7338055   0357       30.35
7340200   0357       33.64
7340742   0357       29.89
7340989   0357       24.71
7342107   0357       21.37
7342680   0357       31.84
7343605   0357       24.71
7344290   0357       21.37
7344465   0357       42.75
7347856   0357       25.81
7348137   0357       24.71
7348986   0357       24.10
7349428   0357       84.76
7349843   0357       24.71
7350162   0357       19.13
7350273   0357       21.37
7351297   0357       20.09
7352317   0357       21.37
7353364   0357       49.41
7353377   0357       24.10
7354064   0357       24.71
7354848   0357       26.98
7355837   0357       48.10
7355928   0357       27.86
7359478   0357       27.09
7360346   0357       23.07
7360517   0357       24.10
7363171   0357       15.82
7363652   0357       24.10
7365166   0357       21.96
7365545   0357       21.37
7367276   0357       24.71
7368710   0357       49.41
7369018   0357       24.10
7371154   0357       24.10
7372156   0357       24.71
7372973   0357       16.89
7373089   0357       23.07
7373215   0357       30.35
7374243   0357       23.07
7374616   0357       23.44
7377030   0357       23.07
7377579   0357       24.10
7379256   0357       42.75
7380616   0357       24.71
7381553   0357       24.10
7382148   0357       19.53
7382532   0357       24.71
7384964   0357       24.10
7387544   0357       48.20
7388038   0357       24.71
7388080   0357       24.10
7388125   0357       27.09
7388199   0357       34.61
7389581   0357       24.10
7391472   0357       21.37
7392153   0357       67.73
7393061   0357       21.37
7393144   0357       49.41
7395742   0357       27.30
7396051   0357       36.15
7398038   0357       15.62
7400031   0357       24.10
7401094   0357       24.10
7401380   0357       24.10
7401853   0357       24.71
7403123   0357       24.71
7403188   0357       21.37
7403563   0357       21.37
7406353   0357       24.10
7408531   0357       24.10
7409730   0357       21.37
7410177   0357       33.90
7412535   0357       27.09
7412738   0357       23.07
7415285   0357       33.90
7415448   0357       24.10
7416870   0357       24.71
7417289   0357       49.41
7417791   0357       48.20
7418898   0357       24.71
7418939   0357       24.71
7419340   0357       21.37
7419740   0357       24.71
7419800   0357       24.10
7419866   0357       53.43
7420316   0357       24.10
7420429   0357       27.09
7423108   0357       27.09
7423415   0357       24.10
7423444   0357       24.10
7425063   0357       24.71
7425430   0357       24.10
7425900   0357       21.37
7426046   0357       24.10
7427359   0357       24.71
7427520   0357       24.10
7429274   0357       24.10
7432253   0357       27.09
7434591   0357       60.25
7435158   0357       61.76
7436077   0357       42.75
7436996   0357       24.10
7437806   0357       24.71
7437808   0357       24.71
7438450   0357       24.10
7439597   0357       60.70
7439617   0357       24.10
7439629   0357       24.10
7440809   0357       24.71
7442445   0357       24.10
7444497   0357       37.06
7444651   0357       27.09
7444842   0357       24.10
7444889   0357       60.70
7445661   0357       23.07
7446382   0357       27.09
7446644   0357       24.10
7447067   0357       60.25
7447334   0357       30.35
7447992   0357       24.71
7449457   0357       23.07
7455429   0357       24.10
7455588   0357       24.10
7461704   0357       24.10
7465820   0357       60.25
7465910   0357       24.10
7466779   0357       22.23
7466870   0357       24.10
7502836   0357       18.83
7548386   0357       23.07
7548420   0357       21.37
770342    0357       31.84
7917981   0357       24.10
7981510   0357       27.09
7982728   0357       24.71
7982865   0357       27.09
7983170   0357       24.71
7984159   0357       24.10
7985605   0357       27.97
7988969   0357       24.10
8054279   0357       23.07
8064487   0357       30.97
8068577   0357       17.65
8069571   0357       24.10
8140450   0357       21.09
8594315   0357       24.10
8718789   0357       48.20
8734286   0357       27.09
9066082   0357       28.05
9100619   0357       24.10
9211039   0357       21.37
9261804   0357       27.09
9317884   0357       54.18
9433060   0357       24.10
9540404   0357       27.09
9540845   0357       45.53
9542018   0357       27.09
9542237   0357       21.37
9543174   0357       24.10
9543530   0357       19.11
9544179   0357       24.10
9544345   0357       23.07
9544429   0357       27.09
9544827   0357       27.09
9545198   0357       30.45
9545952   0357       40.92
9546474   0357       24.10
9547148   0357       21.37
9551389   0357       24.10
9552709   0357       24.71
9553039   0357       24.10
9553047   0357       21.37
9553149   0357       24.71
9555077   0357       21.92
9555609   0357       24.71
9555641   0357       24.10
9557148   0357       60.70
9557803   0357       23.07
9557875   0357       24.71
9557894   0357       20.60
9558628   0357       23.07
9560453   0357       24.71
9570736   0357       24.10
9572755   0357       24.10
9577605   0357       24.10
9601343   0357       60.25
9603154   0357       23.07
9603683   0357       24.10
9603870   0357       27.30
9604166   0357       21.37
9604592   0357       50.85
9607091   0357       28.21
9608547   0357       24.10
9609337   0357       24.71
9609338   0357       48.20
9612117   0357       27.09
9612530   0357       60.25
9612692   0357       24.10
9614364   0357       42.75
9615563   0357       24.10
9615964   0357       24.10
9617493   0357       42.75
9620242   0357       54.18
9620248   0357       60.70
9620376   0357       24.10
9620599   0357       27.09
9620701   0357       21.37
9620720   0357       21.37
9621777   0357       24.71
9622347   0357       24.10
9624370   0357       33.90
9624596   0357       24.71
9625361   0357       24.10
9625933   0357       48.20
9626082   0357       24.10
9626215   0357       21.37
9627150   0357       67.73
9627523   0357       48.20
9627724   0357       24.71
9629963   0357       27.09
9631462   0357       27.09
9634554   0357       24.10
9634674   0357       24.10
9636806   0357       24.71
9638320   0357       24.10
9639201   0357       21.37
9845319   0357       23.07
9846320   0357       27.09
9847068   0357       24.10
9847350   0357       24.10
9848693   0357       21.37
9850403   0357       24.10
9851111   0357       24.10
9851993   0357       24.10
10107724  3357       33.90
10120357  3357       24.10
10121866  3357       27.09
10125466  3357       24.71
10126656  3357       24.10
10141786  3357       27.09
10312414  3357       21.37
10373550  3357       24.10
10639752  3357       24.71
10726693  3357       24.10
10760806  3357       24.71
10764554  3357       27.09
10770124  3357       24.10
10772668  3357       24.71
10774121  3357       27.09
10775520  3357       21.37
10776516  3357       33.90
10776915  3357       24.71
10777482  3357       24.71
10777645  3357       24.10
10778464  3357       24.71
10779723  3357       24.10
10784623  3357       24.10
10794552  3357       24.10
10820078  3357       27.09
10840266  3357       24.10
10841061  3357       23.07
10841823  3357       33.90
10842205  3357       24.10
10843324  3357       24.10
10844575  3357       33.90
10844947  3357       24.10
10845717  3357       24.71
10845943  3357       24.10
10846474  3357       24.10
10846532  3357       27.09
10846629  3357       24.10
10846940  3357       24.10
10846985  3357       24.10
10847648  3357       24.71
10848158  3357       30.35
10849906  3357       24.10
10849907  3357       27.09
10860593  3357       24.10
10903693  3357       24.71
10959957  3357       24.10
10960021  3357       24.10
10963442  3357       27.09
10963957  3357       27.09
10964062  3357       24.10
1108218   3357       33.64
1112379   3357       31.84
1115136   3357       21.44
11163187  3357       24.71
11177533  3357       24.71
11260715  3357       24.10
11261772  3357       33.90
11262378  3357       24.10
11263756  3357       24.71
11264041  3357       23.07
11264550  3357       21.37
11265496  3357       24.10
11265527  3357       27.09
11266390  3357       24.10
11267811  3357       21.37
11267932  3357       24.71
11268437  3357       33.90
11269196  3357       30.35
1129535   3357       29.68
11414487  3357       27.09
11425214  3357       24.10
11425449  3357       24.10
11426462  3357       21.37
11428034  3357       21.37
11428889  3357       24.10
11429539  3357       24.10
11429792  3357       24.71
11429991  3357       24.10
11430700  3357       24.10
11433167  3357       24.10
11433865  3357       24.10
11434350  3357       24.10
11546168  3357       21.37
11580362  3357       27.09
11584952  3357       24.10
11586448  3357       24.10
11589730  3357       24.10
11594236  3357       33.90
11594524  3357       24.71
11596252  3357       24.10
11597667  3357       24.10
11598121  3357       23.07
11598207  3357       24.71
11598956  3357       23.07
11633896  3357       23.07
11645810  3357       24.10
11651035  3357       24.10
11651090  3357       24.10
11652405  3357       24.10
11653864  3357       24.10
11694358  3357       24.71
11694758  3357       24.10
11695394  3357       24.71
11749469  3357       24.10
11783201  3357       27.09
11783366  3357       33.90
11784637  3357       24.71
11786325  3357       33.90
11786432  3357       23.07
11787653  3357       24.10
11787807  3357       24.10
11788587  3357       24.10
11788630  3357       27.09
11790273  3357       24.10
11790818  3357       24.10
11791177  3357       24.10
11792127  3357       24.10
11792506  3357       24.71
11792846  3357       24.10
118087    3357       56.24
11879419  3357       27.09
11879750  3357       27.09
11881224  3357       33.90
11881668  3357       24.71
11881669  3357       24.71
11882080  3357       21.37
11882720  3357       33.90
11883300  3357       24.10
11949766  3357       33.90
12011761  3357       33.90
12018571  3357       21.37
12018729  3357       24.71
12018852  3357       24.10
12019816  3357       21.37
12020535  3357       30.35
12021559  3357       27.09
12021966  3357       24.10
12022428  3357       27.09
12023306  3357       30.35
12023981  3357       24.10
12024178  3357       24.10
12024179  3357       24.10
12025294  3357       24.10
12025488  3357       24.71
12025491  3357       24.71
12026565  3357       24.10
12027093  3357       24.10
12027260  3357       24.10
12027527  3357       24.71
12027928  3357       24.71
12027973  3357       27.09
12080554  3357       24.10
1218058   3357       28.29
12241212  3357       24.71
12242270  3357       24.10
12243077  3357       24.71
12244707  3357       24.71
12247738  3357       24.10
12248400  3357       24.71
12248755  3357       27.09
12248784  3357       23.07
12248960  3357       24.10
12249178  3357       33.90
12279667  3357       24.10
12314254  3357       30.35
1232375   3357       45.50
12370670  3357       30.35
1239070   3357       33.64
12434895  3357       23.07
12435304  3357       24.10
12435757  3357       24.71
12435759  3357       24.10
12527456  3357       21.37
12534356  3357       24.10
12536172  3357       24.10
12536549  3357       30.35
1254062   3357       35.34
1257983   3357       30.00
1258658   3357       31.84
1259324   3357       35.34
1260432   3357       31.84
1261562   3357       35.34
1262953   3357       20.14
1263302   3357       36.97
1263303   3357       31.84
1263991   3357       44.09
1265436   3357       31.84
1266723   3357       27.29
12691465  3357       24.10
1269356   3357       30.00
12698409  3357       24.71
12698965  3357       24.71
12700553  3357       21.37
12701276  3357       24.10
12701301  3357       24.71
12702273  3357       21.37
12704473  3357       23.07
12704482  3357       27.09
12704649  3357       24.10
12704927  3357       24.10
12705860  3357       24.10
12706171  3357       24.10
12706774  3357       27.09
12707136  3357       24.10
1272390   3357       35.34
1273369   3357       29.25
1277938   3357       35.34
1278407   3357       31.84
12848719  3357       24.10
12849330  3357       30.35
12851330  3357       24.10
12852888  3357       24.10
12858616  3357       24.10
12878256  3357       24.10
12884972  3357       24.10
12934142  3357       21.37
12934525  3357       24.71
12935305  3357       24.10
12935606  3357       24.10
13032012  3357       24.71
13032033  3357       24.10
13034237  3357       24.10
13035222  3357       33.90
13084488  3357       23.07
13084886  3357       21.37
13180551  3357       24.10
1318484   3357       33.64
13187744  3357       24.10
13187816  3357       23.07
13188137  3357       23.07
13188604  3357       23.07
13264411  3357       24.10
13265462  3357       24.71
13265946  3357       24.10
13266369  3357       24.10
13268000  3357       24.71
13268185  3357       24.71
13268457  3357       21.37
13268537  3357       24.10
13346269  3357       24.71
13408041  3357       23.07
13510172  3357       23.07
13510180  3357       24.71
13527636  3357       27.09
13566631  3357       33.90
13643981  3357       24.71
13643982  3357       24.71
13644051  3357       24.10
13644555  3357       24.71
13644665  3357       24.10
13644680  3357       27.09
13652653  3357       24.71
13674854  3357       27.09
13678214  3357       24.10
13678857  3357       24.71
13679940  3357       24.10
13724134  3357       24.10
13774187  3357       24.71
13774684  3357       24.10
13775452  3357       24.71
13775808  3357       24.71
13777181  3357       24.71
13785046  3357       24.71
13785661  3357       24.10
13785997  3357       21.37
13786181  3357       24.10
13787208  3357       24.10
13787741  3357       24.71
13842354  3357       24.10
13843775  3357       24.10
13856268  3357       24.10
13867427  3357       24.10
13868652  3357       24.10
13880177  3357       24.71
13880981  3357       24.10
13905892  3357       24.71
13986119  3357       24.10
13990906  3357       27.09
14003086  3357       21.37
14030527  3357       24.71
14031045  3357       24.10
14031497  3357       24.10
1404429   3357       21.83
14093727  3357       24.10
14094806  3357       27.09
14143188  3357       21.37
14159223  3357       24.71
14176129  3357       24.10
14270811  3357       24.71
14293118  3357       24.10
1431183   3357       31.84
14335445  3357       21.37
14335539  3357       24.10
1433726   3357       31.84
14372299  3357       27.09
14372818  3357       16.34
14376347  3357       24.10
14398946  3357       24.10
14399267  3357       23.07
14405196  3357       24.10
14405401  3357       24.10
14513487  3357       24.71
14590375  3357       23.07
14607589  3357       23.07
14648947  3357       24.10
14649126  3357       24.71
14810540  3357       24.10
14825867  3357       24.10
14877620  3357       24.10
14877805  3357       27.09
14877859  3357       30.35
14879704  3357       24.71
14880827  3357       27.09
15170350  3357       23.07
15177340  3357       27.09
15177867  3357       24.71
15306151  3357       21.37
15306996  3357       21.37
15352095  3357       24.10
15444811  3357       27.09
15448608  3357       24.10
15597541  3357       24.71
15598043  3357       24.71
15598319  3357       24.10
15598510  3357       24.10
15598933  3357       24.71
15599928  3357       23.07
15668151  3357       24.10
15668851  3357       23.07
15729233  3357       24.10
15729536  3357       23.07
15778630  3357       24.10
15827139  3357       27.09
15959808  3357       24.71
16001576  3357       24.71
16137706  3357       21.37
16138119  3357       24.10
1631390   3357       19.04
16324090  3357       24.10
16594051  3357       23.07
16641426  3357       21.37
16736267  3357       24.10
16770549  3357       24.10
16788972  3357       24.10
17011869  3357       24.10
17012587  3357       24.10
17019549  3357       24.10
17033256  3357       24.71
17104175  3357       24.10
17306742  3357       24.71
1737075   3357       33.64
17379215  3357       23.07
17504786  3357       23.07
17572385  3357       24.10
17626132  3357       23.07
1763812   3357       20.14
1764349   3357       36.97
1765295   3357       56.10
1769938   3357       32.96
1778800   3357       43.66
17965237  3357       24.10
18058393  3357       24.71
18059918  3357       24.10
18263579  3357       24.10
18263756  3357       24.10
1834693   3357       27.29
18471327  3357       24.10
1854577   3357       31.84
18656459  3357       24.10
18785684  3357       24.71
18950730  3357       24.71
1906129   3357       31.84
19166206  3357       24.71
19262723  3357       24.10
1926999   3357       30.00
19324610  3357       24.10
19827450  3357       24.71
19850185  3357       24.71
19973112  3357       24.10
20187870  3357       23.07
20189202  3357       30.35
20235584  3357       23.07
2030572   3357       33.64
2033664   3357       26.08
20348834  3357       24.71
20351464  3357       24.10
21140944  3357       24.71
2130876   3357       36.97
2157417   3357       26.08
2186056   3357       33.64
2189077   3357       47.82
2196831   3357       35.34
2198274   3357       27.41
2198799   3357       33.64
2199826   3357       35.34
2272067   3357       36.97
23156662  3357       24.98
2376223   3357       25.76
2380275   3357       30.00
2384661   3357       31.84
2529886   3357       31.84
2532585   3357       36.97
2533320   3357       27.87
2533977   3357       34.62
2534786   3357       23.18
2535843   3357       30.00
2536373   3357       30.00
2536795   3357       29.00
2538821   3357       31.05
2539607   3357       30.00
2539943   3357       36.97
2541142   3357       31.84
2541439   3357       21.58
2541709   3357       31.44
2543654   3357       31.84
2543932   3357       35.34
2592064   3357       30.00
2592966   3357       35.34
2593377   3357       28.58
2593686   3357       33.64
2596405   3357       24.71
2597854   3357       35.07
2598033   3357       38.62
2598872   3357       34.66
2601437   3357       31.52
2603046   3357       37.27
2605117   3357       26.35
2605164   3357       34.66
2605539   3357       30.55
2605823   3357       27.30
2607322   3357       19.04
2608233   3357       18.58
2608304   3357       32.41
2608554   3357       35.07
2684589   3357       31.84
2741170   3357       28.45
2854705   3357       33.64
2870837   3357       35.90
2910376   3357       36.97
2910432   3357       32.96
2911765   3357       33.64
2912407   3357       36.97
2912692   3357       26.08
2913757   3357       32.99
2913809   3357       36.97
2914272   3357       31.22
2915293   3357       36.97
2915714   3357       31.84
2915780   3357       36.87
2916102   3357       23.18
2916362   3357       35.90
2916467   3357       35.34
2916786   3357       33.64
2918280   3357       31.84
2992913   3357       36.97
3035349   3357       31.84
3039370   3357       29.85
3080057   3357       26.08
3080311   3357       31.84
3080984   3357       24.10
3081351   3357       29.25
3082505   3357       20.23
3083006   3357       31.84
3083065   3357       36.97
3083457   3357       41.59
3083843   3357       35.34
3084868   3357       32.22
3084978   3357       29.99
3085009   3357       28.21
3085276   3357       28.08
3090485   3357       18.82
3156003   3357       18.86
3234299   3357       28.08
3245420   3357       31.84
3314884   3357       23.20
3315121   3357       36.97
3315781   3357       36.97
3317339   3357       18.84
3317520   3357       27.57
3318589   3357       19.77
3318694   3357       18.74
3318719   3357       32.22
3319659   3357       35.34
3320986   3357       31.84
3322128   3357       29.89
3322284   3357       33.64
3322381   3357       32.84
3324084   3357       24.10
3324110   3357       23.85
3324403   3357       26.08
3329806   3357       37.27
3353242   3357       19.69
3457632   3357       17.18
3528540   3357       19.21
3533360   3357       20.02
3534582   3357       24.01
3535445   3357       32.74
3535676   3357       32.76
3535838   3357       36.43
3538837   3357       19.18
3539352   3357       34.93
3541739   3357       26.24
3541975   3357       27.30
3542004   3357       27.09
3542015   3357       20.97
3554092   3357       30.00
3593839   3357       28.61
3598528   3357       33.20
3710064   3357       21.37
3759377   3357       38.17
3784066   3357       21.39
3784441   3357       19.66
3785251   3357       26.03
3792247   3357       28.29
3830110   3357       40.34
3855157   3357       27.30
3855577   3357       31.84
3856978   3357       36.88
3857004   3357       28.21
3857220   3357       25.81
3857667   3357       37.55
3857878   3357       35.68
3858323   3357       25.81
3858856   3357       27.09
3859230   3357       18.53
3864991   3357       18.95
3875055   3357       24.10
3877925   3357       27.09
3878006   3357       21.37
3963688   3357       21.46
3964093   3357       24.10
3964337   3357       42.98
3965704   3357       29.82
3969513   3357       17.81
4001934   3357       20.59
4064149   3357       17.15
4065177   3357       35.34
4065584   3357       24.10
4065648   3357       22.97
4066245   3357       34.99
4067118   3357       17.70
4067735   3357       21.37
4067795   3357       34.49
4068788   3357       17.72
4071074   3357       33.90
4071241   3357       17.84
4107436   3357       21.37
4191539   3357       23.70
4193094   3357       23.54
4194671   3357       19.03
4195654   3357       36.15
4199927   3357       25.99
4200911   3357       33.32
4238916   3357       42.55
430240    3357       36.97
4317775   3357       27.09
4373204   3357       27.09
4373479   3357       17.72
4375498   3357       33.73
4375998   3357       36.27
4376813   3357       23.07
4377201   3357       37.07
437803    3357       31.84
4378140   3357       18.48
4378236   3357       36.83
4378283   3357       26.03
4378759   3357       27.09
4379154   3357       39.99
4381341   3357       30.26
4381614   3357       24.71
4382400   3357       23.65
4383023   3357       27.09
4383200   3357       39.96
4385047   3357       38.71
4386936   3357       21.37
4387777   3357       21.37
439023    3357       18.57
4409485   3357       27.09
4409788   3357       34.31
4409789   3357       24.71
4414417   3357       20.09
4414541   3357       29.12
4414909   3357       37.25
4415675   3357       32.58
443869    3357       31.84
4609506   3357       18.99
4610129   3357       34.66
4720170   3357       24.71
4720923   3357       24.10
4721016   3357       24.71
4721639   3357       36.97
4722680   3357       36.41
4722814   3357       25.54
4723168   3357       32.99
4723276   3357       21.37
4723403   3357       36.20
4724433   3357       38.62
4725919   3357       27.09
4727740   3357       21.37
4728331   3357       33.56
4729448   3357       25.69
4729575   3357       15.14
4730168   3357       27.09
4730490   3357       30.45
4730823   3357       22.57
4731322   3357       27.09
4731494   3357       21.65
4732090   3357       18.09
4732618   3357       23.07
4734527   3357       23.07
4735505   3357       36.97
4738424   3357       31.84
4739546   3357       51.35
4739796   3357       27.09
4754833   3357       57.04
4803744   3357       27.09
4805842   3357       24.10
4827213   3357       17.92
4853128   3357       26.69
4882144   3357       22.02
5017295   3357       21.37
5022967   3357       37.19
5237805   3357       24.10
5238236   3357       38.17
5239261   3357       19.22
5240821   3357       25.62
5242545   3357       29.37
5244302   3357       19.27
5244483   3357       21.37
5244484   3357       21.65
5244765   3357       19.76
5245261   3357       27.09
5248926   3357       20.32
5248954   3357       22.26
5249259   3357       24.10
5249817   3357       27.09
5250965   3357       32.36
5251153   3357       21.59
5251214   3357       18.83
5252606   3357       27.09
5253930   3357       42.32
5254613   3357       23.01
5254952   3357       32.05
5255567   3357       24.10
5255641   3357       27.09
5257069   3357       18.61
5257175   3357       35.07
5257421   3357       30.35
5257727   3357       24.10
5257774   3357       24.10
5259121   3357       40.14
5259785   3357       28.05
5261116   3357       23.07
5261139   3357       24.10
5261250   3357       24.35
5261418   3357       18.24
5261643   3357       24.71
5263470   3357       28.78
5344986   3357       24.71
5435450   3357       23.07
5436619   3357       27.09
5436795   3357       21.61
5438690   3357       24.71
5439480   3357       24.10
5439865   3357       30.35
5458236   3357       23.07
5461455   3357       35.07
5605414   3357       24.10
5658043   3357       24.10
5688352   3357       24.10
5765952   3357       24.10
5779173   3357       24.10
5915261   3357       31.84
5921128   3357       24.10
5921800   3357       24.71
5923624   3357       27.09
5925143   3357       27.09
5925949   3357       27.29
5929492   3357       24.10
5935536   3357       27.09
5938630   3357       24.10
5938995   3357       24.10
6044716   3357       24.10
6125595   3357       24.71
6127630   3357       20.51
6238388   3357       33.90
6394853   3357       14.44
64800     3357       28.08
6537141   3357       33.66
6573443   3357       22.24
6573855   3357       30.35
6573893   3357       23.07
6575243   3357       21.37
6575301   3357       24.10
6584406   3357       28.38
6634354   3357       24.10
6689708   3357       24.10
6690236   3357       24.10
6701343   3357       24.10
6701344   3357       24.10
6701453   3357       24.10
673822    3357       35.34
6841910   3357       24.71
7076647   3357       24.10
7211860   3357       27.09
7240399   3357       24.10
7300376   3357       24.71
7301470   3357       37.15
7305494   3357       35.16
7305781   3357       29.82
7308623   3357       19.71
7309317   3357       24.71
7309375   3357       21.37
7310425   3357       30.35
7310959   3357       26.03
7311233   3357       18.87
7311255   3357       24.71
7312149   3357       24.10
7313189   3357       32.41
7314050   3357       24.71
7314987   3357       30.35
7315048   3357       27.09
7315058   3357       24.10
7315331   3357       24.10
7316059   3357       30.35
7316139   3357       27.09
7316607   3357       21.58
7316959   3357       24.24
7317744   3357       36.97
7318041   3357       21.06
7319649   3357       27.09
7321787   3357       21.37
7322304   3357       21.37
7322780   3357       23.07
7322794   3357       24.97
7324725   3357       32.84
7325664   3357       17.18
7325721   3357       35.65
7325722   3357       25.69
7325778   3357       26.98
7328421   3357       24.71
7330948   3357       24.10
7331943   3357       21.37
7332202   3357       24.71
7332734   3357       35.07
7333145   3357       27.09
7335642   3357       24.10
7337422   3357       16.26
7338055   3357       30.35
7340200   3357       33.64
7340742   3357       29.89
7340989   3357       24.71
7342107   3357       21.37
7342680   3357       31.84
7343605   3357       24.71
7344290   3357       21.37
7344465   3357       21.37
7347856   3357       25.81
7348137   3357       24.71
7348986   3357       24.10
7349428   3357       33.90
7349843   3357       24.71
7350162   3357       19.13
7350273   3357       21.37
7351297   3357       20.09
7352317   3357       21.37
7353364   3357       24.71
7353377   3357       24.10
7354064   3357       24.71
7354848   3357       26.98
7355837   3357       19.24
7355928   3357       27.86
7359478   3357       27.09
7360346   3357       23.07
7360517   3357       24.10
7363171   3357       15.82
7363652   3357       24.10
7365166   3357       21.96
7365545   3357       21.37
7367276   3357       24.71
7368710   3357       24.71
7369018   3357       24.10
7371154   3357       24.10
7372156   3357       24.71
7372973   3357       16.89
7373089   3357       23.07
7373215   3357       30.35
7374243   3357       23.07
7374616   3357       23.44
7377030   3357       23.07
7377579   3357       24.10
7379256   3357       21.37
7380616   3357       24.71
7381553   3357       24.10
7382148   3357       19.53
7382532   3357       24.71
7384964   3357       24.10
7387544   3357       24.10
7388038   3357       24.71
7388080   3357       24.10
7388125   3357       27.09
7388199   3357       23.07
7389581   3357       24.10
7391472   3357       21.37
7392153   3357       27.09
7393061   3357       21.37
7393144   3357       24.71
7395742   3357       27.30
7396051   3357       24.10
7398038   3357       15.62
7400031   3357       24.10
7401094   3357       24.10
7401380   3357       24.10
7401853   3357       24.71
7403123   3357       24.71
7403188   3357       21.37
7403563   3357       21.37
7406353   3357       24.10
7408531   3357       24.10
7409730   3357       21.37
7410177   3357       33.90
7412535   3357       27.09
7412738   3357       23.07
7415285   3357       33.90
7415448   3357       24.10
7416870   3357       24.71
7417289   3357       24.71
7417791   3357       24.10
7418898   3357       24.71
7418939   3357       24.71
7419340   3357       21.37
7419740   3357       24.71
7419800   3357       24.10
7419866   3357       21.37
7420316   3357       24.10
7420429   3357       27.09
7423108   3357       27.09
7423415   3357       24.10
7423444   3357       24.10
7425063   3357       24.71
7425430   3357       24.10
7425900   3357       21.37
7426046   3357       24.10
7427359   3357       24.71
7427520   3357       24.10
7429274   3357       24.10
7432253   3357       27.09
7434591   3357       24.10
7435158   3357       24.71
7436077   3357       21.37
7436996   3357       24.10
7437806   3357       24.71
7437808   3357       24.71
7438450   3357       24.10
7439597   3357       30.35
7439617   3357       24.10
7439629   3357       24.10
7440809   3357       24.71
7442445   3357       24.10
7444497   3357       24.71
7444651   3357       27.09
7444842   3357       24.10
7444889   3357       30.35
7445661   3357       23.07
7446382   3357       27.09
7446644   3357       24.10
7447067   3357       24.10
7447334   3357       30.35
7447992   3357       24.71
7449457   3357       23.07
7455429   3357       24.10
7455588   3357       24.10
7461704   3357       24.10
7465820   3357       24.10
7465910   3357       24.10
7466779   3357       22.23
7466870   3357       24.10
7502836   3357       18.83
7548386   3357       23.07
7548420   3357       21.37
770342    3357       31.84
7917981   3357       24.10
7981510   3357       27.09
7982728   3357       24.71
7982865   3357       27.09
7983170   3357       24.71
7984159   3357       24.10
7985605   3357       27.97
7988969   3357       24.10
8054279   3357       23.07
8064487   3357       15.48
8068577   3357       17.65
8069571   3357       24.10
8140450   3357       21.09
8594315   3357       24.10
8718789   3357       24.10
8734286   3357       27.09
9066082   3357       28.05
9100619   3357       24.10
9211039   3357       21.37
9261804   3357       27.09
9317884   3357       27.09
9433060   3357       24.10
9540404   3357       27.09
9540845   3357       30.35
9542018   3357       27.09
9542237   3357       21.37
9543174   3357       24.10
9543530   3357       19.11
9544179   3357       24.10
9544345   3357       23.07
9544429   3357       27.09
9544827   3357       27.09
9545198   3357       30.45
9545952   3357       40.92
9546474   3357       24.10
9547148   3357       21.37
9551389   3357       24.10
9552709   3357       24.71
9553039   3357       24.10
9553047   3357       21.37
9553149   3357       24.71
9555077   3357       21.92
9555609   3357       24.71
9555641   3357       24.10
9557148   3357       30.35
9557803   3357       23.07
9557875   3357       24.71
9557894   3357       20.60
9558628   3357       23.07
9560453   3357       24.71
9570736   3357       24.10
9572755   3357       24.10
9577605   3357       24.10
9601343   3357       24.10
9603154   3357       23.07
9603683   3357       24.10
9603870   3357       27.30
9604166   3357       21.37
9604592   3357       33.90
9607091   3357       28.21
9608547   3357       24.10
9609337   3357       24.71
9609338   3357       24.10
9612117   3357       27.09
9612530   3357       24.10
9612692   3357       24.10
9614364   3357       21.37
9615563   3357       24.10
9615964   3357       24.10
9617493   3357       21.37
9620242   3357       27.09
9620248   3357       30.35
9620376   3357       24.10
9620599   3357       27.09
9620701   3357       21.37
9620720   3357       21.37
9621777   3357       24.71
9622347   3357       24.10
9624370   3357       33.90
9624596   3357       24.71
9625361   3357       24.10
9625933   3357       24.10
9626082   3357       24.10
9626215   3357       21.37
9627150   3357       27.09
9627523   3357       24.10
9627724   3357       24.71
9629963   3357       27.09
9631462   3357       27.09
9634554   3357       24.10
9634674   3357       24.10
9636806   3357       24.71
9638320   3357       24.10
9639201   3357       21.37
9845319   3357       23.07
9846320   3357       27.09
9847068   3357       24.10
9847350   3357       24.10
9848693   3357       21.37
9850403   3357       24.10
9851111   3357       24.10
9851993   3357       24.10
