10107724  0357      111.40
10120357  0357      118.78
10121866  0357      222.53
10125466  0357       81.17
10126656  0357       79.19
10141786  0357       89.01
10312414  0357       70.23
10373550  0357      158.38
10639752  0357       81.17
10726693  0357       79.19
10760806  0357       81.17
10764554  0357       89.01
10770124  0357       79.19
10772668  0357       81.17
10774121  0357       89.01
10775520  0357      140.45
10776516  0357      111.40
10776915  0357       81.17
10777482  0357       81.17
10777645  0357      118.78
10778464  0357       81.17
10779723  0357       79.19
10784623  0357       79.19
10794552  0357       79.19
10820078  0357       89.01
10840266  0357       79.19
10841061  0357       75.82
10841823  0357      111.40
10842205  0357       79.19
10843324  0357      197.97
10844575  0357      222.79
10844947  0357       79.19
10845717  0357       81.17
10845943  0357      111.40
10846474  0357       79.19
10846532  0357       89.01
10846629  0357       79.19
10846940  0357      158.38
10846985  0357       79.19
10847648  0357       81.17
10848158  0357       99.73
10849906  0357       79.19
10849907  0357       89.01
10860593  0357       79.19
10903693  0357       81.17
10959957  0357       79.19
10960021  0357       79.19
10963442  0357       89.01
10963957  0357       89.01
10964062  0357      158.38
1108218   0357      110.52
1112379   0357      104.61
1115136   0357       70.43
11163187  0357       81.17
11177533  0357       81.17
11260715  0357       79.19
11261772  0357      111.40
11262378  0357       79.19
11263756  0357       81.17
11264465  0357       79.19
11264550  0357       70.23
11265496  0357       79.19
11265527  0357       89.01
11266390  0357      158.38
11267811  0357      140.45
11267932  0357      162.35
11268437  0357      111.40
11269196  0357       99.73
1129535   0357       97.53
11414487  0357       89.01
11425214  0357       79.19
11425449  0357       79.19
11426462  0357       70.23
11428034  0357       70.23
11428889  0357      197.97
11429539  0357      158.38
11429792  0357       81.17
11429991  0357      118.78
11430700  0357       79.19
11433167  0357       79.19
11433865  0357      158.38
11434350  0357       79.19
11546168  0357       70.23
11580362  0357       89.01
11584952  0357       79.19
11586448  0357       79.19
11589730  0357      158.38
11594236  0357      111.40
11594524  0357       81.17
11596252  0357       79.19
11597667  0357       79.19
11598121  0357       75.82
11598207  0357       81.17
11598956  0357       75.82
11633896  0357       75.82
11645810  0357       79.19
11651035  0357       79.19
11651090  0357       79.19
11652405  0357       79.19
11653864  0357       79.19
11694358  0357       81.17
11694758  0357       79.19
11695394  0357      162.35
11749469  0357       79.19
11783201  0357       89.01
11783366  0357      111.40
11784637  0357       81.17
11786325  0357      111.40
11786432  0357       75.82
11787653  0357      158.38
11787807  0357       79.19
11788587  0357      178.02
11788630  0357       89.01
11790273  0357       79.19
11790818  0357      118.78
11791177  0357       79.19
11792506  0357       81.17
11792846  0357       79.19
118087    0357      184.79
11878930  0357       79.19
11879419  0357       89.01
11879750  0357       89.01
11881224  0357      111.40
11881668  0357      202.94
11881669  0357       81.17
11882080  0357       70.23
11882720  0357      111.40
11883300  0357      158.38
11949766  0357      111.40
12011761  0357      222.79
12018571  0357      105.34
12018729  0357       81.17
12018852  0357       79.19
12019816  0357       70.23
12020535  0357       99.73
12021559  0357       89.01
12021966  0357       79.19
12022428  0357       89.01
12023306  0357       99.73
12023981  0357      118.78
12024178  0357       79.19
12024179  0357       79.19
12025294  0357      118.78
12025488  0357       81.17
12025491  0357       81.17
12026565  0357       79.19
12027093  0357       79.19
12027260  0357       79.19
12027527  0357       81.17
12027928  0357       81.17
12027973  0357      178.02
12080554  0357       79.19
1218058   0357       92.95
12241212  0357      121.76
12242270  0357       79.19
12243077  0357       81.17
12244707  0357       81.17
12247738  0357      118.78
12248400  0357      202.94
12248755  0357       89.01
12248784  0357      151.63
12248960  0357       79.19
12249178  0357      111.40
12279667  0357       79.19
12314254  0357      249.32
1232375   0357      149.49
12369466  0357       79.19
12370670  0357       99.73
1239070   0357      110.52
12434895  0357       75.82
12435304  0357       79.19
12435757  0357      121.76
12435759  0357      197.97
12527456  0357       70.23
12534356  0357       79.19
12536172  0357       79.19
12536549  0357       99.73
1254062   0357      116.11
1257983   0357       98.56
1258658   0357      104.61
1259324   0357      116.11
1260432   0357      104.61
1261562   0357      116.11
1262953   0357       66.18
1263302   0357      121.47
1263303   0357      104.61
1263991   0357      144.86
1265436   0357      104.61
1266723   0357       89.66
12691465  0357       79.19
1269356   0357      197.12
12698409  0357       81.17
12698965  0357       81.17
12700553  0357       70.23
12701276  0357       79.19
12701301  0357       81.17
12702273  0357       70.23
12704473  0357       75.82
12704482  0357      178.02
12704649  0357       79.19
12704927  0357       79.19
12705860  0357       79.19
12706171  0357       79.19
12706774  0357      178.02
12707136  0357       79.19
1272390   0357      116.11
1273369   0357       96.10
1277938   0357      116.11
1278407   0357      104.61
12848719  0357       79.19
12849330  0357       99.73
12851330  0357       79.19
12852888  0357       79.19
12858616  0357      118.78
12878256  0357       79.19
12884972  0357       79.19
12934142  0357       70.23
12934525  0357       81.17
12935305  0357       79.19
12935606  0357       79.19
13032012  0357      162.35
13032033  0357       79.19
13034237  0357       79.19
13035222  0357      111.40
13084488  0357       75.82
13084886  0357       70.23
13180551  0357       79.19
1318484   0357      110.52
13187744  0357      158.38
13187816  0357      113.72
13188137  0357       75.82
13188604  0357      113.72
13264411  0357       79.19
13265462  0357       81.17
13265946  0357      118.78
13266369  0357       79.19
13268000  0357      162.35
13268185  0357      162.35
13268457  0357       70.23
13268537  0357      118.78
13343258  0357       81.17
13346269  0357      202.94
13408041  0357       75.82
13510172  0357       75.82
13510180  0357       81.17
13527636  0357       89.01
13566631  0357      111.40
13643981  0357      162.35
13643982  0357      121.76
13644051  0357       79.19
13644555  0357      202.94
13644665  0357       79.19
13644680  0357      222.53
13652653  0357       81.17
13674854  0357       89.01
13678214  0357       79.19
13678857  0357       81.17
13679940  0357       79.19
13724134  0357      118.78
13774187  0357       81.17
13774684  0357       79.19
13775452  0357       81.17
13775808  0357       81.17
13777181  0357      121.76
13785046  0357       81.17
13785661  0357       79.19
13785997  0357       70.23
13786181  0357       79.19
13787208  0357       79.19
13787741  0357       81.17
13842354  0357       79.19
13843775  0357       79.19
13856268  0357       79.19
13867427  0357      118.78
13868652  0357       79.19
13880177  0357       81.17
13880981  0357       79.19
13905892  0357       81.17
13986119  0357       79.19
13990906  0357      133.52
14003086  0357       70.23
14030527  0357       81.17
14031045  0357       79.19
14031497  0357      197.97
1404429   0357       71.73
14093727  0357      118.78
14094806  0357       89.01
14143188  0357       70.23
14159223  0357      162.35
14176129  0357       79.19
14176671  0357       79.19
14270811  0357      202.94
14293118  0357      118.78
1431183   0357      104.61
14335445  0357       70.23
14335539  0357       79.19
1433726   0357      104.61
14372299  0357       89.01
14372818  0357      134.22
14376347  0357       79.19
14398946  0357       79.19
14399267  0357      113.72
14405196  0357       79.19
14405401  0357       79.19
14513487  0357       81.17
14590375  0357       75.82
14607589  0357      113.72
14648947  0357       79.19
14649126  0357       81.17
14810540  0357      118.78
14825867  0357       79.19
14877620  0357       79.19
14877805  0357       89.01
14877859  0357       99.73
14879704  0357      121.76
14880827  0357       89.01
15170350  0357       75.82
15177340  0357       89.01
15177867  0357      162.35
15306151  0357      175.57
15306996  0357       70.23
15352095  0357       79.19
15444811  0357       89.01
15448608  0357       79.19
15597541  0357       81.17
15598043  0357       81.17
15598319  0357       79.19
15598510  0357      158.38
15598933  0357       81.17
15599928  0357      113.72
15668151  0357      158.38
15668851  0357       75.82
15690244  0357       81.17
15729233  0357      118.78
15729536  0357      189.54
15778630  0357      118.78
15827139  0357       89.01
15959808  0357       81.17
16001576  0357       81.17
16137706  0357       70.23
16138119  0357      118.78
1631390   0357       62.56
16324090  0357       79.19
16594051  0357       75.82
16641426  0357       70.23
16736267  0357       79.19
16770549  0357       79.19
16788972  0357      158.38
16796439  0357      162.35
17011869  0357      158.38
17012587  0357      197.97
17019549  0357       79.19
17033230  0357       81.17
17033256  0357       81.17
17104175  0357       79.19
17306742  0357       81.17
1737075   0357      110.52
17379215  0357      113.72
17504786  0357       75.82
17572385  0357      158.38
17574055  0357      189.54
17626132  0357      151.63
1763812   0357       66.18
1764349   0357      121.47
1765295   0357      368.65
1769938   0357      108.31
17965237  0357      118.78
18058393  0357       81.17
18059918  0357       79.19
18263579  0357      118.78
18263756  0357       79.19
1834693   0357       89.66
18471327  0357       79.19
18618969  0357       81.17
18656459  0357      118.78
18785684  0357       81.17
18950730  0357       81.17
1906129   0357      104.61
19166206  0357      202.94
19262723  0357       79.19
1926999   0357       98.56
19324610  0357      158.38
19827450  0357       81.17
19850185  0357      202.94
19973112  0357       79.19
20187870  0357      151.63
20189202  0357       99.73
20235584  0357      151.63
2030572   0357      110.52
2033664   0357       85.68
20348834  0357      121.76
20351464  0357      158.38
21140944  0357      121.76
2130876   0357      121.47
2157417   0357      214.20
2186056   0357      110.52
2189077   0357      157.14
2196831   0357      116.11
2198274   0357       90.05
2198799   0357      110.52
2199826   0357      116.11
2272067   0357      121.47
23156662  0357       82.09
2376223   0357       84.65
2380275   0357       98.56
2384661   0357      104.61
2529886   0357      104.61
2532585   0357      121.47
2533320   0357       91.56
2533977   0357      113.75
2534786   0357       76.17
2535843   0357       98.56
2536373   0357       98.56
2536795   0357       95.30
2538821   0357      102.01
2539607   0357       98.56
2539943   0357      121.47
2541142   0357      104.61
2541439   0357       70.91
2541709   0357      103.30
2543654   0357      104.61
2543932   0357      116.11
2592064   0357       98.57
2592966   0357      116.11
2593377   0357       93.89
2593686   0357      110.52
2596405   0357       81.18
2597854   0357      115.22
2598033   0357      126.88
2598872   0357      113.88
2601437   0357      103.58
2603046   0357      122.44
2605117   0357       86.58
2605164   0357      113.89
2605539   0357      100.38
2605823   0357       89.70
2607322   0357       62.57
2608233   0357       61.04
2608304   0357      106.48
2608554   0357      115.22
2684589   0357      104.61
2741170   0357       93.47
2854705   0357      110.52
2870837   0357      117.97
2910376   0357      121.47
2910432   0357      108.31
2911765   0357      110.52
2912407   0357      121.47
2912692   0357       85.68
2913757   0357      108.39
2913809   0357      121.47
2914272   0357      102.59
2915293   0357      121.47
2915714   0357      104.61
2915780   0357      121.14
2916102   0357       76.17
2916362   0357      117.95
2916467   0357      116.11
2916786   0357      110.52
2918280   0357      261.52
2992913   0357      121.47
3035349   0357      104.61
3039370   0357       98.08
3080057   0357      128.52
3080311   0357      104.61
3080984   0357       79.19
3081351   0357       96.10
3082505   0357       66.46
3083006   0357      104.61
3083065   0357      121.47
3083457   0357      136.65
3083843   0357      116.11
3084868   0357      105.86
3084978   0357       98.55
3085009   0357       92.68
3085276   0357       92.26
3090485   0357       61.83
3156003   0357       61.96
3234299   0357       92.26
3245420   0357      104.61
3314884   0357       76.23
3315121   0357      121.47
3315781   0357      121.47
3317339   0357       61.90
3317520   0357       90.60
3318589   0357       64.94
3318694   0357       61.58
3318719   0357      105.86
3319659   0357      116.11
3320986   0357      104.61
3322128   0357       98.20
3322284   0357      110.52
3322381   0357      107.91
3324084   0357       79.19
3324110   0357       78.36
3324403   0357       85.68
3329806   0357      122.44
3353242   0357       64.70
3457632   0357       56.45
3528540   0357       63.12
3533360   0357       65.79
3535445   0357      107.58
3535676   0357      107.65
3535838   0357      119.69
3538837   0357       63.03
3539352   0357      114.75
3541739   0357       86.22
3541975   0357       89.69
3542004   0357       89.01
3542015   0357       68.89
3554092   0357       98.56
3593839   0357       94.01
3598528   0357      109.10
3710064   0357       70.23
3759377   0357      125.41
3784066   0357       70.29
3784441   0357       64.60
3785251   0357       85.51
3792247   0357       92.95
3830110   0357      132.56
3855157   0357       89.70
3855577   0357      104.61
3856978   0357      121.17
3857004   0357       92.68
3857220   0357       84.79
3857667   0357      123.38
3857878   0357      117.25
3858323   0357      169.60
3858856   0357       89.01
3859230   0357       91.35
3864991   0357       62.26
3875055   0357       79.19
3877925   0357      178.02
3878006   0357       70.23
3963688   0357       70.50
3964093   0357       79.19
3964337   0357      141.22
3965704   0357       97.97
3969513   0357       58.51
4001934   0357       67.65
4064149   0357       56.36
4065177   0357      116.11
4065584   0357       79.19
4065648   0357       75.49
4066245   0357      114.97
4067118   0357       58.16
4067735   0357       70.23
4067795   0357      113.31
4068788   0357       58.21
4071074   0357      111.40
4071241   0357       58.62
4107436   0357       70.23
4191539   0357       77.88
4193094   0357      193.40
4194671   0357       62.54
4195654   0357      118.79
4199927   0357       85.41
4200911   0357      109.49
4238916   0357      139.82
430240    0357      121.47
4317775   0357       89.01
4373204   0357       89.01
4373479   0357       58.21
4375498   0357      110.82
4375998   0357      119.16
4376813   0357       75.82
4377201   0357      121.80
437803    0357      104.61
4378140   0357       60.74
4378236   0357      121.00
4378283   0357       85.51
4378759   0357       89.01
4379154   0357      131.39
4381341   0357       99.44
4381614   0357       81.17
4382400   0357      116.57
4383023   0357       89.01
4383200   0357      131.29
4385047   0357      127.20
4386936   0357       99.73
4387777   0357      175.57
439023    0357       61.00
4409485   0357       89.01
4409788   0357      112.73
4409789   0357      162.35
4414417   0357       66.00
4414541   0357       95.67
4414909   0357      122.40
4415675   0357      107.06
443869    0357      104.61
4609506   0357       62.38
4610129   0357      113.88
4720170   0357      121.76
4720923   0357       79.19
4721016   0357       81.17
4721639   0357      121.47
4722680   0357      119.63
4722814   0357       83.91
4723168   0357      108.39
4723276   0357       70.23
4723403   0357      118.95
4724433   0357      126.88
4725919   0357      178.02
4727740   0357       70.23
4728331   0357      110.28
4729448   0357       84.41
4729575   0357       49.76
4730168   0357       89.01
4730490   0357      100.06
4730823   0357       74.15
4731322   0357       89.01
4731494   0357       71.13
4732090   0357       59.45
4732618   0357       75.82
4734527   0357       75.82
4734940   0357       81.17
4735505   0357      121.47
4738424   0357      104.61
4739546   0357      168.71
4739796   0357       89.01
4754833   0357      187.40
4803744   0357       89.01
4805842   0357       79.19
4827213   0357       58.89
4853128   0357       87.71
4882144   0357       72.37
5017295   0357       70.23
5022967   0357      122.19
5237805   0357       79.19
5238236   0357      125.41
5239261   0357       63.14
5240821   0357       84.17
5242545   0357       96.52
5244302   0357       63.30
5244483   0357       70.23
5244484   0357       71.13
5244765   0357       64.92
5245261   0357       89.01
5248926   0357       66.76
5248954   0357       73.16
5249259   0357       79.19
5249817   0357       89.01
5250965   0357      106.33
5251153   0357       70.95
5251214   0357       61.86
5252606   0357      178.02
5253930   0357      139.05
5254613   0357       75.59
5254952   0357      105.31
5255567   0357       79.19
5255641   0357       89.01
5257069   0357       61.15
5257175   0357      115.22
5257421   0357       99.73
5257727   0357      197.97
5257774   0357       79.19
5259121   0357      131.89
5259785   0357       92.17
5261116   0357       75.82
5261139   0357       79.19
5261250   0357       79.99
5261418   0357       59.92
5261643   0357       81.17
5263470   0357       94.56
5344986   0357       81.17
5435450   0357       75.82
5436619   0357       89.01
5436795   0357       71.01
5438690   0357       81.17
5439480   0357       79.19
5439865   0357      249.32
5458236   0357       75.82
5461455   0357      115.22
5605414   0357      158.38
5658043   0357       79.19
5688352   0357       79.19
5765952   0357       79.19
5779173   0357       79.19
5915261   0357      104.61
5921128   0357       79.19
5921800   0357       81.17
5923624   0357       89.01
5925143   0357       89.01
5925949   0357       89.66
5929492   0357       79.19
5935536   0357      222.53
5938630   0357       79.19
5938995   0357       79.19
6044716   0357      118.78
6125595   0357      202.94
6127630   0357       67.38
6238388   0357      111.40
6394853   0357       47.46
64800     0357       92.26
6537141   0357      110.60
6573443   0357       73.07
6573855   0357       99.73
6573893   0357       75.82
6575243   0357       70.23
6575301   0357       79.19
6584406   0357      233.12
6634354   0357       79.19
6689708   0357       79.19
6690236   0357       79.19
6701343   0357       79.19
6701344   0357       79.19
6701453   0357       79.19
673822    0357      116.11
6841910   0357       81.17
7076647   0357       79.19
7211860   0357       89.01
7240399   0357       79.19
7300376   0357       81.17
7301470   0357      122.06
7305494   0357      115.54
7305781   0357       97.97
7308623   0357       64.77
7309317   0357       81.17
7309375   0357       70.23
7310425   0357       99.73
7310959   0357       85.51
7311233   0357       62.01
7311255   0357       81.17
7312149   0357       79.19
7313189   0357      106.48
7314050   0357       81.17
7314987   0357       99.73
7315048   0357       89.01
7315058   0357      197.97
7315331   0357       79.19
7316059   0357       99.73
7316139   0357       89.01
7316607   0357       70.91
7316959   0357      159.28
7317744   0357      242.93
7318041   0357       69.20
7319649   0357      178.02
7321787   0357       70.23
7322304   0357       70.23
7322780   0357       75.82
7322794   0357       82.04
7324725   0357      107.91
7325664   0357       56.46
7325721   0357      117.14
7325722   0357       84.40
7325778   0357       88.65
7328421   0357       81.17
7330948   0357       79.19
7331943   0357       70.23
7332202   0357       81.17
7332734   0357      172.83
7333145   0357       89.01
7333526   0357      162.35
7335642   0357       79.19
7337422   0357       53.42
7337778   0357       81.17
7338055   0357       99.73
7340200   0357      110.52
7340742   0357       98.20
7340989   0357       81.17
7342107   0357       70.23
7342680   0357      104.61
7343605   0357       81.17
7344290   0357       70.23
7344465   0357      140.45
7347856   0357       84.80
7348137   0357       81.17
7348986   0357       79.19
7349428   0357      278.49
7349843   0357       81.17
7350162   0357       62.87
7350273   0357       70.23
7351297   0357       66.00
7352317   0357       70.23
7353364   0357      162.35
7353377   0357       79.19
7354064   0357       81.17
7354848   0357       88.65
7355837   0357      158.04
7355928   0357       91.55
7359478   0357       89.01
7360346   0357       75.82
7360517   0357       79.19
7363171   0357       51.98
7363652   0357       79.19
7365166   0357       72.16
7365545   0357       70.23
7367276   0357       81.17
7368710   0357      162.35
7369018   0357       79.19
7371154   0357       79.19
7372156   0357       81.17
7372973   0357       55.49
7373089   0357       75.82
7373215   0357       99.73
7374243   0357       75.82
7374616   0357       77.00
7377030   0357       75.82
7377579   0357       79.19
7379256   0357      140.45
7380616   0357       81.17
7381553   0357       79.19
7382148   0357       64.16
7382532   0357       81.17
7384964   0357       79.19
7387544   0357      158.38
7388038   0357       81.17
7388080   0357       79.19
7388125   0357       89.01
7388199   0357      113.72
7389581   0357       79.19
7391472   0357       70.23
7392153   0357      222.53
7393061   0357       70.23
7393144   0357      162.35
7395742   0357       89.68
7396051   0357      118.78
7398038   0357       51.31
7400031   0357       79.19
7401094   0357       79.19
7401380   0357       79.19
7401853   0357       81.17
7403123   0357       81.17
7403188   0357       70.23
7403563   0357       70.23
7406353   0357       79.19
7408531   0357       79.19
7409730   0357       70.23
7410177   0357      111.40
7412535   0357       89.01
7412738   0357       75.82
7415285   0357      111.40
7415448   0357       79.19
7416870   0357       81.17
7417289   0357      162.35
7417791   0357      158.38
7418898   0357       81.17
7418939   0357       81.17
7419340   0357       70.23
7419740   0357       81.17
7419800   0357       79.19
7419866   0357      175.57
7420316   0357       79.19
7420429   0357       89.01
7423108   0357       89.01
7423415   0357       79.19
7423444   0357       79.19
7425063   0357       81.17
7425430   0357       79.19
7425900   0357       70.23
7426046   0357       79.19
7427359   0357       81.17
7427520   0357       79.19
7429274   0357       79.19
7432253   0357       89.01
7434591   0357      197.97
7435158   0357      202.94
7436077   0357      140.45
7436996   0357       79.19
7437806   0357       81.17
7437808   0357       81.17
7438450   0357       79.19
7439597   0357      199.46
7439617   0357       79.19
7439629   0357       79.19
7440809   0357       81.19
7442445   0357       79.19
7444497   0357      121.76
7444651   0357       89.01
7444842   0357       79.19
7444889   0357      199.46
7445661   0357       75.82
7446382   0357       89.01
7446644   0357       79.19
7447067   0357      197.97
7447334   0357       99.73
7447992   0357       81.17
7449457   0357       75.82
7455429   0357       79.19
7455588   0357       79.19
7461704   0357       79.19
7465820   0357      197.97
7465910   0357       79.19
7466779   0357       73.05
7466870   0357       79.19
7502836   0357       61.85
7548386   0357       75.82
7548420   0357       70.23
770342    0357      104.61
7917981   0357       79.19
7981510   0357       89.01
7982728   0357       81.17
7982865   0357       89.01
7983170   0357       81.17
7984159   0357       79.19
7985605   0357       91.91
7988969   0357       79.19
8054279   0357       75.82
8064487   0357      101.75
8068577   0357       57.98
8069571   0357       79.19
8140450   0357       69.31
8594315   0357       79.19
8718789   0357      158.38
8734286   0357       89.01
9066082   0357       92.17
9100619   0357       79.19
9211039   0357       70.23
9261804   0357       89.01
9317884   0357      178.02
9433060   0357       79.19
9540404   0357       89.01
9540845   0357      149.59
9542018   0357       89.01
9542237   0357       70.23
9543174   0357       79.19
9543530   0357       62.81
9544179   0357       79.19
9544345   0357       75.82
9544429   0357       89.01
9544827   0357       89.01
9545198   0357      100.06
9545952   0357      134.46
9546474   0357       79.19
9547148   0357       70.23
9551389   0357       79.19
9552709   0357       81.17
9553039   0357       79.19
9553047   0357       70.23
9553149   0357       81.17
9555077   0357       72.01
9555609   0357       81.17
9555641   0357       79.19
9557148   0357      199.46
9557803   0357       75.82
9557875   0357       81.17
9557894   0357       67.69
9558628   0357       75.82
9560453   0357       81.17
9570736   0357       79.19
9572755   0357       79.19
9577605   0357       79.19
9601343   0357      197.97
9603154   0357       75.82
9603683   0357       79.19
9603870   0357       89.69
9604166   0357       70.23
9604592   0357      167.09
9607091   0357       92.68
9608547   0357       79.19
9609337   0357       81.17
9609338   0357      158.38
9612117   0357      140.96
9612530   0357      197.97
9612692   0357       79.19
9614364   0357      140.45
9615563   0357       79.19
9615964   0357       79.19
9617493   0357      140.45
9620242   0357      178.02
9620248   0357      199.46
9620376   0357       79.19
9620599   0357       89.01
9620701   0357       70.23
9620720   0357       70.23
9621777   0357       81.17
9622347   0357       79.19
9624370   0357      111.40
9624596   0357       81.17
9625361   0357       79.19
9625933   0357      158.38
9626082   0357       79.19
9626215   0357       70.23
9627150   0357      222.53
9627523   0357      158.38
9627724   0357       81.17
9629963   0357       89.01
9631462   0357       89.01
9634554   0357       79.19
9634674   0357       79.19
9636806   0357       81.17
9638320   0357       79.19
9639201   0357       70.23
9845319   0357       75.82
9846320   0357       89.01
9847068   0357       70.23
9847350   0357       79.19
9848693   0357       70.23
9850403   0357       79.19
9851111   0357       79.19
9851993   0357       79.19
10107724  3357      111.40
10120357  3357       79.19
10121866  3357       89.01
10125466  3357       81.17
10126656  3357       79.19
10141786  3357       89.01
10312414  3357       70.23
10373550  3357       79.19
10639752  3357       81.17
10726693  3357       79.19
10760806  3357       81.17
10764554  3357       89.01
10770124  3357       79.19
10772668  3357       81.17
10774121  3357       89.01
10775520  3357       70.23
10776516  3357      111.40
10776915  3357       81.17
10777482  3357       81.17
10777645  3357       79.19
10778464  3357       81.17
10779723  3357       79.19
10784623  3357       79.19
10794552  3357       79.19
10820078  3357       89.01
10840266  3357       79.19
10841061  3357       75.82
10841823  3357      111.40
10842205  3357       79.19
10843324  3357       79.19
10844575  3357      111.40
10844947  3357       79.19
10845717  3357       81.17
10845943  3357      111.40
10846474  3357       79.19
10846532  3357       89.01
10846629  3357       79.19
10846940  3357       79.19
10846985  3357       79.19
10847648  3357       81.17
10848158  3357       99.73
10849906  3357       79.19
10849907  3357       89.01
10860593  3357       79.19
10903693  3357       81.17
10959957  3357       79.19
10960021  3357       79.19
10963442  3357       89.01
10963957  3357       89.01
10964062  3357       79.19
1108218   3357      110.52
1112379   3357      104.61
1115136   3357       70.43
11163187  3357       81.17
11177533  3357       81.17
11260715  3357       79.19
11261772  3357      111.40
11262378  3357       79.19
11263756  3357       81.17
11264465  3357       79.19
11264550  3357       70.23
11265496  3357       79.19
11265527  3357       89.01
11266390  3357       79.19
11267811  3357       70.23
11267932  3357       81.17
11268437  3357      111.40
11269196  3357       99.73
1129535   3357       97.53
11414487  3357       89.01
11425214  3357       79.19
11425449  3357       79.19
11426462  3357       70.23
11428034  3357       70.23
11428889  3357       79.19
11429539  3357       79.19
11429792  3357       81.17
11429991  3357       79.19
11430700  3357       79.19
11433167  3357       79.19
11433865  3357       79.19
11434350  3357       79.19
11546168  3357       70.23
11580362  3357       89.01
11584952  3357       79.19
11586448  3357       79.19
11589730  3357       79.19
11594236  3357      111.40
11594524  3357       81.17
11596252  3357       79.19
11597667  3357       79.19
11598121  3357       75.82
11598207  3357       81.17
11598956  3357       75.82
11633896  3357       75.82
11645810  3357       79.19
11651035  3357       79.19
11651090  3357       79.19
11652405  3357       79.19
11653864  3357       79.19
11694358  3357       81.17
11694758  3357       79.19
11695394  3357       81.17
11749469  3357       79.19
11783201  3357       89.01
11783366  3357      111.40
11784637  3357       81.17
11786325  3357      111.40
11786432  3357       75.82
11787653  3357       79.19
11787807  3357       79.19
11788587  3357       89.01
11788630  3357       89.01
11790273  3357       79.19
11790818  3357       79.19
11791177  3357       79.19
11792506  3357       81.17
11792846  3357       79.19
118087    3357      184.79
11878930  3357       79.19
11879419  3357       89.01
11879750  3357       89.01
11881224  3357      111.40
11881668  3357       81.17
11881669  3357       81.17
11882080  3357       70.23
11882720  3357      111.40
11883300  3357       79.19
11949766  3357      111.40
12011761  3357      111.40
12018571  3357       70.23
12018729  3357       81.17
12018852  3357       79.19
12019816  3357       70.23
12020535  3357       99.73
12021559  3357       89.01
12021966  3357       79.19
12022428  3357       89.01
12023306  3357       99.73
12023981  3357       79.19
12024178  3357       79.19
12024179  3357       79.19
12025294  3357       79.19
12025488  3357       81.17
12025491  3357       81.17
12026565  3357       79.19
12027093  3357       79.19
12027260  3357       79.19
12027527  3357       81.17
12027928  3357       81.17
12027973  3357       89.01
12080554  3357       79.19
1218058   3357       92.95
12241212  3357       81.17
12242270  3357       79.19
12243077  3357       81.17
12244707  3357       81.17
12247738  3357       79.19
12248400  3357       81.17
12248755  3357       89.01
12248784  3357       75.82
12248960  3357       79.19
12249178  3357      111.40
12279667  3357       79.19
12314254  3357       99.73
1232375   3357      149.49
12369466  3357       79.19
12370670  3357       99.73
1239070   3357      110.52
12434895  3357       75.82
12435304  3357       79.19
12435757  3357       81.17
12435759  3357       79.19
12527456  3357       70.23
12534356  3357       79.19
12536172  3357       79.19
12536549  3357       99.73
1254062   3357      116.11
1257983   3357       98.56
1258658   3357      104.61
1259324   3357      116.11
1260432   3357      104.61
1261562   3357      116.11
1262953   3357       66.18
1263302   3357      121.47
1263303   3357      104.61
1263991   3357      144.86
1265436   3357      104.61
1266723   3357       89.66
12691465  3357       79.19
1269356   3357       98.56
12698409  3357       81.17
12698965  3357       81.17
12700553  3357       70.23
12701276  3357       79.19
12701301  3357       81.17
12702273  3357       70.23
12704473  3357       75.82
12704482  3357       89.01
12704649  3357       79.19
12704927  3357       79.19
12705860  3357       79.19
12706171  3357       79.19
12706774  3357       89.01
12707136  3357       79.19
1272390   3357      116.11
1273369   3357       96.10
1277938   3357      116.11
1278407   3357      104.61
12848719  3357       79.19
12849330  3357       99.73
12851330  3357       79.19
12852888  3357       79.19
12858616  3357       79.19
12878256  3357       79.19
12884972  3357       79.19
12934142  3357       70.23
12934525  3357       81.17
12935305  3357       79.19
12935606  3357       79.19
13032012  3357       81.17
13032033  3357       79.19
13034237  3357       79.19
13035222  3357      111.40
13084488  3357       75.82
13084886  3357       70.23
13180551  3357       79.19
1318484   3357      110.52
13187744  3357       79.19
13187816  3357       75.82
13188137  3357       75.82
13188604  3357       75.82
13264411  3357       79.19
13265462  3357       81.17
13265946  3357       79.19
13266369  3357       79.19
13268000  3357       81.17
13268185  3357       81.17
13268457  3357       70.23
13268537  3357       79.19
13343258  3357       81.17
13346269  3357       81.17
13408041  3357       75.82
13510172  3357       75.82
13510180  3357       81.17
13527636  3357       89.01
13566631  3357      111.40
13643981  3357       81.17
13643982  3357       81.17
13644051  3357       79.19
13644555  3357       81.17
13644665  3357       79.19
13644680  3357       89.01
13652653  3357       81.17
13674854  3357       89.01
13678214  3357       79.19
13678857  3357       81.17
13679940  3357       79.19
13724134  3357       79.19
13774187  3357       81.17
13774684  3357       79.19
13775452  3357       81.17
13775808  3357       81.17
13777181  3357       81.17
13785046  3357       81.17
13785661  3357       79.19
13785997  3357       70.23
13786181  3357       79.19
13787208  3357       79.19
13787741  3357       81.17
13842354  3357       79.19
13843775  3357       79.19
13856268  3357       79.19
13867427  3357       79.19
13868652  3357       79.19
13880177  3357       81.17
13880981  3357       79.19
13905892  3357       81.17
13986119  3357       79.19
13990906  3357       89.01
14003086  3357       70.23
14030527  3357       81.17
14031045  3357       79.19
14031497  3357       79.19
1404429   3357       71.73
14093727  3357       79.19
14094806  3357       89.01
14143188  3357       70.23
14159223  3357       81.17
14176129  3357       79.19
14176671  3357       79.19
14270811  3357       81.17
14293118  3357       79.19
1431183   3357      104.61
14335445  3357       70.23
14335539  3357       79.19
1433726   3357      104.61
14372299  3357       89.01
14372818  3357       53.69
14376347  3357       79.19
14398946  3357       79.19
14399267  3357       75.82
14405196  3357       79.19
14405401  3357       79.19
14513487  3357       81.17
14590375  3357       75.82
14607589  3357       75.82
14648947  3357       79.19
14649126  3357       81.17
14810540  3357       79.19
14825867  3357       79.19
14877620  3357       79.19
14877805  3357       89.01
14877859  3357       99.73
14879704  3357       81.17
14880827  3357       89.01
15170350  3357       75.82
15177340  3357       89.01
15177867  3357       81.17
15306151  3357       70.23
15306996  3357       70.23
15352095  3357       79.19
15444811  3357       89.01
15448608  3357       79.19
15597541  3357       81.17
15598043  3357       81.17
15598319  3357       79.19
15598510  3357       79.19
15598933  3357       81.17
15599928  3357       75.82
15668151  3357       79.19
15668851  3357       75.82
15690244  3357       81.17
15729233  3357       79.19
15729536  3357       75.82
15778630  3357       79.19
15827139  3357       89.01
15959808  3357       81.17
16001576  3357       81.17
16137706  3357       70.23
16138119  3357       79.19
1631390   3357       62.56
16324090  3357       79.19
16594051  3357       75.82
16641426  3357       70.23
16736267  3357       79.19
16770549  3357       79.19
16788972  3357       79.19
16796439  3357       81.17
17011869  3357       79.19
17012587  3357       79.19
17019549  3357       79.19
17033230  3357       81.17
17033256  3357       81.17
17104175  3357       79.19
17306742  3357       81.17
1737075   3357      110.52
17379215  3357       75.82
17504786  3357       75.82
17572385  3357       79.19
17574055  3357       75.82
17626132  3357       75.82
1763812   3357       66.18
1764349   3357      121.47
1765295   3357      184.33
1769938   3357      108.31
17965237  3357       79.19
18058393  3357       81.17
18059918  3357       79.19
18263579  3357       79.19
18263756  3357       79.19
1834693   3357       89.66
18471327  3357       79.19
18618969  3357       81.17
18656459  3357       79.19
18785684  3357       81.17
18950730  3357       81.17
1906129   3357      104.61
19166206  3357       81.17
19262723  3357       79.19
1926999   3357       98.56
19324610  3357       79.19
19827450  3357       81.17
19850185  3357       81.17
19973112  3357       79.19
20187870  3357       75.82
20189202  3357       99.73
20235584  3357       75.82
2030572   3357      110.52
2033664   3357       85.68
20348834  3357       81.17
20351464  3357       79.19
21140944  3357       81.17
2130876   3357      121.47
2157417   3357       85.68
2186056   3357      110.52
2189077   3357      157.14
2196831   3357      116.11
2198274   3357       90.05
2198799   3357      110.52
2199826   3357      116.11
2272067   3357      121.47
23156662  3357       82.09
2376223   3357       84.65
2380275   3357       98.56
2384661   3357      104.61
2529886   3357      104.61
2532585   3357      121.47
2533320   3357       91.56
2533977   3357      113.75
2534786   3357       76.17
2535843   3357       98.56
2536373   3357       98.56
2536795   3357       95.30
2538821   3357      102.01
2539607   3357       98.56
2539943   3357      121.47
2541142   3357      104.61
2541439   3357       70.91
2541709   3357      103.30
2543654   3357      104.61
2543932   3357      116.11
2592064   3357       98.57
2592966   3357      116.11
2593377   3357       93.89
2593686   3357      110.52
2596405   3357       81.18
2597854   3357      115.22
2598033   3357      126.88
2598872   3357      113.88
2601437   3357      103.58
2603046   3357      122.44
2605117   3357       86.58
2605164   3357      113.89
2605539   3357      100.38
2605823   3357       89.70
2607322   3357       62.57
2608233   3357       61.04
2608304   3357      106.48
2608554   3357      115.22
2684589   3357      104.61
2741170   3357       93.47
2854705   3357      110.52
2870837   3357      117.97
2910376   3357      121.47
2910432   3357      108.31
2911765   3357      110.52
2912407   3357      121.47
2912692   3357       85.68
2913757   3357      108.39
2913809   3357      121.47
2914272   3357      102.59
2915293   3357      121.47
2915714   3357      104.61
2915780   3357      121.14
2916102   3357       76.17
2916362   3357      117.95
2916467   3357      116.11
2916786   3357      110.52
2918280   3357      104.61
2992913   3357      121.47
3035349   3357      104.61
3039370   3357       98.08
3080057   3357       85.68
3080311   3357      104.61
3080984   3357       79.19
3081351   3357       96.10
3082505   3357       66.46
3083006   3357      104.61
3083065   3357      121.47
3083457   3357      136.65
3083843   3357      116.11
3084868   3357      105.86
3084978   3357       98.55
3085009   3357       92.68
3085276   3357       92.26
3090485   3357       61.83
3156003   3357       61.96
3234299   3357       92.26
3245420   3357      104.61
3314884   3357       76.23
3315121   3357      121.47
3315781   3357      121.47
3317339   3357       61.90
3317520   3357       90.60
3318589   3357       64.94
3318694   3357       61.58
3318719   3357      105.86
3319659   3357      116.11
3320986   3357      104.61
3322128   3357       98.20
3322284   3357      110.52
3322381   3357      107.91
3324084   3357       79.19
3324110   3357       78.36
3324403   3357       85.68
3329806   3357      122.44
3353242   3357       64.70
3457632   3357       56.45
3528540   3357       63.12
3533360   3357       65.79
3535445   3357      107.58
3535676   3357      107.65
3535838   3357      119.69
3538837   3357       63.03
3539352   3357      114.75
3541739   3357       86.22
3541975   3357       89.69
3542004   3357       89.01
3542015   3357       68.89
3554092   3357       98.56
3593839   3357       94.01
3598528   3357      109.10
3710064   3357       70.23
3759377   3357      125.41
3784066   3357       70.29
3784441   3357       64.60
3785251   3357       85.51
3792247   3357       92.95
3830110   3357      132.56
3855157   3357       89.70
3855577   3357      104.61
3856978   3357      121.17
3857004   3357       92.68
3857220   3357       84.79
3857667   3357      123.38
3857878   3357      117.25
3858323   3357       84.80
3858856   3357       89.01
3859230   3357       60.90
3864991   3357       62.26
3875055   3357       79.19
3877925   3357       89.01
3878006   3357       70.23
3963688   3357       70.50
3964093   3357       79.19
3964337   3357      141.22
3965704   3357       97.97
3969513   3357       58.51
4001934   3357       67.65
4064149   3357       56.36
4065177   3357      116.11
4065584   3357       79.19
4065648   3357       75.49
4066245   3357      114.97
4067118   3357       58.16
4067735   3357       70.23
4067795   3357      113.31
4068788   3357       58.21
4071074   3357      111.40
4071241   3357       58.62
4107436   3357       70.23
4191539   3357       77.88
4193094   3357       77.36
4194671   3357       62.54
4195654   3357      118.79
4199927   3357       85.41
4200911   3357      109.49
4238916   3357      139.82
430240    3357      121.47
4317775   3357       89.01
4373204   3357       89.01
4373479   3357       58.21
4375498   3357      110.82
4375998   3357      119.16
4376813   3357       75.82
4377201   3357      121.80
437803    3357      104.61
4378140   3357       60.74
4378236   3357      121.00
4378283   3357       85.51
4378759   3357       89.01
4379154   3357      131.39
4381341   3357       99.44
4381614   3357       81.17
4382400   3357       77.71
4383023   3357       89.01
4383200   3357      131.29
4385047   3357      127.20
4386936   3357       99.73
4387777   3357       70.23
439023    3357       61.00
4409485   3357       89.01
4409788   3357      112.73
4409789   3357       81.17
4414417   3357       66.00
4414541   3357       95.67
4414909   3357      122.40
4415675   3357      107.06
443869    3357      104.61
4609506   3357       62.38
4610129   3357      113.88
4720170   3357       81.17
4720923   3357       79.19
4721016   3357       81.17
4721639   3357      121.47
4722680   3357      119.63
4722814   3357       83.91
4723168   3357      108.39
4723276   3357       70.23
4723403   3357      118.95
4724433   3357      126.88
4725919   3357       89.01
4727740   3357       70.23
4728331   3357      110.28
4729448   3357       84.41
4729575   3357       49.76
4730168   3357       89.01
4730490   3357      100.06
4730823   3357       74.15
4731322   3357       89.01
4731494   3357       71.13
4732090   3357       59.45
4732618   3357       75.82
4734527   3357       75.82
4734940   3357       81.17
4735505   3357      121.47
4738424   3357      104.61
4739546   3357      168.71
4739796   3357       89.01
4754833   3357      187.40
4803744   3357       89.01
4805842   3357       79.19
4827213   3357       58.89
4853128   3357       87.71
4882144   3357       72.37
5017295   3357       70.23
5022967   3357      122.19
5237805   3357       79.19
5238236   3357      125.41
5239261   3357       63.14
5240821   3357       84.17
5242545   3357       96.52
5244302   3357       63.30
5244483   3357       70.23
5244484   3357       71.13
5244765   3357       64.92
5245261   3357       89.01
5248926   3357       66.76
5248954   3357       73.16
5249259   3357       79.19
5249817   3357       89.01
5250965   3357      106.33
5251153   3357       70.95
5251214   3357       61.86
5252606   3357       89.01
5253930   3357      139.05
5254613   3357       75.59
5254952   3357      105.31
5255567   3357       79.19
5255641   3357       89.01
5257069   3357       61.15
5257175   3357      115.22
5257421   3357       99.73
5257727   3357       79.19
5257774   3357       79.19
5259121   3357      131.89
5259785   3357       92.17
5261116   3357       75.82
5261139   3357       79.19
5261250   3357       79.99
5261418   3357       59.92
5261643   3357       81.17
5263470   3357       94.56
5344986   3357       81.17
5435450   3357       75.82
5436619   3357       89.01
5436795   3357       71.01
5438690   3357       81.17
5439480   3357       79.19
5439865   3357       99.73
5458236   3357       75.82
5461455   3357      115.22
5605414   3357       79.19
5658043   3357       79.19
5688352   3357       79.19
5765952   3357       79.19
5779173   3357       79.19
5915261   3357      104.61
5921128   3357       79.19
5921800   3357       81.17
5923624   3357       89.01
5925143   3357       89.01
5925949   3357       89.66
5929492   3357       79.19
5935536   3357       89.01
5938630   3357       79.19
5938995   3357       79.19
6044716   3357       79.19
6125595   3357       81.17
6127630   3357       67.38
6238388   3357      111.40
6394853   3357       47.46
64800     3357       92.26
6537141   3357      110.60
6573443   3357       73.07
6573855   3357       99.73
6573893   3357       75.82
6575243   3357       70.23
6575301   3357       79.19
6584406   3357       93.25
6634354   3357       79.19
6689708   3357       79.19
6690236   3357       79.19
6701343   3357       79.19
6701344   3357       79.19
6701453   3357       79.19
673822    3357      116.11
6841910   3357       81.17
7076647   3357       79.19
7211860   3357       89.01
7240399   3357       79.19
7300376   3357       81.17
7301470   3357      122.06
7305494   3357      115.54
7305781   3357       97.97
7308623   3357       64.77
7309317   3357       81.17
7309375   3357       70.23
7310425   3357       99.73
7310959   3357       85.51
7311233   3357       62.01
7311255   3357       81.17
7312149   3357       79.19
7313189   3357      106.48
7314050   3357       81.17
7314987   3357       99.73
7315048   3357       89.01
7315058   3357       79.19
7315331   3357       79.19
7316059   3357       99.73
7316139   3357       89.01
7316607   3357       70.91
7316959   3357       79.64
7317744   3357      121.47
7318041   3357       69.20
7319649   3357       89.01
7321787   3357       70.23
7322304   3357       70.23
7322780   3357       75.82
7322794   3357       82.04
7324725   3357      107.91
7325664   3357       56.46
7325721   3357      117.14
7325722   3357       84.40
7325778   3357       88.65
7328421   3357       81.17
7330948   3357       79.19
7331943   3357       70.23
7332202   3357       81.17
7332734   3357      115.22
7333145   3357       89.01
7333526   3357       81.17
7335642   3357       79.19
7337422   3357       53.42
7337778   3357       81.17
7338055   3357       99.73
7340200   3357      110.52
7340742   3357       98.20
7340989   3357       81.17
7342107   3357       70.23
7342680   3357      104.61
7343605   3357       81.17
7344290   3357       70.23
7344465   3357       70.23
7347856   3357       84.80
7348137   3357       81.17
7348986   3357       79.19
7349428   3357      111.40
7349843   3357       81.17
7350162   3357       62.87
7350273   3357       70.23
7351297   3357       66.00
7352317   3357       70.23
7353364   3357       81.17
7353377   3357       79.19
7354064   3357       81.17
7354848   3357       88.65
7355837   3357       63.21
7355928   3357       91.55
7359478   3357       89.01
7360346   3357       75.82
7360517   3357       79.19
7363171   3357       51.98
7363652   3357       79.19
7365166   3357       72.16
7365545   3357       70.23
7367276   3357       81.17
7368710   3357       81.17
7369018   3357       79.19
7371154   3357       79.19
7372156   3357       81.17
7372973   3357       55.49
7373089   3357       75.82
7373215   3357       99.73
7374243   3357       75.82
7374616   3357       77.00
7377030   3357       75.82
7377579   3357       79.19
7379256   3357       70.23
7380616   3357       81.17
7381553   3357       79.19
7382148   3357       64.16
7382532   3357       81.17
7384964   3357       79.19
7387544   3357       79.19
7388038   3357       81.17
7388080   3357       79.19
7388125   3357       89.01
7388199   3357       75.82
7389581   3357       79.19
7391472   3357       70.23
7392153   3357       89.01
7393061   3357       70.23
7393144   3357       81.17
7395742   3357       89.68
7396051   3357       79.19
7398038   3357       51.31
7400031   3357       79.19
7401094   3357       79.19
7401380   3357       79.19
7401853   3357       81.17
7403123   3357       81.17
7403188   3357       70.23
7403563   3357       70.23
7406353   3357       79.19
7408531   3357       79.19
7409730   3357       70.23
7410177   3357      111.40
7412535   3357       89.01
7412738   3357       75.82
7415285   3357      111.40
7415448   3357       79.19
7416870   3357       81.17
7417289   3357       81.17
7417791   3357       79.19
7418898   3357       81.17
7418939   3357       81.17
7419340   3357       70.23
7419740   3357       81.17
7419800   3357       79.19
7419866   3357       70.23
7420316   3357       79.19
7420429   3357       89.01
7423108   3357       89.01
7423415   3357       79.19
7423444   3357       79.19
7425063   3357       81.17
7425430   3357       79.19
7425900   3357       70.23
7426046   3357       79.19
7427359   3357       81.17
7427520   3357       79.19
7429274   3357       79.19
7432253   3357       89.01
7434591   3357       79.19
7435158   3357       81.17
7436077   3357       70.23
7436996   3357       79.19
7437806   3357       81.17
7437808   3357       81.17
7438450   3357       79.19
7439597   3357       99.73
7439617   3357       79.19
7439629   3357       79.19
7440809   3357       81.19
7442445   3357       79.19
7444497   3357       81.17
7444651   3357       89.01
7444842   3357       79.19
7444889   3357       99.73
7445661   3357       75.82
7446382   3357       89.01
7446644   3357       79.19
7447067   3357       79.19
7447334   3357       99.73
7447992   3357       81.17
7449457   3357       75.82
7455429   3357       79.19
7455588   3357       79.19
7461704   3357       79.19
7465820   3357       79.19
7465910   3357       79.19
7466779   3357       73.05
7466870   3357       79.19
7502836   3357       61.85
7548386   3357       75.82
7548420   3357       70.23
770342    3357      104.61
7917981   3357       79.19
7981510   3357       89.01
7982728   3357       81.17
7982865   3357       89.01
7983170   3357       81.17
7984159   3357       79.19
7985605   3357       91.91
7988969   3357       79.19
8054279   3357       75.82
8064487   3357       50.87
8068577   3357       57.98
8069571   3357       79.19
8140450   3357       69.31
8594315   3357       79.19
8718789   3357       79.19
8734286   3357       89.01
9066082   3357       92.17
9100619   3357       79.19
9211039   3357       70.23
9261804   3357       89.01
9317884   3357       89.01
9433060   3357       79.19
9540404   3357       89.01
9540845   3357       99.73
9542018   3357       89.01
9542237   3357       70.23
9543174   3357       79.19
9543530   3357       62.81
9544179   3357       79.19
9544345   3357       75.82
9544429   3357       89.01
9544827   3357       89.01
9545198   3357      100.06
9545952   3357      134.46
9546474   3357       79.19
9547148   3357       70.23
9551389   3357       79.19
9552709   3357       81.17
9553039   3357       79.19
9553047   3357       70.23
9553149   3357       81.17
9555077   3357       72.01
9555609   3357       81.17
9555641   3357       79.19
9557148   3357       99.73
9557803   3357       75.82
9557875   3357       81.17
9557894   3357       67.69
9558628   3357       75.82
9560453   3357       81.17
9570736   3357       79.19
9572755   3357       79.19
9577605   3357       79.19
9601343   3357       79.19
9603154   3357       75.82
9603683   3357       79.19
9603870   3357       89.69
9604166   3357       70.23
9604592   3357      111.40
9607091   3357       92.68
9608547   3357       79.19
9609337   3357       81.17
9609338   3357       79.19
9612117   3357      140.96
9612530   3357       79.19
9612692   3357       79.19
9614364   3357       70.23
9615563   3357       79.19
9615964   3357       79.19
9617493   3357       70.23
9620242   3357       89.01
9620248   3357       99.73
9620376   3357       79.19
9620599   3357       89.01
9620701   3357       70.23
9620720   3357       70.23
9621777   3357       81.17
9622347   3357       79.19
9624370   3357      111.40
9624596   3357       81.17
9625361   3357       79.19
9625933   3357       79.19
9626082   3357       79.19
9626215   3357       70.23
9627150   3357       89.01
9627523   3357       79.19
9627724   3357       81.17
9629963   3357       89.01
9631462   3357       89.01
9634554   3357       79.19
9634674   3357       79.19
9636806   3357       81.17
9638320   3357       79.19
9639201   3357       70.23
9845319   3357       75.82
9846320   3357       89.01
9847068   3357       70.23
9847350   3357       79.19
9848693   3357       70.23
9850403   3357       79.19
9851111   3357       79.19
9851993   3357       79.19
