10107724  0357       63.85
10120357  0357       95.91
10121866  0357      160.02
10125466  0357       62.56
10126656  0357       63.94
10141786  0357       64.01
10312414  0357       63.55
10373550  0357      127.88
10639752  0357       62.56
10726693  0357       63.94
10760806  0357       62.56
10764554  0357       64.01
10770124  0357       63.94
10772668  0357       62.56
10774121  0357       64.01
10775520  0357      127.10
10776516  0357       63.85
10776915  0357       62.56
10777482  0357       62.56
10777645  0357       95.91
10778464  0357       62.56
10779723  0357       63.94
10784623  0357       63.94
10794552  0357       63.94
10820078  0357       64.01
10840266  0357       63.94
10841061  0357       63.09
10841823  0357       63.85
10842205  0357       63.94
10843324  0357      159.85
10844575  0357      127.70
10844947  0357       63.94
10845717  0357       62.56
10845943  0357       63.85
10846474  0357       63.94
10846532  0357       64.01
10846629  0357       63.94
10846940  0357      127.88
10846985  0357       63.94
10847648  0357       62.56
10848158  0357       64.03
10849906  0357       63.94
10849907  0357       64.01
10860593  0357       63.94
10903693  0357       62.56
10959957  0357       63.94
10960021  0357       63.94
10963442  0357       64.01
10963957  0357       64.01
10964062  0357      127.88
1108218   0357       79.85
1112379   0357       80.24
1115136   0357      137.40
11163187  0357       62.56
11177533  0357       62.56
11260715  0357       63.94
11261772  0357       63.85
11262378  0357       63.94
11263756  0357       62.56
11264465  0357       63.94
11264550  0357       63.55
11265496  0357       63.94
11265527  0357       64.01
11266390  0357      127.88
11267811  0357      127.10
11267932  0357      125.12
11268437  0357       63.85
11269196  0357       64.03
1129535   0357       80.31
11414487  0357       64.01
11425214  0357       63.94
11425449  0357       63.94
11426462  0357       63.55
11428034  0357       63.55
11428889  0357      159.85
11429539  0357      127.88
11429792  0357       62.56
11429991  0357       95.91
11430700  0357       63.94
11433167  0357       63.94
11433865  0357      127.88
11434350  0357       63.94
11546168  0357       63.55
11580362  0357       64.01
11584952  0357       63.94
11586448  0357       63.94
11589730  0357      127.88
11594236  0357       63.85
11594524  0357       62.56
11596252  0357       63.94
11597667  0357       63.94
11598121  0357       63.09
11598207  0357       62.56
11598956  0357       63.09
11633896  0357       63.09
11645810  0357       63.94
11651035  0357       63.94
11651090  0357       63.94
11652405  0357       63.94
11653864  0357       63.94
11694358  0357       62.56
11694758  0357       63.94
11695394  0357      125.12
11749469  0357       63.94
11783201  0357       64.01
11783366  0357       63.85
11784637  0357       62.56
11786325  0357       63.85
11786432  0357       63.09
11787653  0357      127.88
11787807  0357       63.94
11788587  0357      128.02
11788630  0357       64.01
11790273  0357       63.94
11790818  0357       95.91
11791177  0357       63.94
11792506  0357       62.56
11792846  0357       63.94
118087    0357       25.25
11878930  0357       63.94
11879419  0357       64.01
11879750  0357       64.01
11881224  0357       63.85
11881668  0357      156.40
11881669  0357       62.56
11882080  0357       63.55
11882720  0357       63.85
11883300  0357      127.88
11949766  0357       63.85
12011761  0357      127.70
12018571  0357       95.32
12018729  0357       62.56
12018852  0357       63.94
12019816  0357       63.55
12020535  0357       64.03
12021559  0357       64.01
12021966  0357       63.94
12022428  0357       64.01
12023306  0357       64.03
12023981  0357       95.91
12024178  0357       63.94
12024179  0357       63.94
12025294  0357       95.91
12025488  0357       62.56
12025491  0357       62.56
12026565  0357       63.94
12027093  0357       63.94
12027260  0357       63.94
12027527  0357       62.56
12027928  0357       62.56
12027973  0357      128.02
12080554  0357       63.94
1218058   0357       80.24
12241212  0357       93.84
12242270  0357       63.94
12243077  0357       62.56
12244707  0357       62.56
12247738  0357       95.91
12248400  0357      156.40
12248755  0357       64.01
12248784  0357      126.18
12248960  0357       63.94
12249178  0357       63.85
12279667  0357       63.94
12314254  0357      160.08
1232375   0357       29.36
12369466  0357       63.94
12370670  0357       64.03
1239070   0357       79.85
12434895  0357       63.09
12435304  0357       63.94
12435757  0357       93.84
12435759  0357      159.85
12527456  0357       63.55
12534356  0357       63.94
12536172  0357       63.94
12536549  0357       64.03
1254062   0357       79.39
1257983   0357       80.31
1258658   0357       80.24
1259324   0357       79.39
1260432   0357       80.24
1261562   0357       79.39
1262953   0357      129.20
1263302   0357       78.86
1263303   0357       80.24
1263991   0357       29.94
1265436   0357       80.24
1266723   0357       31.53
12691465  0357       63.94
1269356   0357      160.62
12698409  0357       62.56
12698965  0357       62.56
12700553  0357       63.55
12701276  0357       63.94
12701301  0357       62.56
12702273  0357       63.55
12704473  0357       63.09
12704482  0357      128.02
12704649  0357       63.94
12704927  0357       63.94
12705860  0357       63.94
12706171  0357       63.94
12706774  0357      128.02
12707136  0357       63.94
1272390   0357       79.39
1273369   0357       84.34
1277938   0357       79.39
1278407   0357       80.24
12848719  0357       63.94
12849330  0357       64.03
12851330  0357       63.94
12852888  0357       63.94
12858616  0357       95.91
12878256  0357       63.94
12884972  0357       63.94
12934142  0357       63.55
12934525  0357       62.56
12935305  0357       63.94
12935606  0357       63.94
13032012  0357      125.12
13032033  0357       63.94
13034237  0357       63.94
13035222  0357       63.85
13084488  0357       63.09
13084886  0357       63.55
13180551  0357       63.94
1318484   0357       79.85
13187744  0357      127.88
13187816  0357       94.63
13188137  0357       63.09
13188604  0357       94.63
13264411  0357       63.94
13265462  0357       62.56
13265946  0357       95.91
13266369  0357       63.94
13268000  0357      125.12
13268185  0357      125.12
13268457  0357       63.55
13268537  0357       95.91
13343258  0357       62.56
13346269  0357      156.40
13408041  0357       63.09
13510172  0357       63.09
13510180  0357       62.56
13527636  0357       64.01
13566631  0357       63.85
13643981  0357      125.12
13643982  0357       93.84
13644051  0357       63.94
13644555  0357      156.40
13644665  0357       63.94
13644680  0357      160.02
13652653  0357       62.56
13674854  0357       64.01
13678214  0357       63.94
13678857  0357       62.56
13679940  0357       63.94
13724134  0357       95.91
13774187  0357       62.56
13774684  0357       63.94
13775452  0357       62.56
13775808  0357       62.56
13777181  0357       93.84
13785046  0357       62.56
13785661  0357       63.94
13785997  0357       63.55
13786181  0357       63.94
13787208  0357       63.94
13787741  0357       62.56
13842354  0357       63.94
13843775  0357       63.94
13856268  0357       63.94
13867427  0357       95.91
13868652  0357       63.94
13880177  0357       62.56
13880981  0357       63.94
13905892  0357       62.56
13986119  0357       63.94
13990906  0357       96.01
14003086  0357       63.55
14030527  0357       62.56
14031045  0357       63.94
14031497  0357      159.85
1404429   0357       80.15
14093727  0357       95.91
14094806  0357       64.01
14143188  0357       63.55
14159223  0357      125.12
14176129  0357       63.94
14176671  0357       63.94
14270811  0357      156.40
14293118  0357       95.91
1431183   0357       80.24
14335445  0357       63.55
14335539  0357       63.94
1433726   0357       80.24
14372299  0357       64.01
14372818  0357      109.66
14376347  0357       63.94
14398946  0357       63.94
14399267  0357       94.63
14405196  0357       63.94
14405401  0357       63.94
14513487  0357       62.56
14590375  0357       63.09
14607589  0357       94.63
14648947  0357       63.94
14649126  0357       62.56
14810540  0357       95.91
14825867  0357       63.94
14877620  0357       63.94
14877805  0357       64.01
14877859  0357       64.03
14879704  0357       93.84
14880827  0357       64.01
15170350  0357       63.09
15177340  0357       64.01
15177867  0357      125.12
15306151  0357      158.87
15306996  0357       63.55
15352095  0357       63.94
15444811  0357       64.01
15448608  0357       63.94
15597541  0357       62.56
15598043  0357       62.56
15598319  0357       63.94
15598510  0357      127.88
15598933  0357       62.56
15599928  0357       94.63
15668151  0357      127.88
15668851  0357       63.09
15690244  0357       62.56
15729233  0357       95.91
15729536  0357      157.72
15778630  0357       95.91
15827139  0357       64.01
15959808  0357       62.56
16001576  0357       62.56
16137706  0357       63.55
16138119  0357       95.91
1631390   0357       80.81
16324090  0357       63.94
16594051  0357       63.09
16641426  0357       63.55
16736267  0357       63.94
16770549  0357       63.94
16788972  0357      127.88
16796439  0357      125.12
17011869  0357      127.88
17012587  0357      159.85
17019549  0357       63.94
17033230  0357       62.56
17033256  0357       62.56
17104175  0357       63.94
17306742  0357       62.56
1737075   0357       79.85
17379215  0357       94.63
17504786  0357       63.09
17572385  0357      127.88
17574055  0357      157.72
17626132  0357      126.18
1763812   0357      129.20
1764349   0357       78.86
1765295   0357       52.40
1769938   0357       79.85
17965237  0357       95.91
18058393  0357       62.56
18059918  0357       63.94
18263579  0357       95.91
18263756  0357       63.94
1834693   0357       31.53
18471327  0357       63.94
18618969  0357       62.56
18656459  0357       95.91
18785684  0357       62.56
18950730  0357       62.56
1906129   0357       80.24
19166206  0357      156.40
19262723  0357       63.94
1926999   0357       80.31
19324610  0357      127.88
19827450  0357       62.56
19850185  0357      156.40
19973112  0357       63.94
20187870  0357      126.18
20189202  0357       64.03
20235584  0357      126.18
2030572   0357       79.85
2033664   0357       80.15
20348834  0357       93.84
20351464  0357      127.88
21140944  0357       93.84
2130876   0357       78.86
2157417   0357      200.37
2186056   0357       79.85
2189077   0357       29.75
2196831   0357       79.39
2198274   0357       84.41
2198799   0357       79.85
2199826   0357       79.39
2272067   0357       78.86
23156662  0357       84.34
2376223   0357       80.15
2380275   0357       80.31
2384661   0357       80.24
2529886   0357       80.24
2532585   0357       78.86
2533320   0357       83.95
2533977   0357       34.53
2534786   0357       31.87
2535843   0357       80.31
2536373   0357       80.31
2536795   0357       80.24
2538821   0357       83.95
2539607   0357       80.31
2539943   0357       78.86
2541142   0357       80.24
2541439   0357      129.11
2541709   0357       34.59
2543654   0357       80.24
2543932   0357       79.39
2592064   0357       80.31
2592966   0357      102.67
2593377   0357       80.24
2593686   0357       79.85
2596405   0357       49.24
2597854   0357       32.84
2598033   0357       32.84
2598872   0357       78.86
2601437   0357       80.24
2603046   0357       33.42
2605117   0357       80.31
2605164   0357       37.52
2605539   0357       24.51
2605823   0357       31.53
2607322   0357      108.05
2608233   0357       99.42
2608304   0357       78.86
2608554   0357       32.84
2684589   0357       80.24
2741170   0357       38.72
2854705   0357       79.85
2870837   0357       36.73
2910376   0357       78.86
2910432   0357       79.85
2911765   0357       79.85
2912407   0357       78.86
2912692   0357       80.15
2913757   0357       79.85
2913809   0357       78.86
2914272   0357       35.07
2915293   0357       78.86
2915714   0357       80.24
2915780   0357       33.91
2916102   0357       31.87
2916362   0357       34.01
2916467   0357       79.39
2916786   0357       79.85
2918280   0357      200.60
2992913   0357       78.86
3035349   0357       80.24
3039370   0357       32.82
3080057   0357      120.22
3080311   0357       80.24
3080984   0357       63.94
3081351   0357       84.34
3082505   0357       84.03
3083006   0357       80.24
3083065   0357       78.86
3083457   0357       32.63
3083843   0357       79.39
3084868   0357       34.01
3084978   0357       82.96
3085009   0357       79.85
3085276   0357       80.33
3090485   0357       99.42
3156003   0357      127.82
3234299   0357       80.33
3245420   0357       80.24
3314884   0357       31.53
3315121   0357       78.86
3315781   0357       78.86
3317339   0357       98.91
3317520   0357       80.24
3318589   0357      109.97
3318694   0357       99.54
3318719   0357       34.01
3319659   0357       79.39
3320986   0357       80.24
3322128   0357       41.04
3322284   0357       79.85
3322381   0357       34.62
3324084   0357       63.94
3324110   0357      129.11
3324403   0357       80.15
3329806   0357       33.42
3353242   0357      128.81
3457632   0357       80.62
3528540   0357      109.01
3533360   0357      106.27
3535445   0357       79.39
3535676   0357       36.94
3535838   0357       32.75
3538837   0357      109.28
3539352   0357       32.84
3541739   0357       80.24
3541975   0357       31.53
3542004   0357       64.01
3542015   0357       25.09
3554092   0357       80.31
3593839   0357       79.85
3598528   0357       35.18
3710064   0357       63.55
3759377   0357       33.33
3784066   0357      103.26
3784441   0357      100.47
3785251   0357       80.24
3792247   0357       80.24
3830110   0357       33.20
3855157   0357       31.53
3855577   0357       80.24
3856978   0357       36.85
3857004   0357       79.85
3857220   0357       80.24
3857667   0357       36.85
3857878   0357       33.42
3858323   0357      160.48
3858856   0357       64.01
3859230   0357      157.77
3864991   0357       80.15
3875055   0357       63.94
3877925   0357      128.02
3878006   0357       63.55
3963688   0357       85.24
3964093   0357       63.94
3964337   0357       32.48
3965704   0357       82.96
3969513   0357       85.36
4001934   0357      107.19
4064149   0357       37.74
4065177   0357       79.39
4065584   0357       63.94
4065648   0357      116.36
4066245   0357       33.33
4067118   0357       92.54
4067735   0357       63.55
4067795   0357       33.42
4068788   0357       98.32
4071074   0357       63.85
4071241   0357       80.49
4107436   0357       63.55
4191539   0357       79.85
4193094   0357      200.77
4194671   0357       86.66
4195654   0357       32.75
4199927   0357       31.66
4200911   0357       79.85
4238916   0357       31.53
430240    0357       78.86
4317775   0357       64.01
4373204   0357       64.01
4373479   0357       98.32
4375498   0357       32.82
4375998   0357       31.89
4376813   0357       63.09
4377201   0357       32.86
437803    0357       80.24
4378140   0357       98.57
4378236   0357       32.75
4378283   0357       80.24
4378759   0357       64.01
4379154   0357       35.61
4381341   0357       79.39
4381614   0357       62.56
4382400   0357      126.51
4383023   0357       64.01
4383200   0357       33.59
4385047   0357       32.75
4386936   0357       64.03
4387777   0357      158.87
439023    0357       31.85
4409485   0357       64.01
4409788   0357       78.86
4409789   0357      125.12
4414417   0357       88.16
4414541   0357       37.55
4414909   0357       33.42
4415675   0357       78.86
443869    0357       80.24
4609506   0357      100.47
4610129   0357       78.86
4720170   0357       93.84
4720923   0357       63.94
4721016   0357       62.56
4721639   0357       78.86
4722680   0357       40.83
4722814   0357       24.51
4723168   0357       41.53
4723276   0357       63.55
4723403   0357       34.49
4724433   0357       32.84
4725919   0357      128.02
4727740   0357       63.55
4728331   0357       36.85
4729448   0357       31.53
4729575   0357       35.99
4730168   0357       64.01
4730490   0357       79.39
4730823   0357      115.16
4731322   0357       64.01
4731494   0357       84.41
4732090   0357      102.67
4732618   0357       63.09
4734527   0357       63.09
4734940   0357       62.56
4735505   0357       78.86
4738424   0357       80.24
4739546   0357       84.34
4739796   0357       64.01
4754833   0357       80.31
4803744   0357       64.01
4805842   0357       63.94
4827213   0357       89.59
4853128   0357       31.87
4882144   0357       35.88
5017295   0357       63.55
5022967   0357       32.75
5237805   0357       63.94
5238236   0357       33.33
5239261   0357       80.15
5240821   0357       83.95
5242545   0357       32.82
5244302   0357      128.35
5244483   0357       63.55
5244484   0357       84.41
5244765   0357      103.05
5245261   0357       64.01
5248926   0357      109.67
5248954   0357       88.05
5249259   0357       63.94
5249817   0357       64.01
5250965   0357       34.01
5251153   0357      129.20
5251214   0357       88.51
5252606   0357      128.02
5253930   0357       31.53
5254613   0357      153.90
5254952   0357       78.86
5255567   0357       63.94
5255641   0357       64.01
5257069   0357      109.40
5257175   0357       32.84
5257421   0357       64.03
5257727   0357      159.85
5257774   0357       63.94
5259121   0357       32.75
5259785   0357       83.49
5261116   0357       63.09
5261139   0357       63.94
5261250   0357       43.85
5261418   0357      106.54
5261643   0357       62.56
5263470   0357       36.96
5344986   0357       62.56
5435450   0357       63.09
5436619   0357       64.01
5436795   0357       31.53
5438690   0357       62.56
5439480   0357       63.94
5439865   0357      160.08
5458236   0357       63.09
5461455   0357       32.84
5605414   0357      127.88
5658043   0357       63.94
5688352   0357       63.94
5765952   0357       63.94
5779173   0357       63.94
5915261   0357       80.24
5921128   0357       63.94
5921800   0357       62.56
5923624   0357       64.01
5925143   0357       64.01
5925949   0357       31.53
5929492   0357       63.94
5935536   0357      160.02
5938630   0357       63.94
5938995   0357       63.94
6044716   0357       95.91
6125595   0357      156.40
6127630   0357      117.21
6238388   0357       63.85
6394853   0357       36.68
64800     0357       80.33
6537141   0357       41.53
6573443   0357      109.01
6573855   0357       64.03
6573893   0357       63.09
6575243   0357       63.55
6575301   0357       63.94
6584406   0357      198.47
6634354   0357       63.94
6689708   0357       63.94
6690236   0357       63.94
6701343   0357       63.94
6701344   0357       63.94
6701453   0357       63.94
673822    0357       79.39
6841910   0357       62.56
7076647   0357       63.94
7211860   0357       64.01
7240399   0357       63.94
7300376   0357       62.56
7301470   0357       36.85
7305494   0357       32.75
7305781   0357       82.96
7308623   0357      101.53
7309317   0357       62.56
7309375   0357       63.55
7310425   0357       64.03
7310959   0357       80.24
7311233   0357      107.10
7311255   0357       62.56
7312149   0357       63.94
7313189   0357       78.86
7314050   0357       62.56
7314987   0357       64.03
7315048   0357       64.01
7315058   0357      159.85
7315331   0357       63.94
7316059   0357       64.03
7316139   0357       64.01
7316607   0357      129.11
7316959   0357      160.62
7317744   0357      157.72
7318041   0357       88.44
7319649   0357      128.02
7321787   0357       63.55
7322304   0357       63.55
7322780   0357       63.09
7322794   0357      134.10
7324725   0357       34.62
7325664   0357       80.62
7325721   0357       32.26
7325722   0357      161.11
7325778   0357       31.83
7328421   0357       62.56
7330948   0357       63.94
7331943   0357       63.55
7332202   0357       62.56
7332734   0357       49.26
7333145   0357       64.01
7333526   0357      125.12
7335642   0357       63.94
7337422   0357       37.71
7337778   0357       62.56
7338055   0357       64.03
7340200   0357       79.85
7340742   0357       41.04
7340989   0357       62.56
7342107   0357       63.55
7342680   0357       80.24
7343605   0357       62.56
7344290   0357       63.55
7344465   0357      127.10
7347856   0357       80.24
7348137   0357       62.56
7348986   0357       63.94
7349428   0357      159.62
7349843   0357       62.56
7350162   0357      111.24
7350273   0357       63.55
7351297   0357       93.42
7352317   0357       63.55
7353364   0357      125.12
7353377   0357       63.94
7354064   0357       62.56
7354848   0357       31.83
7355837   0357      126.55
7355928   0357       83.49
7359478   0357       64.01
7360346   0357       63.09
7360517   0357       63.94
7363171   0357       40.81
7363652   0357       63.94
7365166   0357       65.76
7365545   0357       63.55
7367276   0357       62.56
7368710   0357      125.12
7369018   0357       63.94
7371154   0357       63.94
7372156   0357       62.56
7372973   0357       71.97
7373089   0357       63.09
7373215   0357       64.03
7374243   0357       63.09
7374616   0357       84.34
7377030   0357       63.09
7377579   0357       63.94
7379256   0357      127.10
7380616   0357       62.56
7381553   0357       63.94
7382148   0357      107.19
7382532   0357       62.56
7384964   0357       63.94
7387544   0357      127.88
7388038   0357       62.56
7388080   0357       63.94
7388125   0357       64.01
7388199   0357       94.63
7389581   0357       63.94
7391472   0357       63.55
7392153   0357      160.02
7393061   0357       63.55
7393144   0357      125.12
7395742   0357       31.53
7396051   0357       95.91
7398038   0357       40.07
7400031   0357       63.94
7401094   0357       63.94
7401380   0357       63.94
7401853   0357       62.56
7403123   0357       62.56
7403188   0357       63.55
7403563   0357       63.55
7406353   0357       63.94
7408531   0357       63.94
7409730   0357       63.55
7410177   0357       63.85
7412535   0357       64.01
7412738   0357       63.09
7415285   0357       63.85
7415448   0357       63.94
7416870   0357       62.56
7417289   0357      125.12
7417791   0357      127.88
7418898   0357       62.56
7418939   0357       62.56
7419340   0357       63.55
7419740   0357       62.56
7419800   0357       63.94
7419866   0357      158.87
7420316   0357       63.94
7420429   0357       64.01
7423108   0357       64.01
7423415   0357       63.94
7423444   0357       63.94
7425063   0357       62.56
7425430   0357       63.94
7425900   0357       63.55
7426046   0357       63.94
7427359   0357       62.56
7427520   0357       63.94
7429274   0357       63.94
7432253   0357       64.01
7434591   0357      159.85
7435158   0357      156.40
7436077   0357      127.10
7436996   0357       63.94
7437806   0357       62.56
7437808   0357       62.56
7438450   0357       63.94
7439597   0357      128.06
7439617   0357       63.94
7439629   0357       63.94
7440809   0357       35.63
7442445   0357       63.94
7444497   0357       93.84
7444651   0357       64.01
7444842   0357       63.94
7444889   0357      128.06
7445661   0357       63.09
7446382   0357       64.01
7446644   0357       63.94
7447067   0357      159.85
7447334   0357       64.03
7447992   0357       62.56
7449457   0357       63.09
7455429   0357       63.94
7455588   0357       63.94
7461704   0357       63.94
7465820   0357      159.85
7465910   0357       63.94
7466779   0357      107.50
7466870   0357       63.94
7502836   0357       88.51
7548386   0357       63.09
7548420   0357       63.55
770342    0357       80.24
7917981   0357       63.94
7981510   0357       64.01
7982728   0357       62.56
7982865   0357       64.01
7983170   0357       62.56
7984159   0357       63.94
7985605   0357       28.61
7988969   0357       63.94
8054279   0357       63.09
8064487   0357       73.66
8068577   0357       44.17
8069571   0357       63.94
8140450   0357       31.66
8594315   0357       63.94
8718789   0357      127.88
8734286   0357       64.01
9066082   0357       83.49
9100619   0357       63.94
9211039   0357       63.55
9261804   0357       64.01
9317884   0357      128.02
9433060   0357       63.94
9540404   0357       64.01
9540845   0357       96.05
9542018   0357       64.01
9542237   0357       63.55
9543174   0357       63.94
9543530   0357       92.61
9544179   0357       63.94
9544345   0357       63.09
9544429   0357       64.01
9544827   0357       64.01
9545198   0357       79.39
9545952   0357      107.15
9546474   0357       63.94
9547148   0357       63.55
9551389   0357       63.94
9552709   0357       62.56
9553039   0357       63.94
9553047   0357       63.55
9553149   0357       62.56
9555077   0357       80.33
9555609   0357       62.56
9555641   0357       63.94
9557148   0357      128.06
9557803   0357       63.09
9557875   0357       62.56
9557894   0357      131.92
9558628   0357       63.09
9560453   0357       62.56
9570736   0357       63.94
9572755   0357       63.94
9577605   0357       63.94
9601343   0357      159.85
9603154   0357       63.09
9603683   0357       63.94
9603870   0357       31.53
9604166   0357       63.55
9604592   0357       95.77
9607091   0357       79.85
9608547   0357       63.94
9609337   0357       62.56
9609338   0357      127.88
9612117   0357       71.63
9612530   0357      159.85
9612692   0357       63.94
9614364   0357      127.10
9615563   0357       63.94
9615964   0357       63.94
9617493   0357      127.10
9620242   0357      128.02
9620248   0357      128.06
9620376   0357       63.94
9620599   0357       64.01
9620701   0357       63.55
9620720   0357       63.55
9621777   0357       62.56
9622347   0357       63.94
9624370   0357       63.85
9624596   0357       62.56
9625361   0357       63.94
9625933   0357      127.88
9626082   0357       63.94
9626215   0357       63.55
9627150   0357      160.02
9627523   0357      127.88
9627724   0357       62.56
9629963   0357       64.01
9631462   0357       64.01
9634554   0357       63.94
9634674   0357       63.94
9636806   0357       62.56
9638320   0357       63.94
9639201   0357       63.55
9845319   0357       63.09
9846320   0357       64.01
9847068   0357       63.55
9847350   0357       63.94
9848693   0357       63.55
9850403   0357       63.94
9851111   0357       63.94
9851993   0357       63.94
10107724  3357       63.85
10120357  3357       63.94
10121866  3357       64.01
10125466  3357       62.56
10126656  3357       63.94
10141786  3357       64.01
10312414  3357       63.55
10373550  3357       63.94
10639752  3357       62.56
10726693  3357       63.94
10760806  3357       62.56
10764554  3357       64.01
10770124  3357       63.94
10772668  3357       62.56
10774121  3357       64.01
10775520  3357       63.55
10776516  3357       63.85
10776915  3357       62.56
10777482  3357       62.56
10777645  3357       63.94
10778464  3357       62.56
10779723  3357       63.94
10784623  3357       63.94
10794552  3357       63.94
10820078  3357       64.01
10840266  3357       63.94
10841061  3357       63.09
10841823  3357       63.85
10842205  3357       63.94
10843324  3357       63.94
10844575  3357       63.85
10844947  3357       63.94
10845717  3357       62.56
10845943  3357       63.85
10846474  3357       63.94
10846532  3357       64.01
10846629  3357       63.94
10846940  3357       63.94
10846985  3357       63.94
10847648  3357       62.56
10848158  3357       64.03
10849906  3357       63.94
10849907  3357       64.01
10860593  3357       63.94
10903693  3357       62.56
10959957  3357       63.94
10960021  3357       63.94
10963442  3357       64.01
10963957  3357       64.01
10964062  3357       63.94
1108218   3357       79.85
1112379   3357       80.24
1115136   3357      137.40
11163187  3357       62.56
11177533  3357       62.56
11260715  3357       63.94
11261772  3357       63.85
11262378  3357       63.94
11263756  3357       62.56
11264465  3357       63.94
11264550  3357       63.55
11265496  3357       63.94
11265527  3357       64.01
11266390  3357       63.94
11267811  3357       63.55
11267932  3357       62.56
11268437  3357       63.85
11269196  3357       64.03
1129535   3357       80.31
11414487  3357       64.01
11425214  3357       63.94
11425449  3357       63.94
11426462  3357       63.55
11428034  3357       63.55
11428889  3357       63.94
11429539  3357       63.94
11429792  3357       62.56
11429991  3357       63.94
11430700  3357       63.94
11433167  3357       63.94
11433865  3357       63.94
11434350  3357       63.94
11546168  3357       63.55
11580362  3357       64.01
11584952  3357       63.94
11586448  3357       63.94
11589730  3357       63.94
11594236  3357       63.85
11594524  3357       62.56
11596252  3357       63.94
11597667  3357       63.94
11598121  3357       63.09
11598207  3357       62.56
11598956  3357       63.09
11633896  3357       63.09
11645810  3357       63.94
11651035  3357       63.94
11651090  3357       63.94
11652405  3357       63.94
11653864  3357       63.94
11694358  3357       62.56
11694758  3357       63.94
11695394  3357       62.56
11749469  3357       63.94
11783201  3357       64.01
11783366  3357       63.85
11784637  3357       62.56
11786325  3357       63.85
11786432  3357       63.09
11787653  3357       63.94
11787807  3357       63.94
11788587  3357       64.01
11788630  3357       64.01
11790273  3357       63.94
11790818  3357       63.94
11791177  3357       63.94
11792506  3357       62.56
11792846  3357       63.94
118087    3357       25.25
11878930  3357       63.94
11879419  3357       64.01
11879750  3357       64.01
11881224  3357       63.85
11881668  3357       62.56
11881669  3357       62.56
11882080  3357       63.55
11882720  3357       63.85
11883300  3357       63.94
11949766  3357       63.85
12011761  3357       63.85
12018571  3357       63.55
12018729  3357       62.56
12018852  3357       63.94
12019816  3357       63.55
12020535  3357       64.03
12021559  3357       64.01
12021966  3357       63.94
12022428  3357       64.01
12023306  3357       64.03
12023981  3357       63.94
12024178  3357       63.94
12024179  3357       63.94
12025294  3357       63.94
12025488  3357       62.56
12025491  3357       62.56
12026565  3357       63.94
12027093  3357       63.94
12027260  3357       63.94
12027527  3357       62.56
12027928  3357       62.56
12027973  3357       64.01
12080554  3357       63.94
1218058   3357       80.24
12241212  3357       62.56
12242270  3357       63.94
12243077  3357       62.56
12244707  3357       62.56
12247738  3357       63.94
12248400  3357       62.56
12248755  3357       64.01
12248784  3357       63.09
12248960  3357       63.94
12249178  3357       63.85
12279667  3357       63.94
12314254  3357       64.03
1232375   3357       29.36
12369466  3357       63.94
12370670  3357       64.03
1239070   3357       79.85
12434895  3357       63.09
12435304  3357       63.94
12435757  3357       62.56
12435759  3357       63.94
12527456  3357       63.55
12534356  3357       63.94
12536172  3357       63.94
12536549  3357       64.03
1254062   3357       79.39
1257983   3357       80.31
1258658   3357       80.24
1259324   3357       79.39
1260432   3357       80.24
1261562   3357       79.39
1262953   3357      129.20
1263302   3357       78.86
1263303   3357       80.24
1263991   3357       29.94
1265436   3357       80.24
1266723   3357       31.53
12691465  3357       63.94
1269356   3357       80.31
12698409  3357       62.56
12698965  3357       62.56
12700553  3357       63.55
12701276  3357       63.94
12701301  3357       62.56
12702273  3357       63.55
12704473  3357       63.09
12704482  3357       64.01
12704649  3357       63.94
12704927  3357       63.94
12705860  3357       63.94
12706171  3357       63.94
12706774  3357       64.01
12707136  3357       63.94
1272390   3357       79.39
1273369   3357       84.34
1277938   3357       79.39
1278407   3357       80.24
12848719  3357       63.94
12849330  3357       64.03
12851330  3357       63.94
12852888  3357       63.94
12858616  3357       63.94
12878256  3357       63.94
12884972  3357       63.94
12934142  3357       63.55
12934525  3357       62.56
12935305  3357       63.94
12935606  3357       63.94
13032012  3357       62.56
13032033  3357       63.94
13034237  3357       63.94
13035222  3357       63.85
13084488  3357       63.09
13084886  3357       63.55
13180551  3357       63.94
1318484   3357       79.85
13187744  3357       63.94
13187816  3357       63.09
13188137  3357       63.09
13188604  3357       63.09
13264411  3357       63.94
13265462  3357       62.56
13265946  3357       63.94
13266369  3357       63.94
13268000  3357       62.56
13268185  3357       62.56
13268457  3357       63.55
13268537  3357       63.94
13343258  3357       62.56
13346269  3357       62.56
13408041  3357       63.09
13510172  3357       63.09
13510180  3357       62.56
13527636  3357       64.01
13566631  3357       63.85
13643981  3357       62.56
13643982  3357       62.56
13644051  3357       63.94
13644555  3357       62.56
13644665  3357       63.94
13644680  3357       64.01
13652653  3357       62.56
13674854  3357       64.01
13678214  3357       63.94
13678857  3357       62.56
13679940  3357       63.94
13724134  3357       63.94
13774187  3357       62.56
13774684  3357       63.94
13775452  3357       62.56
13775808  3357       62.56
13777181  3357       62.56
13785046  3357       62.56
13785661  3357       63.94
13785997  3357       63.55
13786181  3357       63.94
13787208  3357       63.94
13787741  3357       62.56
13842354  3357       63.94
13843775  3357       63.94
13856268  3357       63.94
13867427  3357       63.94
13868652  3357       63.94
13880177  3357       62.56
13880981  3357       63.94
13905892  3357       62.56
13986119  3357       63.94
13990906  3357       64.01
14003086  3357       63.55
14030527  3357       62.56
14031045  3357       63.94
14031497  3357       63.94
1404429   3357       80.15
14093727  3357       63.94
14094806  3357       64.01
14143188  3357       63.55
14159223  3357       62.56
14176129  3357       63.94
14176671  3357       63.94
14270811  3357       62.56
14293118  3357       63.94
1431183   3357       80.24
14335445  3357       63.55
14335539  3357       63.94
1433726   3357       80.24
14372299  3357       64.01
14372818  3357       43.86
14376347  3357       63.94
14398946  3357       63.94
14399267  3357       63.09
14405196  3357       63.94
14405401  3357       63.94
14513487  3357       62.56
14590375  3357       63.09
14607589  3357       63.09
14648947  3357       63.94
14649126  3357       62.56
14810540  3357       63.94
14825867  3357       63.94
14877620  3357       63.94
14877805  3357       64.01
14877859  3357       64.03
14879704  3357       62.56
14880827  3357       64.01
15170350  3357       63.09
15177340  3357       64.01
15177867  3357       62.56
15306151  3357       63.55
15306996  3357       63.55
15352095  3357       63.94
15444811  3357       64.01
15448608  3357       63.94
15597541  3357       62.56
15598043  3357       62.56
15598319  3357       63.94
15598510  3357       63.94
15598933  3357       62.56
15599928  3357       63.09
15668151  3357       63.94
15668851  3357       63.09
15690244  3357       62.56
15729233  3357       63.94
15729536  3357       63.09
15778630  3357       63.94
15827139  3357       64.01
15959808  3357       62.56
16001576  3357       62.56
16137706  3357       63.55
16138119  3357       63.94
1631390   3357       80.81
16324090  3357       63.94
16594051  3357       63.09
16641426  3357       63.55
16736267  3357       63.94
16770549  3357       63.94
16788972  3357       63.94
16796439  3357       62.56
17011869  3357       63.94
17012587  3357       63.94
17019549  3357       63.94
17033230  3357       62.56
17033256  3357       62.56
17104175  3357       63.94
17306742  3357       62.56
1737075   3357       79.85
17379215  3357       63.09
17504786  3357       63.09
17572385  3357       63.94
17574055  3357       63.09
17626132  3357       63.09
1763812   3357      129.20
1764349   3357       78.86
1765295   3357       26.20
1769938   3357       79.85
17965237  3357       63.94
18058393  3357       62.56
18059918  3357       63.94
18263579  3357       63.94
18263756  3357       63.94
1834693   3357       31.53
18471327  3357       63.94
18618969  3357       62.56
18656459  3357       63.94
18785684  3357       62.56
18950730  3357       62.56
1906129   3357       80.24
19166206  3357       62.56
19262723  3357       63.94
1926999   3357       80.31
19324610  3357       63.94
19827450  3357       62.56
19850185  3357       62.56
19973112  3357       63.94
20187870  3357       63.09
20189202  3357       64.03
20235584  3357       63.09
2030572   3357       79.85
2033664   3357       80.15
20348834  3357       62.56
20351464  3357       63.94
21140944  3357       62.56
2130876   3357       78.86
2157417   3357       80.15
2186056   3357       79.85
2189077   3357       29.75
2196831   3357       79.39
2198274   3357       84.41
2198799   3357       79.85
2199826   3357       79.39
2272067   3357       78.86
23156662  3357       84.34
2376223   3357       80.15
2380275   3357       80.31
2384661   3357       80.24
2529886   3357       80.24
2532585   3357       78.86
2533320   3357       83.95
2533977   3357       34.53
2534786   3357       31.87
2535843   3357       80.31
2536373   3357       80.31
2536795   3357       80.24
2538821   3357       83.95
2539607   3357       80.31
2539943   3357       78.86
2541142   3357       80.24
2541439   3357      129.11
2541709   3357       34.59
2543654   3357       80.24
2543932   3357       79.39
2592064   3357       80.31
2592966   3357      102.67
2593377   3357       80.24
2593686   3357       79.85
2596405   3357       49.24
2597854   3357       32.84
2598033   3357       32.84
2598872   3357       78.86
2601437   3357       80.24
2603046   3357       33.42
2605117   3357       80.31
2605164   3357       37.52
2605539   3357       24.51
2605823   3357       31.53
2607322   3357      108.05
2608233   3357       99.42
2608304   3357       78.86
2608554   3357       32.84
2684589   3357       80.24
2741170   3357       38.72
2854705   3357       79.85
2870837   3357       36.73
2910376   3357       78.86
2910432   3357       79.85
2911765   3357       79.85
2912407   3357       78.86
2912692   3357       80.15
2913757   3357       79.85
2913809   3357       78.86
2914272   3357       35.07
2915293   3357       78.86
2915714   3357       80.24
2915780   3357       33.91
2916102   3357       31.87
2916362   3357       34.01
2916467   3357       79.39
2916786   3357       79.85
2918280   3357       80.24
2992913   3357       78.86
3035349   3357       80.24
3039370   3357       32.82
3080057   3357       80.15
3080311   3357       80.24
3080984   3357       63.94
3081351   3357       84.34
3082505   3357       84.03
3083006   3357       80.24
3083065   3357       78.86
3083457   3357       32.63
3083843   3357       79.39
3084868   3357       34.01
3084978   3357       82.96
3085009   3357       79.85
3085276   3357       80.33
3090485   3357       99.42
3156003   3357      127.82
3234299   3357       80.33
3245420   3357       80.24
3314884   3357       31.53
3315121   3357       78.86
3315781   3357       78.86
3317339   3357       98.91
3317520   3357       80.24
3318589   3357      109.97
3318694   3357       99.54
3318719   3357       34.01
3319659   3357       79.39
3320986   3357       80.24
3322128   3357       41.04
3322284   3357       79.85
3322381   3357       34.62
3324084   3357       63.94
3324110   3357      129.11
3324403   3357       80.15
3329806   3357       33.42
3353242   3357      128.81
3457632   3357       80.62
3528540   3357      109.01
3533360   3357      106.27
3535445   3357       79.39
3535676   3357       36.94
3535838   3357       32.75
3538837   3357      109.28
3539352   3357       32.84
3541739   3357       80.24
3541975   3357       31.53
3542004   3357       64.01
3542015   3357       25.09
3554092   3357       80.31
3593839   3357       79.85
3598528   3357       35.18
3710064   3357       63.55
3759377   3357       33.33
3784066   3357      103.26
3784441   3357      100.47
3785251   3357       80.24
3792247   3357       80.24
3830110   3357       33.20
3855157   3357       31.53
3855577   3357       80.24
3856978   3357       36.85
3857004   3357       79.85
3857220   3357       80.24
3857667   3357       36.85
3857878   3357       33.42
3858323   3357       80.24
3858856   3357       64.01
3859230   3357      105.18
3864991   3357       80.15
3875055   3357       63.94
3877925   3357       64.01
3878006   3357       63.55
3963688   3357       85.24
3964093   3357       63.94
3964337   3357       32.48
3965704   3357       82.96
3969513   3357       85.36
4001934   3357      107.19
4064149   3357       37.74
4065177   3357       79.39
4065584   3357       63.94
4065648   3357      116.36
4066245   3357       33.33
4067118   3357       92.54
4067735   3357       63.55
4067795   3357       33.42
4068788   3357       98.32
4071074   3357       63.85
4071241   3357       80.49
4107436   3357       63.55
4191539   3357       79.85
4193094   3357       80.31
4194671   3357       86.66
4195654   3357       32.75
4199927   3357       31.66
4200911   3357       79.85
4238916   3357       31.53
430240    3357       78.86
4317775   3357       64.01
4373204   3357       64.01
4373479   3357       98.32
4375498   3357       32.82
4375998   3357       31.89
4376813   3357       63.09
4377201   3357       32.86
437803    3357       80.24
4378140   3357       98.57
4378236   3357       32.75
4378283   3357       80.24
4378759   3357       64.01
4379154   3357       35.61
4381341   3357       79.39
4381614   3357       62.56
4382400   3357       84.34
4383023   3357       64.01
4383200   3357       33.59
4385047   3357       32.75
4386936   3357       64.03
4387777   3357       63.55
439023    3357       31.85
4409485   3357       64.01
4409788   3357       78.86
4409789   3357       62.56
4414417   3357       88.16
4414541   3357       37.55
4414909   3357       33.42
4415675   3357       78.86
443869    3357       80.24
4609506   3357      100.47
4610129   3357       78.86
4720170   3357       62.56
4720923   3357       63.94
4721016   3357       62.56
4721639   3357       78.86
4722680   3357       40.83
4722814   3357       24.51
4723168   3357       41.53
4723276   3357       63.55
4723403   3357       34.49
4724433   3357       32.84
4725919   3357       64.01
4727740   3357       63.55
4728331   3357       36.85
4729448   3357       31.53
4729575   3357       35.99
4730168   3357       64.01
4730490   3357       79.39
4730823   3357      115.16
4731322   3357       64.01
4731494   3357       84.41
4732090   3357      102.67
4732618   3357       63.09
4734527   3357       63.09
4734940   3357       62.56
4735505   3357       78.86
4738424   3357       80.24
4739546   3357       84.34
4739796   3357       64.01
4754833   3357       80.31
4803744   3357       64.01
4805842   3357       63.94
4827213   3357       89.59
4853128   3357       31.87
4882144   3357       35.88
5017295   3357       63.55
5022967   3357       32.75
5237805   3357       63.94
5238236   3357       33.33
5239261   3357       80.15
5240821   3357       83.95
5242545   3357       32.82
5244302   3357      128.35
5244483   3357       63.55
5244484   3357       84.41
5244765   3357      103.05
5245261   3357       64.01
5248926   3357      109.67
5248954   3357       88.05
5249259   3357       63.94
5249817   3357       64.01
5250965   3357       34.01
5251153   3357      129.20
5251214   3357       88.51
5252606   3357       64.01
5253930   3357       31.53
5254613   3357      153.90
5254952   3357       78.86
5255567   3357       63.94
5255641   3357       64.01
5257069   3357      109.40
5257175   3357       32.84
5257421   3357       64.03
5257727   3357       63.94
5257774   3357       63.94
5259121   3357       32.75
5259785   3357       83.49
5261116   3357       63.09
5261139   3357       63.94
5261250   3357       43.85
5261418   3357      106.54
5261643   3357       62.56
5263470   3357       36.96
5344986   3357       62.56
5435450   3357       63.09
5436619   3357       64.01
5436795   3357       31.53
5438690   3357       62.56
5439480   3357       63.94
5439865   3357       64.03
5458236   3357       63.09
5461455   3357       32.84
5605414   3357       63.94
5658043   3357       63.94
5688352   3357       63.94
5765952   3357       63.94
5779173   3357       63.94
5915261   3357       80.24
5921128   3357       63.94
5921800   3357       62.56
5923624   3357       64.01
5925143   3357       64.01
5925949   3357       31.53
5929492   3357       63.94
5935536   3357       64.01
5938630   3357       63.94
5938995   3357       63.94
6044716   3357       63.94
6125595   3357       62.56
6127630   3357      117.21
6238388   3357       63.85
6394853   3357       36.68
64800     3357       80.33
6537141   3357       41.53
6573443   3357      109.01
6573855   3357       64.03
6573893   3357       63.09
6575243   3357       63.55
6575301   3357       63.94
6584406   3357       79.39
6634354   3357       63.94
6689708   3357       63.94
6690236   3357       63.94
6701343   3357       63.94
6701344   3357       63.94
6701453   3357       63.94
673822    3357       79.39
6841910   3357       62.56
7076647   3357       63.94
7211860   3357       64.01
7240399   3357       63.94
7300376   3357       62.56
7301470   3357       36.85
7305494   3357       32.75
7305781   3357       82.96
7308623   3357      101.53
7309317   3357       62.56
7309375   3357       63.55
7310425   3357       64.03
7310959   3357       80.24
7311233   3357      107.10
7311255   3357       62.56
7312149   3357       63.94
7313189   3357       78.86
7314050   3357       62.56
7314987   3357       64.03
7315048   3357       64.01
7315058   3357       63.94
7315331   3357       63.94
7316059   3357       64.03
7316139   3357       64.01
7316607   3357      129.11
7316959   3357       80.31
7317744   3357       78.86
7318041   3357       88.44
7319649   3357       64.01
7321787   3357       63.55
7322304   3357       63.55
7322780   3357       63.09
7322794   3357      134.10
7324725   3357       34.62
7325664   3357       80.62
7325721   3357       32.26
7325722   3357      161.11
7325778   3357       31.83
7328421   3357       62.56
7330948   3357       63.94
7331943   3357       63.55
7332202   3357       62.56
7332734   3357       32.84
7333145   3357       64.01
7333526   3357       62.56
7335642   3357       63.94
7337422   3357       37.71
7337778   3357       62.56
7338055   3357       64.03
7340200   3357       79.85
7340742   3357       41.04
7340989   3357       62.56
7342107   3357       63.55
7342680   3357       80.24
7343605   3357       62.56
7344290   3357       63.55
7344465   3357       63.55
7347856   3357       80.24
7348137   3357       62.56
7348986   3357       63.94
7349428   3357       63.85
7349843   3357       62.56
7350162   3357      111.24
7350273   3357       63.55
7351297   3357       93.42
7352317   3357       63.55
7353364   3357       62.56
7353377   3357       63.94
7354064   3357       62.56
7354848   3357       31.83
7355837   3357       50.62
7355928   3357       83.49
7359478   3357       64.01
7360346   3357       63.09
7360517   3357       63.94
7363171   3357       40.81
7363652   3357       63.94
7365166   3357       65.76
7365545   3357       63.55
7367276   3357       62.56
7368710   3357       62.56
7369018   3357       63.94
7371154   3357       63.94
7372156   3357       62.56
7372973   3357       71.97
7373089   3357       63.09
7373215   3357       64.03
7374243   3357       63.09
7374616   3357       84.34
7377030   3357       63.09
7377579   3357       63.94
7379256   3357       63.55
7380616   3357       62.56
7381553   3357       63.94
7382148   3357      107.19
7382532   3357       62.56
7384964   3357       63.94
7387544   3357       63.94
7388038   3357       62.56
7388080   3357       63.94
7388125   3357       64.01
7388199   3357       63.09
7389581   3357       63.94
7391472   3357       63.55
7392153   3357       64.01
7393061   3357       63.55
7393144   3357       62.56
7395742   3357       31.53
7396051   3357       63.94
7398038   3357       40.07
7400031   3357       63.94
7401094   3357       63.94
7401380   3357       63.94
7401853   3357       62.56
7403123   3357       62.56
7403188   3357       63.55
7403563   3357       63.55
7406353   3357       63.94
7408531   3357       63.94
7409730   3357       63.55
7410177   3357       63.85
7412535   3357       64.01
7412738   3357       63.09
7415285   3357       63.85
7415448   3357       63.94
7416870   3357       62.56
7417289   3357       62.56
7417791   3357       63.94
7418898   3357       62.56
7418939   3357       62.56
7419340   3357       63.55
7419740   3357       62.56
7419800   3357       63.94
7419866   3357       63.55
7420316   3357       63.94
7420429   3357       64.01
7423108   3357       64.01
7423415   3357       63.94
7423444   3357       63.94
7425063   3357       62.56
7425430   3357       63.94
7425900   3357       63.55
7426046   3357       63.94
7427359   3357       62.56
7427520   3357       63.94
7429274   3357       63.94
7432253   3357       64.01
7434591   3357       63.94
7435158   3357       62.56
7436077   3357       63.55
7436996   3357       63.94
7437806   3357       62.56
7437808   3357       62.56
7438450   3357       63.94
7439597   3357       64.03
7439617   3357       63.94
7439629   3357       63.94
7440809   3357       35.63
7442445   3357       63.94
7444497   3357       62.56
7444651   3357       64.01
7444842   3357       63.94
7444889   3357       64.03
7445661   3357       63.09
7446382   3357       64.01
7446644   3357       63.94
7447067   3357       63.94
7447334   3357       64.03
7447992   3357       62.56
7449457   3357       63.09
7455429   3357       63.94
7455588   3357       63.94
7461704   3357       63.94
7465820   3357       63.94
7465910   3357       63.94
7466779   3357      107.50
7466870   3357       63.94
7502836   3357       88.51
7548386   3357       63.09
7548420   3357       63.55
770342    3357       80.24
7917981   3357       63.94
7981510   3357       64.01
7982728   3357       62.56
7982865   3357       64.01
7983170   3357       62.56
7984159   3357       63.94
7985605   3357       28.61
7988969   3357       63.94
8054279   3357       63.09
8064487   3357       36.83
8068577   3357       44.17
8069571   3357       63.94
8140450   3357       31.66
8594315   3357       63.94
8718789   3357       63.94
8734286   3357       64.01
9066082   3357       83.49
9100619   3357       63.94
9211039   3357       63.55
9261804   3357       64.01
9317884   3357       64.01
9433060   3357       63.94
9540404   3357       64.01
9540845   3357       64.03
9542018   3357       64.01
9542237   3357       63.55
9543174   3357       63.94
9543530   3357       92.61
9544179   3357       63.94
9544345   3357       63.09
9544429   3357       64.01
9544827   3357       64.01
9545198   3357       79.39
9545952   3357      107.15
9546474   3357       63.94
9547148   3357       63.55
9551389   3357       63.94
9552709   3357       62.56
9553039   3357       63.94
9553047   3357       63.55
9553149   3357       62.56
9555077   3357       80.33
9555609   3357       62.56
9555641   3357       63.94
9557148   3357       64.03
9557803   3357       63.09
9557875   3357       62.56
9557894   3357      131.92
9558628   3357       63.09
9560453   3357       62.56
9570736   3357       63.94
9572755   3357       63.94
9577605   3357       63.94
9601343   3357       63.94
9603154   3357       63.09
9603683   3357       63.94
9603870   3357       31.53
9604166   3357       63.55
9604592   3357       63.85
9607091   3357       79.85
9608547   3357       63.94
9609337   3357       62.56
9609338   3357       63.94
9612117   3357       71.63
9612530   3357       63.94
9612692   3357       63.94
9614364   3357       63.55
9615563   3357       63.94
9615964   3357       63.94
9617493   3357       63.55
9620242   3357       64.01
9620248   3357       64.03
9620376   3357       63.94
9620599   3357       64.01
9620701   3357       63.55
9620720   3357       63.55
9621777   3357       62.56
9622347   3357       63.94
9624370   3357       63.85
9624596   3357       62.56
9625361   3357       63.94
9625933   3357       63.94
9626082   3357       63.94
9626215   3357       63.55
9627150   3357       64.01
9627523   3357       63.94
9627724   3357       62.56
9629963   3357       64.01
9631462   3357       64.01
9634554   3357       63.94
9634674   3357       63.94
9636806   3357       62.56
9638320   3357       63.94
9639201   3357       63.55
9845319   3357       63.09
9846320   3357       64.01
9847068   3357       63.55
9847350   3357       63.94
9848693   3357       63.55
9850403   3357       63.94
9851111   3357       63.94
9851993   3357       63.94
