10107724  0357       33.31
10120357  0357       50.04
10121866  0357       83.49
10125466  0357       32.64
10126656  0357       33.36
10141786  0357       33.40
10312414  0357       33.16
10373550  0357       66.72
10639752  0357       32.64
10726693  0357       33.36
10760806  0357       32.64
10764554  0357       33.40
10770124  0357       33.36
10772668  0357       32.64
10774121  0357       33.40
10775520  0357       66.31
10776516  0357       33.31
10776915  0357       32.64
10777482  0357       32.64
10777645  0357       50.04
10778464  0357       32.64
10779723  0357       33.36
10784623  0357       33.36
10794552  0357       33.36
10820078  0357       33.40
10840266  0357       33.36
10841061  0357       32.92
10841823  0357       33.31
10842205  0357       33.36
10843324  0357       83.40
10844575  0357       66.62
10844947  0357       33.36
10845717  0357       32.64
10845943  0357       33.31
10846474  0357       33.36
10846532  0357       33.40
10846629  0357       33.36
10846940  0357       66.72
10846985  0357       33.36
10847648  0357       32.64
10848158  0357       33.41
10849906  0357       33.36
10849907  0357       33.40
10860593  0357       33.36
10903693  0357       32.64
10959957  0357       33.36
10960021  0357       33.36
10963442  0357       33.40
10963957  0357       33.40
10964062  0357       66.72
1108218   0357       33.15
1112379   0357       33.36
1115136   0357       33.36
11163187  0357       32.64
11177533  0357       32.64
11260715  0357       33.36
11261772  0357       33.31
11262378  0357       33.36
11263756  0357       32.64
11264465  0357       33.36
11264550  0357       33.16
11265496  0357       33.36
11265527  0357       33.40
11266390  0357       66.72
11267811  0357       66.31
11267932  0357       65.28
11268437  0357       33.31
11269196  0357       33.41
1129535   0357       33.39
11414487  0357       33.40
11425214  0357       33.36
11425449  0357       33.36
11426462  0357       33.16
11428034  0357       33.16
11428889  0357       83.40
11429539  0357       66.72
11429792  0357       32.64
11429991  0357       50.04
11430700  0357       33.36
11433167  0357       33.36
11433865  0357       66.72
11434350  0357       33.36
11546168  0357       33.16
11580362  0357       33.40
11584952  0357       33.36
11586448  0357       33.36
11589730  0357       66.72
11594236  0357       33.31
11594524  0357       32.64
11596252  0357       33.36
11597667  0357       33.36
11598121  0357       32.92
11598207  0357       32.64
11598956  0357       32.92
11633896  0357       32.92
11645810  0357       33.36
11651035  0357       33.36
11651090  0357       33.36
11652405  0357       33.36
11653864  0357       33.36
11694358  0357       32.64
11694758  0357       33.36
11695394  0357       65.28
11749469  0357       33.36
11783201  0357       33.40
11783366  0357       33.31
11784637  0357       32.64
11786325  0357       33.31
11786432  0357       32.92
11787653  0357       66.72
11787807  0357       33.36
11788587  0357       66.79
11788630  0357       33.40
11790273  0357       33.36
11790818  0357       50.04
11791177  0357       33.36
11792506  0357       32.64
11792846  0357       33.36
118087    0357       15.34
11878930  0357       33.36
11879419  0357       33.40
11879750  0357       33.40
11881224  0357       33.31
11881668  0357       81.60
11881669  0357       32.64
11882080  0357       33.16
11882720  0357       33.31
11883300  0357       66.72
11949766  0357       33.31
12011761  0357       66.62
12018571  0357       49.73
12018729  0357       32.64
12018852  0357       33.36
12019816  0357       33.16
12020535  0357       33.41
12021559  0357       33.40
12021966  0357       33.36
12022428  0357       33.40
12023306  0357       33.41
12023981  0357       50.04
12024178  0357       33.36
12024179  0357       33.36
12025294  0357       50.04
12025488  0357       32.64
12025491  0357       32.64
12026565  0357       33.36
12027093  0357       33.36
12027260  0357       33.36
12027527  0357       32.64
12027928  0357       32.64
12027973  0357       66.79
12080554  0357       33.36
1218058   0357       33.36
12241212  0357       48.96
12242270  0357       33.36
12243077  0357       32.64
12244707  0357       32.64
12247738  0357       50.04
12248400  0357       81.60
12248755  0357       33.40
12248784  0357       65.83
12248960  0357       33.36
12249178  0357       33.31
12279667  0357       33.36
12314254  0357       83.52
1232375   0357       22.39
12369466  0357       33.36
12370670  0357       33.41
1239070   0357       33.15
12434895  0357       32.92
12435304  0357       33.36
12435757  0357       48.96
12435759  0357       83.40
12527456  0357       33.16
12534356  0357       33.36
12536172  0357       33.36
12536549  0357       33.41
1254062   0357       32.91
1257983   0357       33.39
1258658   0357       33.36
1259324   0357       32.91
1260432   0357       33.36
1261562   0357       32.91
1262953   0357       33.36
1263302   0357       32.64
1263303   0357       33.36
1263991   0357       23.38
1265436   0357       33.36
1266723   0357       26.11
12691465  0357       33.36
1269356   0357       66.79
12698409  0357       32.64
12698965  0357       32.64
12700553  0357       33.16
12701276  0357       33.36
12701301  0357       32.64
12702273  0357       33.16
12704473  0357       32.92
12704482  0357       66.79
12704649  0357       33.36
12704927  0357       33.36
12705860  0357       33.36
12706171  0357       33.36
12706774  0357       66.79
12707136  0357       33.36
1272390   0357       32.91
1273369   0357       33.36
1277938   0357       32.91
1278407   0357       33.36
12848719  0357       33.36
12849330  0357       33.41
12851330  0357       33.36
12852888  0357       33.36
12858616  0357       50.04
12878256  0357       33.36
12884972  0357       33.36
12934142  0357       33.16
12934525  0357       32.64
12935305  0357       33.36
12935606  0357       33.36
13032012  0357       65.28
13032033  0357       33.36
13034237  0357       33.36
13035222  0357       33.31
13084488  0357       32.92
13084886  0357       33.16
13180551  0357       33.36
1318484   0357       33.15
13187744  0357       66.72
13187816  0357       49.37
13188137  0357       32.92
13188604  0357       49.37
13264411  0357       33.36
13265462  0357       32.64
13265946  0357       50.04
13266369  0357       33.36
13268000  0357       65.28
13268185  0357       65.28
13268457  0357       33.16
13268537  0357       50.04
13343258  0357       32.64
13346269  0357       81.60
13408041  0357       32.92
13510172  0357       32.92
13510180  0357       32.64
13527636  0357       33.40
13566631  0357       33.31
13643981  0357       65.28
13643982  0357       48.96
13644051  0357       33.36
13644555  0357       81.60
13644665  0357       33.36
13644680  0357       83.49
13652653  0357       32.64
13674854  0357       33.40
13678214  0357       33.36
13678857  0357       32.64
13679940  0357       33.36
13724134  0357       50.04
13774187  0357       32.64
13774684  0357       33.36
13775452  0357       32.64
13775808  0357       32.64
13777181  0357       48.96
13785046  0357       32.64
13785661  0357       33.36
13785997  0357       33.16
13786181  0357       33.36
13787208  0357       33.36
13787741  0357       32.64
13842354  0357       33.36
13843775  0357       33.36
13856268  0357       33.36
13867427  0357       50.04
13868652  0357       33.36
13880177  0357       32.64
13880981  0357       33.36
13905892  0357       32.64
13986119  0357       33.36
13990906  0357       50.09
14003086  0357       33.16
14030527  0357       32.64
14031045  0357       33.36
14031497  0357       83.40
1404429   0357       33.31
14093727  0357       50.04
14094806  0357       33.40
14143188  0357       33.16
14159223  0357       65.28
14176129  0357       33.36
14176671  0357       33.36
14270811  0357       81.60
14293118  0357       50.04
1431183   0357       33.36
14335445  0357       33.16
14335539  0357       33.36
1433726   0357       33.36
14372299  0357       33.40
14372818  0357       82.99
14376347  0357       33.36
14398946  0357       33.36
14399267  0357       49.37
14405196  0357       33.36
14405401  0357       33.36
14513487  0357       32.64
14590375  0357       32.92
14607589  0357       49.37
14648947  0357       33.36
14649126  0357       32.64
14810540  0357       50.04
14825867  0357       33.36
14877620  0357       33.36
14877805  0357       33.40
14877859  0357       33.41
14879704  0357       48.96
14880827  0357       33.40
15170350  0357       32.92
15177340  0357       33.40
15177867  0357       65.28
15306151  0357       82.89
15306996  0357       33.16
15352095  0357       33.36
15444811  0357       33.40
15448608  0357       33.36
15597541  0357       32.64
15598043  0357       32.64
15598319  0357       33.36
15598510  0357       66.72
15598933  0357       32.64
15599928  0357       49.37
15668151  0357       66.72
15668851  0357       32.92
15690244  0357       32.64
15729233  0357       50.04
15729536  0357       82.29
15778630  0357       50.04
15827139  0357       33.40
15959808  0357       32.64
16001576  0357       32.64
16137706  0357       33.16
16138119  0357       50.04
1631390   0357       26.66
16324090  0357       33.36
16594051  0357       32.92
16641426  0357       33.16
16736267  0357       33.36
16770549  0357       33.36
16788972  0357       66.72
16796439  0357       65.28
17011869  0357       66.72
17012587  0357       83.40
17019549  0357       33.36
17033230  0357       32.64
17033256  0357       32.64
17104175  0357       33.36
17306742  0357       32.64
1737075   0357       33.15
17379215  0357       49.37
17504786  0357       32.92
17572385  0357       66.72
17574055  0357       82.29
17626132  0357       65.83
1763812   0357       33.36
1764349   0357       32.64
1765295   0357       33.94
1769938   0357       33.15
17965237  0357       50.04
18058393  0357       32.64
18059918  0357       33.36
18263579  0357       50.04
18263756  0357       33.36
1834693   0357       26.11
18471327  0357       33.36
18618969  0357       32.64
18656459  0357       50.04
18785684  0357       32.64
18950730  0357       32.64
1906129   0357       33.36
19166206  0357       81.60
19262723  0357       33.36
1926999   0357       33.39
19324610  0357       66.72
19827450  0357       32.64
19850185  0357       81.60
19973112  0357       33.36
20187870  0357       65.83
20189202  0357       33.41
20235584  0357       65.83
2030572   0357       33.15
2033664   0357       33.31
20348834  0357       48.96
20351464  0357       66.72
21140944  0357       48.96
2130876   0357       32.64
2157417   0357       83.28
2186056   0357       33.15
2189077   0357       23.06
2196831   0357       32.91
2198274   0357       33.39
2198799   0357       33.15
2199826   0357       32.91
2272067   0357       32.64
23156662  0357       33.36
2376223   0357       33.31
2380275   0357       33.39
2384661   0357       33.36
2529886   0357       33.36
2532585   0357       32.64
2533320   0357       33.15
2533977   0357       31.25
2534786   0357       26.69
2535843   0357       33.39
2536373   0357       33.39
2536795   0357       33.36
2538821   0357       33.15
2539607   0357       33.39
2539943   0357       32.64
2541142   0357       33.36
2541439   0357       33.31
2541709   0357       31.35
2543654   0357       33.36
2543932   0357       32.91
2592064   0357       33.39
2592966   0357       45.07
2593377   0357       33.36
2593686   0357       33.15
2596405   0357       28.35
2597854   0357       28.35
2598033   0357       28.35
2598872   0357       32.64
2601437   0357       33.36
2603046   0357       29.35
2605117   0357       33.39
2605164   0357       29.35
2605539   0357       14.07
2605823   0357       26.11
2607322   0357       47.88
2608233   0357       43.37
2608304   0357       32.64
2608554   0357       28.35
2684589   0357       33.36
2741170   0357       31.41
2854705   0357       33.15
2870837   0357       27.99
2910376   0357       32.64
2910432   0357       33.15
2911765   0357       33.15
2912407   0357       32.64
2912692   0357       33.31
2913757   0357       33.15
2913809   0357       32.64
2914272   0357       32.18
2915293   0357       32.64
2915714   0357       33.36
2915780   0357       30.19
2916102   0357       26.69
2916362   0357       30.36
2916467   0357       32.91
2916786   0357       33.15
2918280   0357       83.40
2992913   0357       32.64
3035349   0357       33.36
3039370   0357       28.32
3080057   0357       49.97
3080311   0357       33.36
3080984   0357       33.36
3081351   0357       33.36
3082505   0357       32.18
3083006   0357       33.36
3083065   0357       32.64
3083457   0357       27.99
3083843   0357       32.91
3084868   0357       30.36
3084978   0357       32.64
3085009   0357       33.15
3085276   0357       33.41
3090485   0357       43.37
3156003   0357       32.64
3234299   0357       33.41
3245420   0357       33.36
3314884   0357       26.11
3315121   0357       32.64
3315781   0357       32.64
3317339   0357       43.10
3317520   0357       33.36
3318589   0357       48.87
3318694   0357       43.42
3318719   0357       30.36
3319659   0357       32.91
3320986   0357       33.36
3322128   0357       28.35
3322284   0357       33.15
3322381   0357       31.41
3324084   0357       33.36
3324110   0357       33.31
3324403   0357       33.31
3329806   0357       29.35
3353242   0357       33.15
3457632   0357       26.33
3528540   0357       48.38
3533360   0357       46.94
3535445   0357       32.91
3535676   0357       28.35
3535838   0357       28.20
3538837   0357       46.37
3539352   0357       28.35
3541739   0357       33.36
3541975   0357       26.11
3542004   0357       33.40
3542015   0357       15.07
3554092   0357       33.39
3593839   0357       33.15
3598528   0357       32.37
3710064   0357       33.16
3759377   0357       29.19
3784066   0357       45.38
3784441   0357       43.92
3785251   0357       33.36
3792247   0357       33.36
3830110   0357       28.97
3855157   0357       26.11
3855577   0357       33.36
3856978   0357       28.20
3857004   0357       33.15
3857220   0357       33.36
3857667   0357       28.20
3857878   0357       29.35
3858323   0357       66.72
3858856   0357       33.40
3859230   0357       69.55
3864991   0357       33.31
3875055   0357       33.36
3877925   0357       66.79
3878006   0357       33.16
3963688   0357       41.93
3964093   0357       33.36
3964337   0357       27.74
3965704   0357       32.64
3969513   0357       42.60
4001934   0357       47.42
4064149   0357       36.75
4065177   0357       32.91
4065584   0357       33.36
4065648   0357       50.07
4066245   0357       29.19
4067118   0357       33.36
4067735   0357       33.16
4067795   0357       29.35
4068788   0357       42.79
4071074   0357       33.31
4071241   0357       26.11
4107436   0357       33.16
4191539   0357       33.15
4193094   0357       83.49
4194671   0357       44.37
4195654   0357       28.20
4199927   0357       26.33
4200911   0357       33.15
4238916   0357       26.11
430240    0357       32.64
4317775   0357       33.40
4373204   0357       33.40
4373479   0357       42.79
4375498   0357       28.32
4375998   0357       26.73
4376813   0357       32.92
4377201   0357       28.39
437803    0357       33.36
4378140   0357       42.93
4378236   0357       28.20
4378283   0357       33.36
4378759   0357       33.40
4379154   0357       26.07
4381341   0357       32.91
4381614   0357       32.64
4382400   0357       50.04
4383023   0357       33.40
4383200   0357       29.64
4385047   0357       28.20
4386936   0357       33.41
4387777   0357       82.89
439023    0357       26.66
4409485   0357       33.40
4409788   0357       32.64
4409789   0357       65.28
4414417   0357       47.40
4414541   0357       29.40
4414909   0357       29.35
4415675   0357       32.64
443869    0357       33.36
4609506   0357       43.92
4610129   0357       32.64
4720170   0357       48.96
4720923   0357       33.36
4721016   0357       32.64
4721639   0357       32.64
4722680   0357       27.99
4722814   0357       14.07
4723168   0357       29.19
4723276   0357       33.16
4723403   0357       31.18
4724433   0357       28.35
4725919   0357       66.79
4727740   0357       33.16
4728331   0357       28.20
4729448   0357       26.11
4729575   0357       26.73
4730168   0357       33.40
4730490   0357       32.91
4730823   0357       47.30
4731322   0357       33.40
4731494   0357       33.39
4732090   0357       42.93
4732618   0357       32.92
4734527   0357       32.92
4734940   0357       32.64
4735505   0357       32.64
4738424   0357       33.36
4739546   0357       33.36
4739796   0357       33.40
4754833   0357       33.39
4803744   0357       33.40
4805842   0357       33.36
4827213   0357       42.36
4853128   0357       26.69
4882144   0357       26.54
5017295   0357       33.16
5022967   0357       28.20
5237805   0357       33.36
5238236   0357       29.19
5239261   0357       33.31
5240821   0357       33.15
5242545   0357       28.32
5244302   0357       32.91
5244483   0357       33.16
5244484   0357       33.39
5244765   0357       45.26
5245261   0357       33.40
5248926   0357       48.72
5248954   0357       33.15
5249259   0357       33.36
5249817   0357       33.40
5250965   0357       30.36
5251153   0357       33.36
5251214   0357       33.39
5252606   0357       66.79
5253930   0357       26.11
5254613   0357       46.25
5254952   0357       32.64
5255567   0357       33.36
5255641   0357       33.40
5257069   0357       48.58
5257175   0357       28.35
5257421   0357       33.41
5257727   0357       83.40
5257774   0357       33.36
5259121   0357       28.20
5259785   0357       32.91
5261116   0357       32.92
5261139   0357       33.36
5261250   0357       33.17
5261418   0357       47.07
5261643   0357       32.64
5263470   0357       28.39
5344986   0357       32.64
5435450   0357       32.92
5436619   0357       33.40
5436795   0357       26.11
5438690   0357       32.64
5439480   0357       33.36
5439865   0357       83.52
5458236   0357       32.92
5461455   0357       28.35
5605414   0357       66.72
5658043   0357       33.36
5688352   0357       33.36
5765952   0357       33.36
5779173   0357       33.36
5915261   0357       33.36
5921128   0357       33.36
5921800   0357       32.64
5923624   0357       33.40
5925143   0357       33.40
5925949   0357       26.11
5929492   0357       33.36
5935536   0357       83.49
5938630   0357       33.36
5938995   0357       33.36
6044716   0357       50.04
6125595   0357       81.60
6127630   0357       48.38
6238388   0357       33.31
6394853   0357       34.94
64800     0357       33.41
6537141   0357       29.19
6573443   0357       48.38
6573855   0357       33.41
6573893   0357       32.92
6575243   0357       33.16
6575301   0357       33.36
6584406   0357       82.29
6634354   0357       33.36
6689708   0357       33.36
6690236   0357       33.36
6701343   0357       33.36
6701344   0357       33.36
6701453   0357       33.36
673822    0357       32.91
6841910   0357       32.64
7076647   0357       33.36
7211860   0357       33.40
7240399   0357       33.36
7300376   0357       32.64
7301470   0357       28.20
7305494   0357       28.20
7305781   0357       32.64
7308623   0357       49.37
7309317   0357       32.64
7309375   0357       33.16
7310425   0357       33.41
7310959   0357       33.36
7311233   0357       47.37
7311255   0357       32.64
7312149   0357       33.36
7313189   0357       32.64
7314050   0357       32.64
7314987   0357       33.41
7315048   0357       33.40
7315058   0357       83.40
7315331   0357       33.36
7316059   0357       33.41
7316139   0357       33.40
7316607   0357       33.31
7316959   0357       66.79
7317744   0357       65.28
7318041   0357       33.36
7319649   0357       66.79
7321787   0357       33.16
7322304   0357       33.16
7322780   0357       32.92
7322794   0357       43.41
7324725   0357       31.41
7325664   0357       26.33
7325721   0357       27.36
7325722   0357       47.88
7325778   0357       26.62
7328421   0357       32.64
7330948   0357       33.36
7331943   0357       33.16
7332202   0357       32.64
7332734   0357       42.53
7333145   0357       33.40
7333526   0357       65.28
7335642   0357       33.36
7337422   0357       36.70
7337778   0357       32.64
7338055   0357       33.41
7340200   0357       33.15
7340742   0357       28.35
7340989   0357       32.64
7342107   0357       33.16
7342680   0357       33.36
7343605   0357       32.64
7344290   0357       33.16
7344465   0357       66.31
7347856   0357       33.36
7348137   0357       32.64
7348986   0357       33.36
7349428   0357       83.28
7349843   0357       32.64
7350162   0357       49.53
7350273   0357       33.16
7351297   0357       40.23
7352317   0357       33.16
7353364   0357       65.28
7353377   0357       33.36
7354064   0357       32.64
7354848   0357       26.62
7355837   0357      111.94
7355928   0357       32.91
7359478   0357       33.40
7360346   0357       32.92
7360517   0357       33.36
7363171   0357       34.99
7363652   0357       33.36
7365166   0357       34.31
7365545   0357       33.16
7367276   0357       32.64
7368710   0357       65.28
7369018   0357       33.36
7371154   0357       33.36
7372156   0357       32.64
7372973   0357       11.50
7373089   0357       32.92
7373215   0357       33.41
7374243   0357       32.92
7374616   0357       33.36
7377030   0357       32.92
7377579   0357       33.36
7379256   0357       66.31
7380616   0357       32.64
7381553   0357       33.36
7382148   0357       47.42
7382532   0357       32.64
7384964   0357       33.36
7387544   0357       66.72
7388038   0357       32.64
7388080   0357       33.36
7388125   0357       33.40
7388199   0357       49.37
7389581   0357       33.36
7391472   0357       33.16
7392153   0357       83.49
7393061   0357       33.16
7393144   0357       65.28
7395742   0357       26.11
7396051   0357       50.04
7398038   0357       26.69
7400031   0357       33.36
7401094   0357       33.36
7401380   0357       33.36
7401853   0357       32.64
7403123   0357       32.64
7403188   0357       33.16
7403563   0357       33.16
7406353   0357       33.36
7408531   0357       33.36
7409730   0357       33.16
7410177   0357       33.31
7412535   0357       33.40
7412738   0357       32.92
7415285   0357       33.31
7415448   0357       33.36
7416870   0357       32.64
7417289   0357       65.28
7417791   0357       66.72
7418898   0357       32.64
7418939   0357       32.64
7419340   0357       33.16
7419740   0357       32.64
7419800   0357       33.36
7419866   0357       82.89
7420316   0357       33.36
7420429   0357       33.40
7423108   0357       33.40
7423415   0357       33.36
7423444   0357       33.36
7425063   0357       32.64
7425430   0357       33.36
7425900   0357       33.16
7426046   0357       33.36
7427359   0357       32.64
7427520   0357       33.36
7429274   0357       33.36
7432253   0357       33.40
7434591   0357       83.40
7435158   0357       81.60
7436077   0357       66.31
7436996   0357       33.36
7437806   0357       32.64
7437808   0357       32.64
7438450   0357       33.36
7439597   0357       66.82
7439617   0357       33.36
7439629   0357       33.36
7440809   0357       26.11
7442445   0357       33.36
7444497   0357       48.96
7444651   0357       33.40
7444842   0357       33.36
7444889   0357       66.82
7445661   0357       32.92
7446382   0357       33.40
7446644   0357       33.36
7447067   0357       83.40
7447334   0357       33.41
7447992   0357       32.64
7449457   0357       32.92
7455429   0357       33.36
7455588   0357       33.36
7461704   0357       33.36
7465820   0357       83.40
7465910   0357       33.36
7466779   0357       43.30
7466870   0357       33.36
7502836   0357       33.39
7548386   0357       32.92
7548420   0357       33.16
770342    0357       33.36
7917981   0357       33.36
7981510   0357       33.40
7982728   0357       32.64
7982865   0357       33.40
7983170   0357       32.64
7984159   0357       33.36
7985605   0357       14.07
7988969   0357       33.36
8054279   0357       32.92
8064487   0357       70.39
8068577   0357       26.69
8069571   0357       33.36
8140450   0357       26.33
8594315   0357       33.36
8718789   0357       66.72
8734286   0357       33.40
9066082   0357       32.91
9100619   0357       33.36
9211039   0357       33.16
9261804   0357       33.40
9317884   0357       66.79
9433060   0357       33.36
9540404   0357       33.40
9540845   0357       50.11
9542018   0357       33.40
9542237   0357       33.16
9543174   0357       33.36
9543530   0357       33.39
9544179   0357       33.36
9544345   0357       32.92
9544429   0357       33.40
9544827   0357       33.40
9545198   0357       32.91
9545952   0357       45.26
9546474   0357       33.36
9547148   0357       33.16
9551389   0357       33.36
9552709   0357       32.64
9553039   0357       33.36
9553047   0357       33.16
9553149   0357       32.64
9555077   0357       33.41
9555609   0357       32.64
9555641   0357       33.36
9557148   0357       66.82
9557803   0357       32.92
9557875   0357       32.64
9557894   0357       32.64
9558628   0357       32.92
9560453   0357       32.64
9570736   0357       33.36
9572755   0357       33.36
9577605   0357       33.36
9601343   0357       83.40
9603154   0357       32.92
9603683   0357       33.36
9603870   0357       26.11
9604166   0357       33.16
9604592   0357       49.97
9607091   0357       33.15
9608547   0357       33.36
9609337   0357       32.64
9609338   0357       66.72
9612117   0357       26.73
9612530   0357       83.40
9612692   0357       33.36
9614364   0357       66.31
9615563   0357       33.36
9615964   0357       33.36
9617493   0357       66.31
9620242   0357       66.79
9620248   0357       66.82
9620376   0357       33.36
9620599   0357       33.40
9620701   0357       33.16
9620720   0357       33.16
9621777   0357       32.64
9622347   0357       33.36
9624370   0357       33.31
9624596   0357       32.64
9625361   0357       33.36
9625933   0357       66.72
9626082   0357       33.36
9626215   0357       33.16
9627150   0357       83.49
9627523   0357       66.72
9627724   0357       32.64
9629963   0357       33.40
9631462   0357       33.40
9634554   0357       33.36
9634674   0357       33.36
9636806   0357       32.64
9638320   0357       33.36
9639201   0357       33.16
9845319   0357       32.92
9846320   0357       33.40
9847068   0357       33.16
9847350   0357       33.36
9848693   0357       33.16
9850403   0357       33.36
9851111   0357       33.36
9851993   0357       33.36
10107724  3357       33.31
10120357  3357       33.36
10121866  3357       33.40
10125466  3357       32.64
10126656  3357       33.36
10141786  3357       33.40
10312414  3357       33.16
10373550  3357       33.36
10639752  3357       32.64
10726693  3357       33.36
10760806  3357       32.64
10764554  3357       33.40
10770124  3357       33.36
10772668  3357       32.64
10774121  3357       33.40
10775520  3357       33.16
10776516  3357       33.31
10776915  3357       32.64
10777482  3357       32.64
10777645  3357       33.36
10778464  3357       32.64
10779723  3357       33.36
10784623  3357       33.36
10794552  3357       33.36
10820078  3357       33.40
10840266  3357       33.36
10841061  3357       32.92
10841823  3357       33.31
10842205  3357       33.36
10843324  3357       33.36
10844575  3357       33.31
10844947  3357       33.36
10845717  3357       32.64
10845943  3357       33.31
10846474  3357       33.36
10846532  3357       33.40
10846629  3357       33.36
10846940  3357       33.36
10846985  3357       33.36
10847648  3357       32.64
10848158  3357       33.41
10849906  3357       33.36
10849907  3357       33.40
10860593  3357       33.36
10903693  3357       32.64
10959957  3357       33.36
10960021  3357       33.36
10963442  3357       33.40
10963957  3357       33.40
10964062  3357       33.36
1108218   3357       33.15
1112379   3357       33.36
1115136   3357       33.36
11163187  3357       32.64
11177533  3357       32.64
11260715  3357       33.36
11261772  3357       33.31
11262378  3357       33.36
11263756  3357       32.64
11264465  3357       33.36
11264550  3357       33.16
11265496  3357       33.36
11265527  3357       33.40
11266390  3357       33.36
11267811  3357       33.16
11267932  3357       32.64
11268437  3357       33.31
11269196  3357       33.41
1129535   3357       33.39
11414487  3357       33.40
11425214  3357       33.36
11425449  3357       33.36
11426462  3357       33.16
11428034  3357       33.16
11428889  3357       33.36
11429539  3357       33.36
11429792  3357       32.64
11429991  3357       33.36
11430700  3357       33.36
11433167  3357       33.36
11433865  3357       33.36
11434350  3357       33.36
11546168  3357       33.16
11580362  3357       33.40
11584952  3357       33.36
11586448  3357       33.36
11589730  3357       33.36
11594236  3357       33.31
11594524  3357       32.64
11596252  3357       33.36
11597667  3357       33.36
11598121  3357       32.92
11598207  3357       32.64
11598956  3357       32.92
11633896  3357       32.92
11645810  3357       33.36
11651035  3357       33.36
11651090  3357       33.36
11652405  3357       33.36
11653864  3357       33.36
11694358  3357       32.64
11694758  3357       33.36
11695394  3357       32.64
11749469  3357       33.36
11783201  3357       33.40
11783366  3357       33.31
11784637  3357       32.64
11786325  3357       33.31
11786432  3357       32.92
11787653  3357       33.36
11787807  3357       33.36
11788587  3357       33.40
11788630  3357       33.40
11790273  3357       33.36
11790818  3357       33.36
11791177  3357       33.36
11792506  3357       32.64
11792846  3357       33.36
118087    3357       15.34
11878930  3357       33.36
11879419  3357       33.40
11879750  3357       33.40
11881224  3357       33.31
11881668  3357       32.64
11881669  3357       32.64
11882080  3357       33.16
11882720  3357       33.31
11883300  3357       33.36
11949766  3357       33.31
12011761  3357       33.31
12018571  3357       33.16
12018729  3357       32.64
12018852  3357       33.36
12019816  3357       33.16
12020535  3357       33.41
12021559  3357       33.40
12021966  3357       33.36
12022428  3357       33.40
12023306  3357       33.41
12023981  3357       33.36
12024178  3357       33.36
12024179  3357       33.36
12025294  3357       33.36
12025488  3357       32.64
12025491  3357       32.64
12026565  3357       33.36
12027093  3357       33.36
12027260  3357       33.36
12027527  3357       32.64
12027928  3357       32.64
12027973  3357       33.40
12080554  3357       33.36
1218058   3357       33.36
12241212  3357       32.64
12242270  3357       33.36
12243077  3357       32.64
12244707  3357       32.64
12247738  3357       33.36
12248400  3357       32.64
12248755  3357       33.40
12248784  3357       32.92
12248960  3357       33.36
12249178  3357       33.31
12279667  3357       33.36
12314254  3357       33.41
1232375   3357       22.39
12369466  3357       33.36
12370670  3357       33.41
1239070   3357       33.15
12434895  3357       32.92
12435304  3357       33.36
12435757  3357       32.64
12435759  3357       33.36
12527456  3357       33.16
12534356  3357       33.36
12536172  3357       33.36
12536549  3357       33.41
1254062   3357       32.91
1257983   3357       33.39
1258658   3357       33.36
1259324   3357       32.91
1260432   3357       33.36
1261562   3357       32.91
1262953   3357       33.36
1263302   3357       32.64
1263303   3357       33.36
1263991   3357       23.38
1265436   3357       33.36
1266723   3357       26.11
12691465  3357       33.36
1269356   3357       33.39
12698409  3357       32.64
12698965  3357       32.64
12700553  3357       33.16
12701276  3357       33.36
12701301  3357       32.64
12702273  3357       33.16
12704473  3357       32.92
12704482  3357       33.40
12704649  3357       33.36
12704927  3357       33.36
12705860  3357       33.36
12706171  3357       33.36
12706774  3357       33.40
12707136  3357       33.36
1272390   3357       32.91
1273369   3357       33.36
1277938   3357       32.91
1278407   3357       33.36
12848719  3357       33.36
12849330  3357       33.41
12851330  3357       33.36
12852888  3357       33.36
12858616  3357       33.36
12878256  3357       33.36
12884972  3357       33.36
12934142  3357       33.16
12934525  3357       32.64
12935305  3357       33.36
12935606  3357       33.36
13032012  3357       32.64
13032033  3357       33.36
13034237  3357       33.36
13035222  3357       33.31
13084488  3357       32.92
13084886  3357       33.16
13180551  3357       33.36
1318484   3357       33.15
13187744  3357       33.36
13187816  3357       32.92
13188137  3357       32.92
13188604  3357       32.92
13264411  3357       33.36
13265462  3357       32.64
13265946  3357       33.36
13266369  3357       33.36
13268000  3357       32.64
13268185  3357       32.64
13268457  3357       33.16
13268537  3357       33.36
13343258  3357       32.64
13346269  3357       32.64
13408041  3357       32.92
13510172  3357       32.92
13510180  3357       32.64
13527636  3357       33.40
13566631  3357       33.31
13643981  3357       32.64
13643982  3357       32.64
13644051  3357       33.36
13644555  3357       32.64
13644665  3357       33.36
13644680  3357       33.40
13652653  3357       32.64
13674854  3357       33.40
13678214  3357       33.36
13678857  3357       32.64
13679940  3357       33.36
13724134  3357       33.36
13774187  3357       32.64
13774684  3357       33.36
13775452  3357       32.64
13775808  3357       32.64
13777181  3357       32.64
13785046  3357       32.64
13785661  3357       33.36
13785997  3357       33.16
13786181  3357       33.36
13787208  3357       33.36
13787741  3357       32.64
13842354  3357       33.36
13843775  3357       33.36
13856268  3357       33.36
13867427  3357       33.36
13868652  3357       33.36
13880177  3357       32.64
13880981  3357       33.36
13905892  3357       32.64
13986119  3357       33.36
13990906  3357       33.40
14003086  3357       33.16
14030527  3357       32.64
14031045  3357       33.36
14031497  3357       33.36
1404429   3357       33.31
14093727  3357       33.36
14094806  3357       33.40
14143188  3357       33.16
14159223  3357       32.64
14176129  3357       33.36
14176671  3357       33.36
14270811  3357       32.64
14293118  3357       33.36
1431183   3357       33.36
14335445  3357       33.16
14335539  3357       33.36
1433726   3357       33.36
14372299  3357       33.40
14372818  3357       33.19
14376347  3357       33.36
14398946  3357       33.36
14399267  3357       32.92
14405196  3357       33.36
14405401  3357       33.36
14513487  3357       32.64
14590375  3357       32.92
14607589  3357       32.92
14648947  3357       33.36
14649126  3357       32.64
14810540  3357       33.36
14825867  3357       33.36
14877620  3357       33.36
14877805  3357       33.40
14877859  3357       33.41
14879704  3357       32.64
14880827  3357       33.40
15170350  3357       32.92
15177340  3357       33.40
15177867  3357       32.64
15306151  3357       33.16
15306996  3357       33.16
15352095  3357       33.36
15444811  3357       33.40
15448608  3357       33.36
15597541  3357       32.64
15598043  3357       32.64
15598319  3357       33.36
15598510  3357       33.36
15598933  3357       32.64
15599928  3357       32.92
15668151  3357       33.36
15668851  3357       32.92
15690244  3357       32.64
15729233  3357       33.36
15729536  3357       32.92
15778630  3357       33.36
15827139  3357       33.40
15959808  3357       32.64
16001576  3357       32.64
16137706  3357       33.16
16138119  3357       33.36
1631390   3357       26.66
16324090  3357       33.36
16594051  3357       32.92
16641426  3357       33.16
16736267  3357       33.36
16770549  3357       33.36
16788972  3357       33.36
16796439  3357       32.64
17011869  3357       33.36
17012587  3357       33.36
17019549  3357       33.36
17033230  3357       32.64
17033256  3357       32.64
17104175  3357       33.36
17306742  3357       32.64
1737075   3357       33.15
17379215  3357       32.92
17504786  3357       32.92
17572385  3357       33.36
17574055  3357       32.92
17626132  3357       32.92
1763812   3357       33.36
1764349   3357       32.64
1765295   3357       16.97
1769938   3357       33.15
17965237  3357       33.36
18058393  3357       32.64
18059918  3357       33.36
18263579  3357       33.36
18263756  3357       33.36
1834693   3357       26.11
18471327  3357       33.36
18618969  3357       32.64
18656459  3357       33.36
18785684  3357       32.64
18950730  3357       32.64
1906129   3357       33.36
19166206  3357       32.64
19262723  3357       33.36
1926999   3357       33.39
19324610  3357       33.36
19827450  3357       32.64
19850185  3357       32.64
19973112  3357       33.36
20187870  3357       32.92
20189202  3357       33.41
20235584  3357       32.92
2030572   3357       33.15
2033664   3357       33.31
20348834  3357       32.64
20351464  3357       33.36
21140944  3357       32.64
2130876   3357       32.64
2157417   3357       33.31
2186056   3357       33.15
2189077   3357       23.06
2196831   3357       32.91
2198274   3357       33.39
2198799   3357       33.15
2199826   3357       32.91
2272067   3357       32.64
23156662  3357       33.36
2376223   3357       33.31
2380275   3357       33.39
2384661   3357       33.36
2529886   3357       33.36
2532585   3357       32.64
2533320   3357       33.15
2533977   3357       31.25
2534786   3357       26.69
2535843   3357       33.39
2536373   3357       33.39
2536795   3357       33.36
2538821   3357       33.15
2539607   3357       33.39
2539943   3357       32.64
2541142   3357       33.36
2541439   3357       33.31
2541709   3357       31.35
2543654   3357       33.36
2543932   3357       32.91
2592064   3357       33.39
2592966   3357       45.07
2593377   3357       33.36
2593686   3357       33.15
2596405   3357       28.35
2597854   3357       28.35
2598033   3357       28.35
2598872   3357       32.64
2601437   3357       33.36
2603046   3357       29.35
2605117   3357       33.39
2605164   3357       29.35
2605539   3357       14.07
2605823   3357       26.11
2607322   3357       47.88
2608233   3357       43.37
2608304   3357       32.64
2608554   3357       28.35
2684589   3357       33.36
2741170   3357       31.41
2854705   3357       33.15
2870837   3357       27.99
2910376   3357       32.64
2910432   3357       33.15
2911765   3357       33.15
2912407   3357       32.64
2912692   3357       33.31
2913757   3357       33.15
2913809   3357       32.64
2914272   3357       32.18
2915293   3357       32.64
2915714   3357       33.36
2915780   3357       30.19
2916102   3357       26.69
2916362   3357       30.36
2916467   3357       32.91
2916786   3357       33.15
2918280   3357       33.36
2992913   3357       32.64
3035349   3357       33.36
3039370   3357       28.32
3080057   3357       33.31
3080311   3357       33.36
3080984   3357       33.36
3081351   3357       33.36
3082505   3357       32.18
3083006   3357       33.36
3083065   3357       32.64
3083457   3357       27.99
3083843   3357       32.91
3084868   3357       30.36
3084978   3357       32.64
3085009   3357       33.15
3085276   3357       33.41
3090485   3357       43.37
3156003   3357       32.64
3234299   3357       33.41
3245420   3357       33.36
3314884   3357       26.11
3315121   3357       32.64
3315781   3357       32.64
3317339   3357       43.10
3317520   3357       33.36
3318589   3357       48.87
3318694   3357       43.42
3318719   3357       30.36
3319659   3357       32.91
3320986   3357       33.36
3322128   3357       28.35
3322284   3357       33.15
3322381   3357       31.41
3324084   3357       33.36
3324110   3357       33.31
3324403   3357       33.31
3329806   3357       29.35
3353242   3357       33.15
3457632   3357       26.33
3528540   3357       48.38
3533360   3357       46.94
3535445   3357       32.91
3535676   3357       28.35
3535838   3357       28.20
3538837   3357       46.37
3539352   3357       28.35
3541739   3357       33.36
3541975   3357       26.11
3542004   3357       33.40
3542015   3357       15.07
3554092   3357       33.39
3593839   3357       33.15
3598528   3357       32.37
3710064   3357       33.16
3759377   3357       29.19
3784066   3357       45.38
3784441   3357       43.92
3785251   3357       33.36
3792247   3357       33.36
3830110   3357       28.97
3855157   3357       26.11
3855577   3357       33.36
3856978   3357       28.20
3857004   3357       33.15
3857220   3357       33.36
3857667   3357       28.20
3857878   3357       29.35
3858323   3357       33.36
3858856   3357       33.40
3859230   3357       46.37
3864991   3357       33.31
3875055   3357       33.36
3877925   3357       33.40
3878006   3357       33.16
3963688   3357       41.93
3964093   3357       33.36
3964337   3357       27.74
3965704   3357       32.64
3969513   3357       42.60
4001934   3357       47.42
4064149   3357       36.75
4065177   3357       32.91
4065584   3357       33.36
4065648   3357       50.07
4066245   3357       29.19
4067118   3357       33.36
4067735   3357       33.16
4067795   3357       29.35
4068788   3357       42.79
4071074   3357       33.31
4071241   3357       26.11
4107436   3357       33.16
4191539   3357       33.15
4193094   3357       33.39
4194671   3357       44.37
4195654   3357       28.20
4199927   3357       26.33
4200911   3357       33.15
4238916   3357       26.11
430240    3357       32.64
4317775   3357       33.40
4373204   3357       33.40
4373479   3357       42.79
4375498   3357       28.32
4375998   3357       26.73
4376813   3357       32.92
4377201   3357       28.39
437803    3357       33.36
4378140   3357       42.93
4378236   3357       28.20
4378283   3357       33.36
4378759   3357       33.40
4379154   3357       26.07
4381341   3357       32.91
4381614   3357       32.64
4382400   3357       33.36
4383023   3357       33.40
4383200   3357       29.64
4385047   3357       28.20
4386936   3357       33.41
4387777   3357       33.16
439023    3357       26.66
4409485   3357       33.40
4409788   3357       32.64
4409789   3357       32.64
4414417   3357       47.40
4414541   3357       29.40
4414909   3357       29.35
4415675   3357       32.64
443869    3357       33.36
4609506   3357       43.92
4610129   3357       32.64
4720170   3357       32.64
4720923   3357       33.36
4721016   3357       32.64
4721639   3357       32.64
4722680   3357       27.99
4722814   3357       14.07
4723168   3357       29.19
4723276   3357       33.16
4723403   3357       31.18
4724433   3357       28.35
4725919   3357       33.40
4727740   3357       33.16
4728331   3357       28.20
4729448   3357       26.11
4729575   3357       26.73
4730168   3357       33.40
4730490   3357       32.91
4730823   3357       47.30
4731322   3357       33.40
4731494   3357       33.39
4732090   3357       42.93
4732618   3357       32.92
4734527   3357       32.92
4734940   3357       32.64
4735505   3357       32.64
4738424   3357       33.36
4739546   3357       33.36
4739796   3357       33.40
4754833   3357       33.39
4803744   3357       33.40
4805842   3357       33.36
4827213   3357       42.36
4853128   3357       26.69
4882144   3357       26.54
5017295   3357       33.16
5022967   3357       28.20
5237805   3357       33.36
5238236   3357       29.19
5239261   3357       33.31
5240821   3357       33.15
5242545   3357       28.32
5244302   3357       32.91
5244483   3357       33.16
5244484   3357       33.39
5244765   3357       45.26
5245261   3357       33.40
5248926   3357       48.72
5248954   3357       33.15
5249259   3357       33.36
5249817   3357       33.40
5250965   3357       30.36
5251153   3357       33.36
5251214   3357       33.39
5252606   3357       33.40
5253930   3357       26.11
5254613   3357       46.25
5254952   3357       32.64
5255567   3357       33.36
5255641   3357       33.40
5257069   3357       48.58
5257175   3357       28.35
5257421   3357       33.41
5257727   3357       33.36
5257774   3357       33.36
5259121   3357       28.20
5259785   3357       32.91
5261116   3357       32.92
5261139   3357       33.36
5261250   3357       33.17
5261418   3357       47.07
5261643   3357       32.64
5263470   3357       28.39
5344986   3357       32.64
5435450   3357       32.92
5436619   3357       33.40
5436795   3357       26.11
5438690   3357       32.64
5439480   3357       33.36
5439865   3357       33.41
5458236   3357       32.92
5461455   3357       28.35
5605414   3357       33.36
5658043   3357       33.36
5688352   3357       33.36
5765952   3357       33.36
5779173   3357       33.36
5915261   3357       33.36
5921128   3357       33.36
5921800   3357       32.64
5923624   3357       33.40
5925143   3357       33.40
5925949   3357       26.11
5929492   3357       33.36
5935536   3357       33.40
5938630   3357       33.36
5938995   3357       33.36
6044716   3357       33.36
6125595   3357       32.64
6127630   3357       48.38
6238388   3357       33.31
6394853   3357       34.94
64800     3357       33.41
6537141   3357       29.19
6573443   3357       48.38
6573855   3357       33.41
6573893   3357       32.92
6575243   3357       33.16
6575301   3357       33.36
6584406   3357       32.91
6634354   3357       33.36
6689708   3357       33.36
6690236   3357       33.36
6701343   3357       33.36
6701344   3357       33.36
6701453   3357       33.36
673822    3357       32.91
6841910   3357       32.64
7076647   3357       33.36
7211860   3357       33.40
7240399   3357       33.36
7300376   3357       32.64
7301470   3357       28.20
7305494   3357       28.20
7305781   3357       32.64
7308623   3357       49.37
7309317   3357       32.64
7309375   3357       33.16
7310425   3357       33.41
7310959   3357       33.36
7311233   3357       47.37
7311255   3357       32.64
7312149   3357       33.36
7313189   3357       32.64
7314050   3357       32.64
7314987   3357       33.41
7315048   3357       33.40
7315058   3357       33.36
7315331   3357       33.36
7316059   3357       33.41
7316139   3357       33.40
7316607   3357       33.31
7316959   3357       33.39
7317744   3357       32.64
7318041   3357       33.36
7319649   3357       33.40
7321787   3357       33.16
7322304   3357       33.16
7322780   3357       32.92
7322794   3357       43.41
7324725   3357       31.41
7325664   3357       26.33
7325721   3357       27.36
7325722   3357       47.88
7325778   3357       26.62
7328421   3357       32.64
7330948   3357       33.36
7331943   3357       33.16
7332202   3357       32.64
7332734   3357       28.35
7333145   3357       33.40
7333526   3357       32.64
7335642   3357       33.36
7337422   3357       36.70
7337778   3357       32.64
7338055   3357       33.41
7340200   3357       33.15
7340742   3357       28.35
7340989   3357       32.64
7342107   3357       33.16
7342680   3357       33.36
7343605   3357       32.64
7344290   3357       33.16
7344465   3357       33.16
7347856   3357       33.36
7348137   3357       32.64
7348986   3357       33.36
7349428   3357       33.31
7349843   3357       32.64
7350162   3357       49.53
7350273   3357       33.16
7351297   3357       40.23
7352317   3357       33.16
7353364   3357       32.64
7353377   3357       33.36
7354064   3357       32.64
7354848   3357       26.62
7355837   3357       44.78
7355928   3357       32.91
7359478   3357       33.40
7360346   3357       32.92
7360517   3357       33.36
7363171   3357       34.99
7363652   3357       33.36
7365166   3357       34.31
7365545   3357       33.16
7367276   3357       32.64
7368710   3357       32.64
7369018   3357       33.36
7371154   3357       33.36
7372156   3357       32.64
7372973   3357       11.50
7373089   3357       32.92
7373215   3357       33.41
7374243   3357       32.92
7374616   3357       33.36
7377030   3357       32.92
7377579   3357       33.36
7379256   3357       33.16
7380616   3357       32.64
7381553   3357       33.36
7382148   3357       47.42
7382532   3357       32.64
7384964   3357       33.36
7387544   3357       33.36
7388038   3357       32.64
7388080   3357       33.36
7388125   3357       33.40
7388199   3357       32.92
7389581   3357       33.36
7391472   3357       33.16
7392153   3357       33.40
7393061   3357       33.16
7393144   3357       32.64
7395742   3357       26.11
7396051   3357       33.36
7398038   3357       26.69
7400031   3357       33.36
7401094   3357       33.36
7401380   3357       33.36
7401853   3357       32.64
7403123   3357       32.64
7403188   3357       33.16
7403563   3357       33.16
7406353   3357       33.36
7408531   3357       33.36
7409730   3357       33.16
7410177   3357       33.31
7412535   3357       33.40
7412738   3357       32.92
7415285   3357       33.31
7415448   3357       33.36
7416870   3357       32.64
7417289   3357       32.64
7417791   3357       33.36
7418898   3357       32.64
7418939   3357       32.64
7419340   3357       33.16
7419740   3357       32.64
7419800   3357       33.36
7419866   3357       33.16
7420316   3357       33.36
7420429   3357       33.40
7423108   3357       33.40
7423415   3357       33.36
7423444   3357       33.36
7425063   3357       32.64
7425430   3357       33.36
7425900   3357       33.16
7426046   3357       33.36
7427359   3357       32.64
7427520   3357       33.36
7429274   3357       33.36
7432253   3357       33.40
7434591   3357       33.36
7435158   3357       32.64
7436077   3357       33.16
7436996   3357       33.36
7437806   3357       32.64
7437808   3357       32.64
7438450   3357       33.36
7439597   3357       33.41
7439617   3357       33.36
7439629   3357       33.36
7440809   3357       26.11
7442445   3357       33.36
7444497   3357       32.64
7444651   3357       33.40
7444842   3357       33.36
7444889   3357       33.41
7445661   3357       32.92
7446382   3357       33.40
7446644   3357       33.36
7447067   3357       33.36
7447334   3357       33.41
7447992   3357       32.64
7449457   3357       32.92
7455429   3357       33.36
7455588   3357       33.36
7461704   3357       33.36
7465820   3357       33.36
7465910   3357       33.36
7466779   3357       43.30
7466870   3357       33.36
7502836   3357       33.39
7548386   3357       32.92
7548420   3357       33.16
770342    3357       33.36
7917981   3357       33.36
7981510   3357       33.40
7982728   3357       32.64
7982865   3357       33.40
7983170   3357       32.64
7984159   3357       33.36
7985605   3357       14.07
7988969   3357       33.36
8054279   3357       32.92
8064487   3357       35.19
8068577   3357       26.69
8069571   3357       33.36
8140450   3357       26.33
8594315   3357       33.36
8718789   3357       33.36
8734286   3357       33.40
9066082   3357       32.91
9100619   3357       33.36
9211039   3357       33.16
9261804   3357       33.40
9317884   3357       33.40
9433060   3357       33.36
9540404   3357       33.40
9540845   3357       33.41
9542018   3357       33.40
9542237   3357       33.16
9543174   3357       33.36
9543530   3357       33.39
9544179   3357       33.36
9544345   3357       32.92
9544429   3357       33.40
9544827   3357       33.40
9545198   3357       32.91
9545952   3357       45.26
9546474   3357       33.36
9547148   3357       33.16
9551389   3357       33.36
9552709   3357       32.64
9553039   3357       33.36
9553047   3357       33.16
9553149   3357       32.64
9555077   3357       33.41
9555609   3357       32.64
9555641   3357       33.36
9557148   3357       33.41
9557803   3357       32.92
9557875   3357       32.64
9557894   3357       32.64
9558628   3357       32.92
9560453   3357       32.64
9570736   3357       33.36
9572755   3357       33.36
9577605   3357       33.36
9601343   3357       33.36
9603154   3357       32.92
9603683   3357       33.36
9603870   3357       26.11
9604166   3357       33.16
9604592   3357       33.31
9607091   3357       33.15
9608547   3357       33.36
9609337   3357       32.64
9609338   3357       33.36
9612117   3357       26.73
9612530   3357       33.36
9612692   3357       33.36
9614364   3357       33.16
9615563   3357       33.36
9615964   3357       33.36
9617493   3357       33.16
9620242   3357       33.40
9620248   3357       33.41
9620376   3357       33.36
9620599   3357       33.40
9620701   3357       33.16
9620720   3357       33.16
9621777   3357       32.64
9622347   3357       33.36
9624370   3357       33.31
9624596   3357       32.64
9625361   3357       33.36
9625933   3357       33.36
9626082   3357       33.36
9626215   3357       33.16
9627150   3357       33.40
9627523   3357       33.36
9627724   3357       32.64
9629963   3357       33.40
9631462   3357       33.40
9634554   3357       33.36
9634674   3357       33.36
9636806   3357       32.64
9638320   3357       33.36
9639201   3357       33.16
9845319   3357       32.92
9846320   3357       33.40
9847068   3357       33.16
9847350   3357       33.36
9848693   3357       33.16
9850403   3357       33.36
9851111   3357       33.36
9851993   3357       33.36
