10107724  0357       53.93
10120357  0357       66.01
10121866  0357      117.81
10125466  0357       35.93
10126656  0357       44.00
10141786  0357       47.12
10312414  0357       41.12
10373550  0357       88.01
10639752  0357       35.93
10726693  0357       44.00
10760806  0357       35.93
10764554  0357       47.12
10770124  0357       44.00
10772668  0357       35.93
10774121  0357       47.12
10775520  0357       82.25
10776516  0357       53.93
10776915  0357       35.93
10777482  0357       35.93
10777645  0357       66.01
10778464  0357       35.93
10779723  0357       44.00
10784623  0357       44.00
10794552  0357       44.00
10820078  0357       47.12
10840266  0357       44.00
10841061  0357       38.45
10841823  0357       53.93
10842205  0357       44.00
10843324  0357      110.01
10844575  0357      107.86
10844947  0357       44.00
10845717  0357       35.93
10845943  0357       53.93
10846474  0357       44.00
10846532  0357       47.12
10846629  0357       44.00
10846940  0357       88.01
10846985  0357       44.00
10847648  0357       35.93
10848158  0357       50.40
10849906  0357       44.00
10849907  0357       47.12
10860593  0357       44.00
10903693  0357       35.93
10959957  0357       44.00
10960021  0357       44.00
10963442  0357       47.12
10963957  0357       47.12
10964062  0357       88.01
1108218   0357       41.17
1112379   0357       44.05
1115136   0357       44.05
11163187  0357       35.93
11177533  0357       35.93
11260715  0357       44.00
11261772  0357       53.93
11262378  0357       44.00
11263756  0357       35.93
11264465  0357       44.00
11264550  0357       41.12
11265496  0357       44.00
11265527  0357       47.12
11266390  0357       88.01
11267811  0357       82.25
11267932  0357       71.86
11268437  0357       53.93
11269196  0357       50.40
1129535   0357       47.17
11414487  0357       47.12
11425214  0357       44.00
11425449  0357       44.00
11426462  0357       41.12
11428034  0357       41.12
11428889  0357      110.01
11429539  0357       88.01
11429792  0357       35.93
11429991  0357       66.01
11430700  0357       44.00
11433167  0357       44.00
11433865  0357       88.01
11434350  0357       44.00
11546168  0357       41.12
11580362  0357       47.12
11584952  0357       44.00
11586448  0357       44.00
11589730  0357       88.01
11594236  0357       53.93
11594524  0357       35.93
11596252  0357       44.00
11597667  0357       44.00
11598121  0357       38.45
11598207  0357       35.93
11598956  0357       38.45
11633896  0357       38.45
11645810  0357       44.00
11651035  0357       44.00
11651090  0357       44.00
11652405  0357       44.00
11653864  0357       44.00
11694358  0357       35.93
11694758  0357       44.00
11695394  0357       71.86
11749469  0357       44.00
11783201  0357       47.12
11783366  0357       53.93
11784637  0357       35.93
11786325  0357       53.93
11786432  0357       38.45
11787653  0357       88.01
11787807  0357       44.00
11788587  0357       94.25
11788630  0357       47.12
11790273  0357       44.00
11790818  0357       66.01
11791177  0357       44.00
11792506  0357       35.93
11792846  0357       44.00
118087    0357       20.23
11878930  0357       44.00
11879419  0357       47.12
11879750  0357       47.12
11881224  0357       53.93
11881668  0357       89.82
11881669  0357       35.93
11882080  0357       41.12
11882720  0357       53.93
11883300  0357       88.01
11949766  0357       53.93
12011761  0357      107.86
12018571  0357       61.69
12018729  0357       35.93
12018852  0357       44.00
12019816  0357       41.12
12020535  0357       50.40
12021559  0357       47.12
12021966  0357       44.00
12022428  0357       47.12
12023306  0357       50.40
12023981  0357       66.01
12024178  0357       44.00
12024179  0357       44.00
12025294  0357       66.01
12025488  0357       35.93
12025491  0357       35.93
12026565  0357       44.00
12027093  0357       44.00
12027260  0357       44.00
12027527  0357       35.93
12027928  0357       35.93
12027973  0357       94.25
12080554  0357       44.00
1218058   0357       50.13
12241212  0357       53.89
12242270  0357       44.00
12243077  0357       35.93
12244707  0357       35.93
12247738  0357       66.01
12248400  0357       89.82
12248755  0357       47.12
12248784  0357       76.90
12248960  0357       44.00
12249178  0357       53.93
12279667  0357       44.00
12314254  0357      126.00
1232375   0357       31.61
12369466  0357       44.00
12370670  0357       50.40
1239070   0357       41.17
12434895  0357       38.45
12435304  0357       44.00
12435757  0357       53.89
12435759  0357      110.01
12527456  0357       41.12
12534356  0357       44.00
12536172  0357       44.00
12536549  0357       50.40
1254062   0357       38.50
1257983   0357       47.17
1258658   0357       44.05
1259324   0357       38.50
1260432   0357       44.05
1261562   0357       38.50
1262953   0357       44.05
1263302   0357       35.98
1263303   0357       44.05
1263991   0357       33.03
1265436   0357       44.05
1266723   0357       28.79
12691465  0357       44.00
1269356   0357       94.34
12698409  0357       35.93
12698965  0357       35.93
12700553  0357       41.12
12701276  0357       44.00
12701301  0357       35.93
12702273  0357       41.12
12704473  0357       38.45
12704482  0357       94.25
12704649  0357       44.00
12704927  0357       44.00
12705860  0357       44.00
12706171  0357       44.00
12706774  0357       94.25
12707136  0357       44.00
1272390   0357       38.50
1273369   0357       44.05
1277938   0357       38.50
1278407   0357       44.05
12848719  0357       44.00
12849330  0357       50.40
12851330  0357       44.00
12852888  0357       44.00
12858616  0357       66.01
12878256  0357       44.00
12884972  0357       44.00
12934142  0357       41.12
12934525  0357       35.93
12935305  0357       44.00
12935606  0357       44.00
13032012  0357       71.86
13032033  0357       44.00
13034237  0357       44.00
13035222  0357       53.93
13084488  0357       38.45
13084886  0357       41.12
13180551  0357       44.00
1318484   0357       41.17
13187744  0357       88.01
13187816  0357       57.67
13188137  0357       38.45
13188604  0357       57.67
13264411  0357       44.00
13265462  0357       35.93
13265946  0357       66.01
13266369  0357       44.00
13268000  0357       71.86
13268185  0357       71.86
13268457  0357       41.12
13268537  0357       66.01
13343258  0357       35.93
13346269  0357       89.82
13408041  0357       38.45
13510172  0357       38.45
13510180  0357       35.93
13527636  0357       47.12
13566631  0357       53.93
13643981  0357       71.86
13643982  0357       53.89
13644051  0357       44.00
13644555  0357       89.82
13644665  0357       44.00
13644680  0357      117.81
13652653  0357       35.93
13674854  0357       47.12
13678214  0357       44.00
13678857  0357       35.93
13679940  0357       44.00
13724134  0357       66.01
13774187  0357       35.93
13774684  0357       44.00
13775452  0357       35.93
13775808  0357       35.93
13777181  0357       53.89
13785046  0357       35.93
13785661  0357       44.00
13785997  0357       41.12
13786181  0357       44.00
13787208  0357       44.00
13787741  0357       35.93
13842354  0357       44.00
13843775  0357       44.00
13856268  0357       44.00
13867427  0357       66.01
13868652  0357       44.00
13880177  0357       35.93
13880981  0357       44.00
13905892  0357       35.93
13986119  0357       44.00
13990906  0357       70.69
14003086  0357       41.12
14030527  0357       35.93
14031045  0357       44.00
14031497  0357      110.01
1404429   0357       53.98
14093727  0357       66.01
14094806  0357       47.12
14143188  0357       41.12
14159223  0357       71.86
14176129  0357       44.00
14176671  0357       44.00
14270811  0357       89.82
14293118  0357       66.01
1431183   0357       44.05
14335445  0357       41.12
14335539  0357       44.00
1433726   0357       44.05
14372299  0357       47.12
14372818  0357      111.11
14376347  0357       44.00
14398946  0357       44.00
14399267  0357       57.67
14405196  0357       44.00
14405401  0357       44.00
14513487  0357       35.93
14590375  0357       38.45
14607589  0357       57.67
14648947  0357       44.00
14649126  0357       35.93
14810540  0357       66.01
14825867  0357       44.00
14877620  0357       44.00
14877805  0357       47.12
14877859  0357       50.40
14879704  0357       53.89
14880827  0357       47.12
15170350  0357       38.45
15177340  0357       47.12
15177867  0357       71.86
15306151  0357      102.81
15306996  0357       41.12
15352095  0357       44.00
15444811  0357       47.12
15448608  0357       44.00
15597541  0357       35.93
15598043  0357       35.93
15598319  0357       44.00
15598510  0357       88.01
15598933  0357       35.93
15599928  0357       57.67
15668151  0357       88.01
15668851  0357       38.45
15690244  0357       35.93
15729233  0357       66.01
15729536  0357       96.12
15778630  0357       66.01
15827139  0357       47.12
15959808  0357       35.93
16001576  0357       35.93
16137706  0357       41.12
16138119  0357       66.01
1631390   0357       43.19
16324090  0357       44.00
16594051  0357       38.45
16641426  0357       41.12
16736267  0357       44.00
16770549  0357       44.00
16788972  0357       88.01
16796439  0357       71.86
17011869  0357       88.01
17012587  0357      110.01
17019549  0357       44.00
17033230  0357       35.93
17033256  0357       35.93
17104175  0357       44.00
17306742  0357       35.93
1737075   0357       41.17
17379215  0357       57.67
17504786  0357       38.45
17572385  0357       88.01
17574055  0357       96.12
17626132  0357       76.90
1763812   0357       44.05
1764349   0357       35.98
1765295   0357       37.69
1769938   0357       41.17
17965237  0357       66.01
18058393  0357       35.93
18059918  0357       44.00
18263579  0357       66.01
18263756  0357       44.00
1834693   0357       28.79
18471327  0357       44.00
18618969  0357       35.93
18656459  0357       66.01
18785684  0357       35.93
18950730  0357       35.93
1906129   0357       44.05
19166206  0357       89.82
19262723  0357       44.00
1926999   0357       47.17
19324610  0357       88.01
19827450  0357       35.93
19850185  0357       89.82
19973112  0357       44.00
20187870  0357       76.90
20189202  0357       50.40
20235584  0357       76.90
2030572   0357       41.17
2033664   0357       53.98
20348834  0357       53.89
20351464  0357       88.01
21140944  0357       53.89
2130876   0357       35.98
2157417   0357      134.94
2186056   0357       41.17
2189077   0357       26.96
2196831   0357       38.50
2198274   0357       47.17
2198799   0357       41.17
2199826   0357       38.50
2272067   0357       35.98
23156662  0357       51.36
2376223   0357       53.98
2380275   0357       47.17
2384661   0357       44.05
2529886   0357       44.05
2532585   0357       35.98
2533320   0357       46.63
2533977   0357       41.39
2534786   0357       35.25
2535843   0357       47.17
2536373   0357       47.17
2536795   0357       48.91
2538821   0357       41.17
2539607   0357       47.17
2539943   0357       35.98
2541142   0357       44.05
2541439   0357       53.98
2541709   0357       46.74
2543654   0357       44.05
2543932   0357       38.50
2592064   0357       47.17
2592966   0357       47.17
2593377   0357       49.64
2593686   0357       41.17
2596405   0357       43.52
2597854   0357       43.52
2598033   0357       37.44
2598872   0357       39.93
2601437   0357       44.05
2603046   0357       38.75
2605117   0357       53.42
2605164   0357       38.77
2605539   0357       35.24
2605823   0357       28.77
2607322   0357       63.14
2608233   0357       57.87
2608304   0357       43.80
2608554   0357       43.52
2684589   0357       44.05
2741170   0357       47.38
2854705   0357       41.17
2870837   0357       38.01
2910376   0357       35.98
2910432   0357       41.17
2911765   0357       41.17
2912407   0357       35.98
2912692   0357       53.98
2913757   0357       41.13
2913809   0357       35.98
2914272   0357       46.29
2915293   0357       35.98
2915714   0357       44.05
2915780   0357       37.45
2916102   0357       35.25
2916362   0357       40.09
2916467   0357       38.50
2916786   0357       41.17
2918280   0357      110.13
2992913   0357       35.98
3035349   0357       44.05
3039370   0357       51.81
3080057   0357       80.96
3080311   0357       44.05
3080984   0357       44.00
3081351   0357       44.05
3082505   0357       45.15
3083006   0357       44.05
3083065   0357       35.98
3083457   0357       32.70
3083843   0357       38.50
3084868   0357       46.40
3084978   0357       43.50
3085009   0357       50.48
3085276   0357       50.45
3090485   0357       57.20
3156003   0357       35.98
3234299   0357       50.45
3245420   0357       44.05
3314884   0357       35.79
3315121   0357       35.98
3315781   0357       35.98
3317339   0357       53.47
3317520   0357       51.36
3318589   0357       75.77
3318694   0357       65.52
3318719   0357       46.40
3319659   0357       38.50
3320986   0357       44.05
3322128   0357       43.52
3322284   0357       41.17
3322381   0357       44.29
3324084   0357       44.00
3324110   0357       68.01
3324403   0357       53.98
3329806   0357       38.75
3353242   0357       41.17
3457632   0357       30.78
3528540   0357       63.80
3533360   0357       70.81
3535445   0357       42.95
3535676   0357       43.03
3535838   0357       40.67
3538837   0357       61.16
3539352   0357       43.76
3541739   0357       53.65
3541975   0357       28.77
3542004   0357       47.12
3542015   0357       47.34
3554092   0357       47.17
3593839   0357       49.79
3598528   0357       42.71
3710064   0357       41.12
3759377   0357       36.22
3784066   0357       49.95
3784441   0357       61.97
3785251   0357       54.02
3792247   0357       50.13
3830110   0357       33.85
3855157   0357       28.77
3855577   0357       44.05
3856978   0357       34.99
3857004   0357       50.48
3857220   0357       54.40
3857667   0357       34.99
3857878   0357       41.46
3858323   0357      108.77
3858856   0357       47.12
3859230   0357       91.74
3864991   0357       66.19
3875055   0357       44.00
3877925   0357       94.25
3878006   0357       41.12
3963688   0357       68.52
3964093   0357       44.00
3964337   0357       30.56
3965704   0357       43.80
3969513   0357       54.08
4001934   0357       66.92
4064149   0357       55.44
4065177   0357       38.50
4065584   0357       44.00
4065648   0357       62.10
4066245   0357       42.13
4067118   0357       55.13
4067735   0357       41.12
4067795   0357       43.52
4068788   0357       49.98
4071074   0357       53.93
4071241   0357       35.52
4107436   0357       41.12
4191539   0357       53.46
4193094   0357      145.58
4194671   0357       59.85
4195654   0357       40.67
4199927   0357       30.78
4200911   0357       41.17
4238916   0357       32.93
430240    0357       35.98
4317775   0357       47.12
4373204   0357       47.12
4373479   0357       49.98
4375498   0357       45.85
4375998   0357       43.09
4376813   0357       38.45
4377201   0357       40.05
437803    0357       44.05
4378140   0357       47.25
4378236   0357       40.67
4378283   0357       54.02
4378759   0357       47.12
4379154   0357       32.93
4381341   0357       47.19
4381614   0357       35.93
4382400   0357       80.47
4383023   0357       47.12
4383200   0357       33.85
4385047   0357       37.44
4386936   0357       50.40
4387777   0357      102.81
439023    0357       43.19
4409485   0357       47.12
4409788   0357       40.53
4409789   0357       71.86
4414417   0357       62.71
4414541   0357       48.24
4414909   0357       38.77
4415675   0357       43.50
443869    0357       44.05
4609506   0357       61.97
4610129   0357       39.93
4720170   0357       53.89
4720923   0357       44.00
4721016   0357       35.93
4721639   0357       35.98
4722680   0357       32.70
4722814   0357       43.82
4723168   0357       36.22
4723276   0357       41.12
4723403   0357       38.75
4724433   0357       37.44
4725919   0357       94.25
4727740   0357       41.12
4728331   0357       40.67
4729448   0357       31.53
4729575   0357       53.11
4730168   0357       47.12
4730490   0357       46.87
4730823   0357       76.57
4731322   0357       47.12
4731494   0357       57.04
4732090   0357       47.25
4732618   0357       38.45
4734527   0357       38.45
4734940   0357       35.93
4735505   0357       35.98
4738424   0357       44.05
4739546   0357       60.51
4739796   0357       47.12
4754833   0357       61.26
4803744   0357       47.12
4805842   0357       44.00
4827213   0357       56.54
4853128   0357       47.75
4882144   0357       32.95
5017295   0357       41.12
5022967   0357       40.05
5237805   0357       44.00
5238236   0357       36.22
5239261   0357       65.74
5240821   0357       50.48
5242545   0357       53.31
5244302   0357       38.50
5244483   0357       41.12
5244484   0357       57.04
5244765   0357       52.86
5245261   0357       47.12
5248926   0357       56.90
5248954   0357       49.79
5249259   0357       44.00
5249817   0357       47.12
5250965   0357       46.16
5251153   0357       54.02
5251214   0357       57.44
5252606   0357       94.25
5253930   0357       33.33
5254613   0357       50.81
5254952   0357       44.40
5255567   0357       44.00
5255641   0357       47.12
5257069   0357       56.29
5257175   0357       43.52
5257421   0357       50.40
5257727   0357      110.01
5257774   0357       44.00
5259121   0357       34.99
5259785   0357       46.55
5261116   0357       38.45
5261139   0357       44.00
5261250   0357       48.21
5261418   0357       58.41
5261643   0357       35.93
5263470   0357       49.82
5344986   0357       35.93
5435450   0357       38.45
5436619   0357       47.12
5436795   0357       35.39
5438690   0357       35.93
5439480   0357       44.00
5439865   0357      126.00
5458236   0357       38.45
5461455   0357       43.53
5605414   0357       88.01
5658043   0357       44.00
5688352   0357       44.00
5765952   0357       44.00
5779173   0357       44.00
5915261   0357       44.05
5921128   0357       44.00
5921800   0357       35.93
5923624   0357       47.12
5925143   0357       47.12
5925949   0357       28.79
5929492   0357       44.00
5935536   0357      117.81
5938630   0357       44.00
5938995   0357       44.00
6044716   0357       66.01
6125595   0357       89.82
6127630   0357       63.80
6238388   0357       53.93
6394853   0357       38.98
64800     0357       50.45
6537141   0357       36.22
6573443   0357       75.11
6573855   0357       50.40
6573893   0357       38.45
6575243   0357       41.12
6575301   0357       44.00
6584406   0357      126.06
6634354   0357       44.00
6689708   0357       44.00
6690236   0357       44.00
6701343   0357       44.00
6701344   0357       44.00
6701453   0357       44.00
673822    0357       38.50
6841910   0357       35.93
7076647   0357       44.00
7211860   0357       47.12
7240399   0357       44.00
7300376   0357       35.93
7301470   0357       34.99
7305494   0357       43.52
7305781   0357       43.80
7308623   0357       65.12
7309317   0357       35.93
7309375   0357       41.12
7310425   0357       50.40
7310959   0357       54.02
7311233   0357       62.48
7311255   0357       35.93
7312149   0357       44.00
7313189   0357       43.80
7314050   0357       35.93
7314987   0357       50.40
7315048   0357       47.12
7315058   0357      110.01
7315331   0357       44.00
7316059   0357       50.40
7316139   0357       47.12
7316607   0357       53.98
7316959   0357      114.08
7317744   0357       71.95
7318041   0357       53.65
7319649   0357       94.25
7321787   0357       41.12
7322304   0357       41.12
7322780   0357       38.45
7322794   0357       48.32
7324725   0357       44.29
7325664   0357       30.78
7325721   0357       43.52
7325722   0357       63.14
7325778   0357       28.80
7328421   0357       35.93
7330948   0357       44.00
7331943   0357       41.12
7332202   0357       35.93
7332734   0357       65.28
7333145   0357       47.12
7333526   0357       71.86
7335642   0357       44.00
7337422   0357       49.07
7337778   0357       35.93
7338055   0357       50.40
7340200   0357       41.17
7340742   0357       43.52
7340989   0357       35.93
7342107   0357       41.12
7342680   0357       44.05
7343605   0357       35.93
7344290   0357       41.12
7344465   0357       82.25
7347856   0357       54.39
7348137   0357       35.93
7348986   0357       44.00
7349428   0357      134.82
7349843   0357       35.93
7350162   0357       56.14
7350273   0357       41.12
7351297   0357       37.90
7352317   0357       41.12
7353364   0357       71.86
7353377   0357       44.00
7354064   0357       35.93
7354848   0357       28.80
7355837   0357      147.65
7355928   0357       46.87
7359478   0357       47.12
7360346   0357       38.45
7360517   0357       44.00
7363171   0357       43.39
7363652   0357       44.00
7365166   0357       44.00
7365545   0357       41.12
7367276   0357       35.93
7368710   0357       71.86
7369018   0357       44.00
7371154   0357       44.00
7372156   0357       35.93
7372973   0357       36.30
7373089   0357       38.45
7373215   0357       50.40
7374243   0357       38.45
7374616   0357       54.02
7377030   0357       38.45
7377579   0357       44.00
7379256   0357       82.25
7380616   0357       35.93
7381553   0357       44.00
7382148   0357       66.92
7382532   0357       35.93
7384964   0357       44.00
7387544   0357       88.01
7388038   0357       35.93
7388080   0357       44.00
7388125   0357       47.12
7388199   0357       57.67
7389581   0357       44.00
7391472   0357       41.12
7392153   0357      117.81
7393061   0357       41.12
7393144   0357       71.86
7395742   0357       28.78
7396051   0357       66.01
7398038   0357       39.34
7400031   0357       44.00
7401094   0357       44.00
7401380   0357       44.00
7401853   0357       35.93
7403123   0357       35.93
7403188   0357       41.12
7403563   0357       41.12
7406353   0357       44.00
7408531   0357       44.00
7409730   0357       41.12
7410177   0357       53.93
7412535   0357       47.12
7412738   0357       38.45
7415285   0357       53.93
7415448   0357       44.00
7416870   0357       35.93
7417289   0357       71.86
7417791   0357       88.01
7418898   0357       35.93
7418939   0357       35.93
7419340   0357       41.12
7419740   0357       35.93
7419800   0357       44.00
7419866   0357      102.81
7420316   0357       44.00
7420429   0357       47.12
7423108   0357       47.12
7423415   0357       44.00
7423444   0357       44.00
7425063   0357       35.93
7425430   0357       44.00
7425900   0357       41.12
7426046   0357       44.00
7427359   0357       35.93
7427520   0357       44.00
7429274   0357       44.00
7432253   0357       47.12
7434591   0357      110.01
7435158   0357       89.82
7436077   0357       82.25
7436996   0357       44.00
7437806   0357       35.93
7437808   0357       35.93
7438450   0357       44.00
7439597   0357      100.80
7439617   0357       44.00
7439629   0357       44.00
7440809   0357       28.77
7442445   0357       44.00
7444497   0357       53.89
7444651   0357       47.12
7444842   0357       44.00
7444889   0357      100.80
7445661   0357       38.45
7446382   0357       47.12
7446644   0357       44.00
7447067   0357      110.01
7447334   0357       50.40
7447992   0357       35.93
7449457   0357       38.45
7455429   0357       44.00
7455588   0357       44.00
7461704   0357       44.00
7465820   0357      110.01
7465910   0357       44.00
7466779   0357       70.11
7466870   0357       44.00
7502836   0357       57.45
7548386   0357       38.45
7548420   0357       41.12
770342    0357       44.05
7917981   0357       44.00
7981510   0357       47.12
7982728   0357       35.93
7982865   0357       47.12
7983170   0357       35.93
7984159   0357       44.00
7985605   0357       35.21
7988969   0357       44.00
8054279   0357       38.45
8064487   0357       92.85
8068577   0357       49.73
8069571   0357       44.00
8140450   0357       39.19
8594315   0357       44.00
8718789   0357       88.01
8734286   0357       47.12
9066082   0357       46.55
9100619   0357       44.00
9211039   0357       41.12
9261804   0357       47.12
9317884   0357       94.25
9433060   0357       44.00
9540404   0357       47.12
9540845   0357       75.60
9542018   0357       47.12
9542237   0357       41.12
9543174   0357       44.00
9543530   0357       64.80
9544179   0357       44.00
9544345   0357       38.45
9544429   0357       47.12
9544827   0357       47.12
9545198   0357       46.87
9545952   0357       52.87
9546474   0357       44.00
9547148   0357       41.12
9551389   0357       44.00
9552709   0357       35.93
9553039   0357       44.00
9553047   0357       41.12
9553149   0357       35.93
9555077   0357       61.01
9555609   0357       35.93
9555641   0357       44.00
9557148   0357      100.80
9557803   0357       38.45
9557875   0357       35.93
9557894   0357       43.50
9558628   0357       38.45
9560453   0357       35.93
9570736   0357       44.00
9572755   0357       44.00
9577605   0357       44.00
9601343   0357      110.01
9603154   0357       38.45
9603683   0357       44.00
9603870   0357       28.77
9604166   0357       41.12
9604592   0357       80.89
9607091   0357       50.48
9608547   0357       44.00
9609337   0357       35.93
9609338   0357       88.01
9612117   0357       49.72
9612530   0357      110.01
9612692   0357       44.00
9614364   0357       82.25
9615563   0357       44.00
9615964   0357       44.00
9617493   0357       82.25
9620242   0357       94.25
9620248   0357      100.80
9620376   0357       44.00
9620599   0357       47.12
9620701   0357       41.12
9620720   0357       41.12
9621777   0357       35.93
9622347   0357       44.00
9624370   0357       53.93
9624596   0357       35.93
9625361   0357       44.00
9625933   0357       88.01
9626082   0357       44.00
9626215   0357       41.12
9627150   0357      117.81
9627523   0357       88.01
9627724   0357       35.93
9629963   0357       47.12
9631462   0357       47.12
9634554   0357       44.00
9634674   0357       44.00
9636806   0357       35.93
9638320   0357       44.00
9639201   0357       41.12
9845319   0357       38.45
9846320   0357       47.12
9847068   0357       41.12
9847350   0357       44.00
9848693   0357       41.12
9850403   0357       44.00
9851111   0357       44.00
9851993   0357       44.00
10107724  3357       53.93
10120357  3357       44.00
10121866  3357       47.12
10125466  3357       35.93
10126656  3357       44.00
10141786  3357       47.12
10312414  3357       41.12
10373550  3357       44.00
10639752  3357       35.93
10726693  3357       44.00
10760806  3357       35.93
10764554  3357       47.12
10770124  3357       44.00
10772668  3357       35.93
10774121  3357       47.12
10775520  3357       41.12
10776516  3357       53.93
10776915  3357       35.93
10777482  3357       35.93
10777645  3357       44.00
10778464  3357       35.93
10779723  3357       44.00
10784623  3357       44.00
10794552  3357       44.00
10820078  3357       47.12
10840266  3357       44.00
10841061  3357       38.45
10841823  3357       53.93
10842205  3357       44.00
10843324  3357       44.00
10844575  3357       53.93
10844947  3357       44.00
10845717  3357       35.93
10845943  3357       53.93
10846474  3357       44.00
10846532  3357       47.12
10846629  3357       44.00
10846940  3357       44.00
10846985  3357       44.00
10847648  3357       35.93
10848158  3357       50.40
10849906  3357       44.00
10849907  3357       47.12
10860593  3357       44.00
10903693  3357       35.93
10959957  3357       44.00
10960021  3357       44.00
10963442  3357       47.12
10963957  3357       47.12
10964062  3357       44.00
1108218   3357       41.17
1112379   3357       44.05
1115136   3357       44.05
11163187  3357       35.93
11177533  3357       35.93
11260715  3357       44.00
11261772  3357       53.93
11262378  3357       44.00
11263756  3357       35.93
11264465  3357       44.00
11264550  3357       41.12
11265496  3357       44.00
11265527  3357       47.12
11266390  3357       44.00
11267811  3357       41.12
11267932  3357       35.93
11268437  3357       53.93
11269196  3357       50.40
1129535   3357       47.17
11414487  3357       47.12
11425214  3357       44.00
11425449  3357       44.00
11426462  3357       41.12
11428034  3357       41.12
11428889  3357       44.00
11429539  3357       44.00
11429792  3357       35.93
11429991  3357       44.00
11430700  3357       44.00
11433167  3357       44.00
11433865  3357       44.00
11434350  3357       44.00
11546168  3357       41.12
11580362  3357       47.12
11584952  3357       44.00
11586448  3357       44.00
11589730  3357       44.00
11594236  3357       53.93
11594524  3357       35.93
11596252  3357       44.00
11597667  3357       44.00
11598121  3357       38.45
11598207  3357       35.93
11598956  3357       38.45
11633896  3357       38.45
11645810  3357       44.00
11651035  3357       44.00
11651090  3357       44.00
11652405  3357       44.00
11653864  3357       44.00
11694358  3357       35.93
11694758  3357       44.00
11695394  3357       35.93
11749469  3357       44.00
11783201  3357       47.12
11783366  3357       53.93
11784637  3357       35.93
11786325  3357       53.93
11786432  3357       38.45
11787653  3357       44.00
11787807  3357       44.00
11788587  3357       47.12
11788630  3357       47.12
11790273  3357       44.00
11790818  3357       44.00
11791177  3357       44.00
11792506  3357       35.93
11792846  3357       44.00
118087    3357       20.23
11878930  3357       44.00
11879419  3357       47.12
11879750  3357       47.12
11881224  3357       53.93
11881668  3357       35.93
11881669  3357       35.93
11882080  3357       41.12
11882720  3357       53.93
11883300  3357       44.00
11949766  3357       53.93
12011761  3357       53.93
12018571  3357       41.12
12018729  3357       35.93
12018852  3357       44.00
12019816  3357       41.12
12020535  3357       50.40
12021559  3357       47.12
12021966  3357       44.00
12022428  3357       47.12
12023306  3357       50.40
12023981  3357       44.00
12024178  3357       44.00
12024179  3357       44.00
12025294  3357       44.00
12025488  3357       35.93
12025491  3357       35.93
12026565  3357       44.00
12027093  3357       44.00
12027260  3357       44.00
12027527  3357       35.93
12027928  3357       35.93
12027973  3357       47.12
12080554  3357       44.00
1218058   3357       50.13
12241212  3357       35.93
12242270  3357       44.00
12243077  3357       35.93
12244707  3357       35.93
12247738  3357       44.00
12248400  3357       35.93
12248755  3357       47.12
12248784  3357       38.45
12248960  3357       44.00
12249178  3357       53.93
12279667  3357       44.00
12314254  3357       50.40
1232375   3357       31.61
12369466  3357       44.00
12370670  3357       50.40
1239070   3357       41.17
12434895  3357       38.45
12435304  3357       44.00
12435757  3357       35.93
12435759  3357       44.00
12527456  3357       41.12
12534356  3357       44.00
12536172  3357       44.00
12536549  3357       50.40
1254062   3357       38.50
1257983   3357       47.17
1258658   3357       44.05
1259324   3357       38.50
1260432   3357       44.05
1261562   3357       38.50
1262953   3357       44.05
1263302   3357       35.98
1263303   3357       44.05
1263991   3357       33.03
1265436   3357       44.05
1266723   3357       28.79
12691465  3357       44.00
1269356   3357       47.17
12698409  3357       35.93
12698965  3357       35.93
12700553  3357       41.12
12701276  3357       44.00
12701301  3357       35.93
12702273  3357       41.12
12704473  3357       38.45
12704482  3357       47.12
12704649  3357       44.00
12704927  3357       44.00
12705860  3357       44.00
12706171  3357       44.00
12706774  3357       47.12
12707136  3357       44.00
1272390   3357       38.50
1273369   3357       44.05
1277938   3357       38.50
1278407   3357       44.05
12848719  3357       44.00
12849330  3357       50.40
12851330  3357       44.00
12852888  3357       44.00
12858616  3357       44.00
12878256  3357       44.00
12884972  3357       44.00
12934142  3357       41.12
12934525  3357       35.93
12935305  3357       44.00
12935606  3357       44.00
13032012  3357       35.93
13032033  3357       44.00
13034237  3357       44.00
13035222  3357       53.93
13084488  3357       38.45
13084886  3357       41.12
13180551  3357       44.00
1318484   3357       41.17
13187744  3357       44.00
13187816  3357       38.45
13188137  3357       38.45
13188604  3357       38.45
13264411  3357       44.00
13265462  3357       35.93
13265946  3357       44.00
13266369  3357       44.00
13268000  3357       35.93
13268185  3357       35.93
13268457  3357       41.12
13268537  3357       44.00
13343258  3357       35.93
13346269  3357       35.93
13408041  3357       38.45
13510172  3357       38.45
13510180  3357       35.93
13527636  3357       47.12
13566631  3357       53.93
13643981  3357       35.93
13643982  3357       35.93
13644051  3357       44.00
13644555  3357       35.93
13644665  3357       44.00
13644680  3357       47.12
13652653  3357       35.93
13674854  3357       47.12
13678214  3357       44.00
13678857  3357       35.93
13679940  3357       44.00
13724134  3357       44.00
13774187  3357       35.93
13774684  3357       44.00
13775452  3357       35.93
13775808  3357       35.93
13777181  3357       35.93
13785046  3357       35.93
13785661  3357       44.00
13785997  3357       41.12
13786181  3357       44.00
13787208  3357       44.00
13787741  3357       35.93
13842354  3357       44.00
13843775  3357       44.00
13856268  3357       44.00
13867427  3357       44.00
13868652  3357       44.00
13880177  3357       35.93
13880981  3357       44.00
13905892  3357       35.93
13986119  3357       44.00
13990906  3357       47.12
14003086  3357       41.12
14030527  3357       35.93
14031045  3357       44.00
14031497  3357       44.00
1404429   3357       53.98
14093727  3357       44.00
14094806  3357       47.12
14143188  3357       41.12
14159223  3357       35.93
14176129  3357       44.00
14176671  3357       44.00
14270811  3357       35.93
14293118  3357       44.00
1431183   3357       44.05
14335445  3357       41.12
14335539  3357       44.00
1433726   3357       44.05
14372299  3357       47.12
14372818  3357       44.44
14376347  3357       44.00
14398946  3357       44.00
14399267  3357       38.45
14405196  3357       44.00
14405401  3357       44.00
14513487  3357       35.93
14590375  3357       38.45
14607589  3357       38.45
14648947  3357       44.00
14649126  3357       35.93
14810540  3357       44.00
14825867  3357       44.00
14877620  3357       44.00
14877805  3357       47.12
14877859  3357       50.40
14879704  3357       35.93
14880827  3357       47.12
15170350  3357       38.45
15177340  3357       47.12
15177867  3357       35.93
15306151  3357       41.12
15306996  3357       41.12
15352095  3357       44.00
15444811  3357       47.12
15448608  3357       44.00
15597541  3357       35.93
15598043  3357       35.93
15598319  3357       44.00
15598510  3357       44.00
15598933  3357       35.93
15599928  3357       38.45
15668151  3357       44.00
15668851  3357       38.45
15690244  3357       35.93
15729233  3357       44.00
15729536  3357       38.45
15778630  3357       44.00
15827139  3357       47.12
15959808  3357       35.93
16001576  3357       35.93
16137706  3357       41.12
16138119  3357       44.00
1631390   3357       43.19
16324090  3357       44.00
16594051  3357       38.45
16641426  3357       41.12
16736267  3357       44.00
16770549  3357       44.00
16788972  3357       44.00
16796439  3357       35.93
17011869  3357       44.00
17012587  3357       44.00
17019549  3357       44.00
17033230  3357       35.93
17033256  3357       35.93
17104175  3357       44.00
17306742  3357       35.93
1737075   3357       41.17
17379215  3357       38.45
17504786  3357       38.45
17572385  3357       44.00
17574055  3357       38.45
17626132  3357       38.45
1763812   3357       44.05
1764349   3357       35.98
1765295   3357       18.85
1769938   3357       41.17
17965237  3357       44.00
18058393  3357       35.93
18059918  3357       44.00
18263579  3357       44.00
18263756  3357       44.00
1834693   3357       28.79
18471327  3357       44.00
18618969  3357       35.93
18656459  3357       44.00
18785684  3357       35.93
18950730  3357       35.93
1906129   3357       44.05
19166206  3357       35.93
19262723  3357       44.00
1926999   3357       47.17
19324610  3357       44.00
19827450  3357       35.93
19850185  3357       35.93
19973112  3357       44.00
20187870  3357       38.45
20189202  3357       50.40
20235584  3357       38.45
2030572   3357       41.17
2033664   3357       53.98
20348834  3357       35.93
20351464  3357       44.00
21140944  3357       35.93
2130876   3357       35.98
2157417   3357       53.98
2186056   3357       41.17
2189077   3357       26.96
2196831   3357       38.50
2198274   3357       47.17
2198799   3357       41.17
2199826   3357       38.50
2272067   3357       35.98
23156662  3357       51.36
2376223   3357       53.98
2380275   3357       47.17
2384661   3357       44.05
2529886   3357       44.05
2532585   3357       35.98
2533320   3357       46.63
2533977   3357       41.39
2534786   3357       35.25
2535843   3357       47.17
2536373   3357       47.17
2536795   3357       48.91
2538821   3357       41.17
2539607   3357       47.17
2539943   3357       35.98
2541142   3357       44.05
2541439   3357       53.98
2541709   3357       46.74
2543654   3357       44.05
2543932   3357       38.50
2592064   3357       47.17
2592966   3357       47.17
2593377   3357       49.64
2593686   3357       41.17
2596405   3357       43.52
2597854   3357       43.52
2598033   3357       37.44
2598872   3357       39.93
2601437   3357       44.05
2603046   3357       38.75
2605117   3357       53.42
2605164   3357       38.77
2605539   3357       35.24
2605823   3357       28.77
2607322   3357       63.14
2608233   3357       57.87
2608304   3357       43.80
2608554   3357       43.52
2684589   3357       44.05
2741170   3357       47.38
2854705   3357       41.17
2870837   3357       38.01
2910376   3357       35.98
2910432   3357       41.17
2911765   3357       41.17
2912407   3357       35.98
2912692   3357       53.98
2913757   3357       41.13
2913809   3357       35.98
2914272   3357       46.29
2915293   3357       35.98
2915714   3357       44.05
2915780   3357       37.45
2916102   3357       35.25
2916362   3357       40.09
2916467   3357       38.50
2916786   3357       41.17
2918280   3357       44.05
2992913   3357       35.98
3035349   3357       44.05
3039370   3357       51.81
3080057   3357       53.98
3080311   3357       44.05
3080984   3357       44.00
3081351   3357       44.05
3082505   3357       45.15
3083006   3357       44.05
3083065   3357       35.98
3083457   3357       32.70
3083843   3357       38.50
3084868   3357       46.40
3084978   3357       43.50
3085009   3357       50.48
3085276   3357       50.45
3090485   3357       57.20
3156003   3357       35.98
3234299   3357       50.45
3245420   3357       44.05
3314884   3357       35.79
3315121   3357       35.98
3315781   3357       35.98
3317339   3357       53.47
3317520   3357       51.36
3318589   3357       75.77
3318694   3357       65.52
3318719   3357       46.40
3319659   3357       38.50
3320986   3357       44.05
3322128   3357       43.52
3322284   3357       41.17
3322381   3357       44.29
3324084   3357       44.00
3324110   3357       68.01
3324403   3357       53.98
3329806   3357       38.75
3353242   3357       41.17
3457632   3357       30.78
3528540   3357       63.80
3533360   3357       70.81
3535445   3357       42.95
3535676   3357       43.03
3535838   3357       40.67
3538837   3357       61.16
3539352   3357       43.76
3541739   3357       53.65
3541975   3357       28.77
3542004   3357       47.12
3542015   3357       47.34
3554092   3357       47.17
3593839   3357       49.79
3598528   3357       42.71
3710064   3357       41.12
3759377   3357       36.22
3784066   3357       49.95
3784441   3357       61.97
3785251   3357       54.02
3792247   3357       50.13
3830110   3357       33.85
3855157   3357       28.77
3855577   3357       44.05
3856978   3357       34.99
3857004   3357       50.48
3857220   3357       54.40
3857667   3357       34.99
3857878   3357       41.46
3858323   3357       54.39
3858856   3357       47.12
3859230   3357       61.16
3864991   3357       66.19
3875055   3357       44.00
3877925   3357       47.12
3878006   3357       41.12
3963688   3357       68.52
3964093   3357       44.00
3964337   3357       30.56
3965704   3357       43.80
3969513   3357       54.08
4001934   3357       66.92
4064149   3357       55.44
4065177   3357       38.50
4065584   3357       44.00
4065648   3357       62.10
4066245   3357       42.13
4067118   3357       55.13
4067735   3357       41.12
4067795   3357       43.52
4068788   3357       49.98
4071074   3357       53.93
4071241   3357       35.52
4107436   3357       41.12
4191539   3357       53.46
4193094   3357       58.23
4194671   3357       59.85
4195654   3357       40.67
4199927   3357       30.78
4200911   3357       41.17
4238916   3357       32.93
430240    3357       35.98
4317775   3357       47.12
4373204   3357       47.12
4373479   3357       49.98
4375498   3357       45.85
4375998   3357       43.09
4376813   3357       38.45
4377201   3357       40.05
437803    3357       44.05
4378140   3357       47.25
4378236   3357       40.67
4378283   3357       54.02
4378759   3357       47.12
4379154   3357       32.93
4381341   3357       47.19
4381614   3357       35.93
4382400   3357       53.65
4383023   3357       47.12
4383200   3357       33.85
4385047   3357       37.44
4386936   3357       50.40
4387777   3357       41.12
439023    3357       43.19
4409485   3357       47.12
4409788   3357       40.53
4409789   3357       35.93
4414417   3357       62.71
4414541   3357       48.24
4414909   3357       38.77
4415675   3357       43.50
443869    3357       44.05
4609506   3357       61.97
4610129   3357       39.93
4720170   3357       35.93
4720923   3357       44.00
4721016   3357       35.93
4721639   3357       35.98
4722680   3357       32.70
4722814   3357       43.82
4723168   3357       36.22
4723276   3357       41.12
4723403   3357       38.75
4724433   3357       37.44
4725919   3357       47.12
4727740   3357       41.12
4728331   3357       40.67
4729448   3357       31.53
4729575   3357       53.11
4730168   3357       47.12
4730490   3357       46.87
4730823   3357       76.57
4731322   3357       47.12
4731494   3357       57.04
4732090   3357       47.25
4732618   3357       38.45
4734527   3357       38.45
4734940   3357       35.93
4735505   3357       35.98
4738424   3357       44.05
4739546   3357       60.51
4739796   3357       47.12
4754833   3357       61.26
4803744   3357       47.12
4805842   3357       44.00
4827213   3357       56.54
4853128   3357       47.75
4882144   3357       32.95
5017295   3357       41.12
5022967   3357       40.05
5237805   3357       44.00
5238236   3357       36.22
5239261   3357       65.74
5240821   3357       50.48
5242545   3357       53.31
5244302   3357       38.50
5244483   3357       41.12
5244484   3357       57.04
5244765   3357       52.86
5245261   3357       47.12
5248926   3357       56.90
5248954   3357       49.79
5249259   3357       44.00
5249817   3357       47.12
5250965   3357       46.16
5251153   3357       54.02
5251214   3357       57.44
5252606   3357       47.12
5253930   3357       33.33
5254613   3357       50.81
5254952   3357       44.40
5255567   3357       44.00
5255641   3357       47.12
5257069   3357       56.29
5257175   3357       43.52
5257421   3357       50.40
5257727   3357       44.00
5257774   3357       44.00
5259121   3357       34.99
5259785   3357       46.55
5261116   3357       38.45
5261139   3357       44.00
5261250   3357       48.21
5261418   3357       58.41
5261643   3357       35.93
5263470   3357       49.82
5344986   3357       35.93
5435450   3357       38.45
5436619   3357       47.12
5436795   3357       35.39
5438690   3357       35.93
5439480   3357       44.00
5439865   3357       50.40
5458236   3357       38.45
5461455   3357       43.53
5605414   3357       44.00
5658043   3357       44.00
5688352   3357       44.00
5765952   3357       44.00
5779173   3357       44.00
5915261   3357       44.05
5921128   3357       44.00
5921800   3357       35.93
5923624   3357       47.12
5925143   3357       47.12
5925949   3357       28.79
5929492   3357       44.00
5935536   3357       47.12
5938630   3357       44.00
5938995   3357       44.00
6044716   3357       44.00
6125595   3357       35.93
6127630   3357       63.80
6238388   3357       53.93
6394853   3357       38.98
64800     3357       50.45
6537141   3357       36.22
6573443   3357       75.11
6573855   3357       50.40
6573893   3357       38.45
6575243   3357       41.12
6575301   3357       44.00
6584406   3357       50.42
6634354   3357       44.00
6689708   3357       44.00
6690236   3357       44.00
6701343   3357       44.00
6701344   3357       44.00
6701453   3357       44.00
673822    3357       38.50
6841910   3357       35.93
7076647   3357       44.00
7211860   3357       47.12
7240399   3357       44.00
7300376   3357       35.93
7301470   3357       34.99
7305494   3357       43.52
7305781   3357       43.80
7308623   3357       65.12
7309317   3357       35.93
7309375   3357       41.12
7310425   3357       50.40
7310959   3357       54.02
7311233   3357       62.48
7311255   3357       35.93
7312149   3357       44.00
7313189   3357       43.80
7314050   3357       35.93
7314987   3357       50.40
7315048   3357       47.12
7315058   3357       44.00
7315331   3357       44.00
7316059   3357       50.40
7316139   3357       47.12
7316607   3357       53.98
7316959   3357       57.04
7317744   3357       35.98
7318041   3357       53.65
7319649   3357       47.12
7321787   3357       41.12
7322304   3357       41.12
7322780   3357       38.45
7322794   3357       48.32
7324725   3357       44.29
7325664   3357       30.78
7325721   3357       43.52
7325722   3357       63.14
7325778   3357       28.80
7328421   3357       35.93
7330948   3357       44.00
7331943   3357       41.12
7332202   3357       35.93
7332734   3357       43.52
7333145   3357       47.12
7333526   3357       35.93
7335642   3357       44.00
7337422   3357       49.07
7337778   3357       35.93
7338055   3357       50.40
7340200   3357       41.17
7340742   3357       43.52
7340989   3357       35.93
7342107   3357       41.12
7342680   3357       44.05
7343605   3357       35.93
7344290   3357       41.12
7344465   3357       41.12
7347856   3357       54.39
7348137   3357       35.93
7348986   3357       44.00
7349428   3357       53.93
7349843   3357       35.93
7350162   3357       56.14
7350273   3357       41.12
7351297   3357       37.90
7352317   3357       41.12
7353364   3357       35.93
7353377   3357       44.00
7354064   3357       35.93
7354848   3357       28.80
7355837   3357       59.06
7355928   3357       46.87
7359478   3357       47.12
7360346   3357       38.45
7360517   3357       44.00
7363171   3357       43.39
7363652   3357       44.00
7365166   3357       44.00
7365545   3357       41.12
7367276   3357       35.93
7368710   3357       35.93
7369018   3357       44.00
7371154   3357       44.00
7372156   3357       35.93
7372973   3357       36.30
7373089   3357       38.45
7373215   3357       50.40
7374243   3357       38.45
7374616   3357       54.02
7377030   3357       38.45
7377579   3357       44.00
7379256   3357       41.12
7380616   3357       35.93
7381553   3357       44.00
7382148   3357       66.92
7382532   3357       35.93
7384964   3357       44.00
7387544   3357       44.00
7388038   3357       35.93
7388080   3357       44.00
7388125   3357       47.12
7388199   3357       38.45
7389581   3357       44.00
7391472   3357       41.12
7392153   3357       47.12
7393061   3357       41.12
7393144   3357       35.93
7395742   3357       28.78
7396051   3357       44.00
7398038   3357       39.34
7400031   3357       44.00
7401094   3357       44.00
7401380   3357       44.00
7401853   3357       35.93
7403123   3357       35.93
7403188   3357       41.12
7403563   3357       41.12
7406353   3357       44.00
7408531   3357       44.00
7409730   3357       41.12
7410177   3357       53.93
7412535   3357       47.12
7412738   3357       38.45
7415285   3357       53.93
7415448   3357       44.00
7416870   3357       35.93
7417289   3357       35.93
7417791   3357       44.00
7418898   3357       35.93
7418939   3357       35.93
7419340   3357       41.12
7419740   3357       35.93
7419800   3357       44.00
7419866   3357       41.12
7420316   3357       44.00
7420429   3357       47.12
7423108   3357       47.12
7423415   3357       44.00
7423444   3357       44.00
7425063   3357       35.93
7425430   3357       44.00
7425900   3357       41.12
7426046   3357       44.00
7427359   3357       35.93
7427520   3357       44.00
7429274   3357       44.00
7432253   3357       47.12
7434591   3357       44.00
7435158   3357       35.93
7436077   3357       41.12
7436996   3357       44.00
7437806   3357       35.93
7437808   3357       35.93
7438450   3357       44.00
7439597   3357       50.40
7439617   3357       44.00
7439629   3357       44.00
7440809   3357       28.77
7442445   3357       44.00
7444497   3357       35.93
7444651   3357       47.12
7444842   3357       44.00
7444889   3357       50.40
7445661   3357       38.45
7446382   3357       47.12
7446644   3357       44.00
7447067   3357       44.00
7447334   3357       50.40
7447992   3357       35.93
7449457   3357       38.45
7455429   3357       44.00
7455588   3357       44.00
7461704   3357       44.00
7465820   3357       44.00
7465910   3357       44.00
7466779   3357       70.11
7466870   3357       44.00
7502836   3357       57.45
7548386   3357       38.45
7548420   3357       41.12
770342    3357       44.05
7917981   3357       44.00
7981510   3357       47.12
7982728   3357       35.93
7982865   3357       47.12
7983170   3357       35.93
7984159   3357       44.00
7985605   3357       35.21
7988969   3357       44.00
8054279   3357       38.45
8064487   3357       46.43
8068577   3357       49.73
8069571   3357       44.00
8140450   3357       39.19
8594315   3357       44.00
8718789   3357       44.00
8734286   3357       47.12
9066082   3357       46.55
9100619   3357       44.00
9211039   3357       41.12
9261804   3357       47.12
9317884   3357       47.12
9433060   3357       44.00
9540404   3357       47.12
9540845   3357       50.40
9542018   3357       47.12
9542237   3357       41.12
9543174   3357       44.00
9543530   3357       64.80
9544179   3357       44.00
9544345   3357       38.45
9544429   3357       47.12
9544827   3357       47.12
9545198   3357       46.87
9545952   3357       52.87
9546474   3357       44.00
9547148   3357       41.12
9551389   3357       44.00
9552709   3357       35.93
9553039   3357       44.00
9553047   3357       41.12
9553149   3357       35.93
9555077   3357       61.01
9555609   3357       35.93
9555641   3357       44.00
9557148   3357       50.40
9557803   3357       38.45
9557875   3357       35.93
9557894   3357       43.50
9558628   3357       38.45
9560453   3357       35.93
9570736   3357       44.00
9572755   3357       44.00
9577605   3357       44.00
9601343   3357       44.00
9603154   3357       38.45
9603683   3357       44.00
9603870   3357       28.77
9604166   3357       41.12
9604592   3357       53.93
9607091   3357       50.48
9608547   3357       44.00
9609337   3357       35.93
9609338   3357       44.00
9612117   3357       49.72
9612530   3357       44.00
9612692   3357       44.00
9614364   3357       41.12
9615563   3357       44.00
9615964   3357       44.00
9617493   3357       41.12
9620242   3357       47.12
9620248   3357       50.40
9620376   3357       44.00
9620599   3357       47.12
9620701   3357       41.12
9620720   3357       41.12
9621777   3357       35.93
9622347   3357       44.00
9624370   3357       53.93
9624596   3357       35.93
9625361   3357       44.00
9625933   3357       44.00
9626082   3357       44.00
9626215   3357       41.12
9627150   3357       47.12
9627523   3357       44.00
9627724   3357       35.93
9629963   3357       47.12
9631462   3357       47.12
9634554   3357       44.00
9634674   3357       44.00
9636806   3357       35.93
9638320   3357       44.00
9639201   3357       41.12
9845319   3357       38.45
9846320   3357       47.12
9847068   3357       41.12
9847350   3357       44.00
9848693   3357       41.12
9850403   3357       44.00
9851111   3357       44.00
9851993   3357       44.00
