10107724  0357       58.12
10120357  0357       61.97
10121866  0357      116.10
10125466  0357       42.35
10126656  0357       41.32
10141786  0357       46.44
10312414  0357       36.64
10373550  0357       82.63
10639752  0357       42.35
10726693  0357       41.32
10760806  0357       42.35
10764554  0357       46.44
10770124  0357       41.32
10772668  0357       42.35
10774121  0357       46.44
10775520  0357       73.28
10776516  0357       58.12
10776915  0357       42.35
10777482  0357       42.35
10777645  0357       61.97
10778464  0357       42.35
10779723  0357       41.32
10784623  0357       41.32
10794552  0357       41.32
10820078  0357       46.44
10840266  0357       41.32
10841061  0357       39.56
10841823  0357       58.12
10842205  0357       41.32
10843324  0357      103.29
10844575  0357      116.24
10844947  0357       41.32
10845717  0357       42.35
10845943  0357       58.12
10846474  0357       41.32
10846532  0357       46.44
10846629  0357       41.32
10846940  0357       82.63
10846985  0357       41.32
10847648  0357       42.35
10848158  0357       52.03
10849906  0357       41.32
10849907  0357       46.44
10860593  0357       41.32
10903693  0357       42.35
10959957  0357       41.32
10960021  0357       41.32
10963442  0357       46.44
10963957  0357       46.44
10964062  0357       82.63
1108218   0357       57.66
1112379   0357       54.58
1115136   0357       36.75
11163187  0357       42.35
11177533  0357       42.35
11260715  0357       41.32
11261772  0357       58.12
11262378  0357       41.32
11263756  0357       42.35
11264465  0357       41.32
11264550  0357       36.64
11265496  0357       41.32
11265527  0357       46.44
11266390  0357       82.63
11267811  0357       73.28
11267932  0357       84.70
11268437  0357       58.12
11269196  0357       52.03
1129535   0357       50.89
11414487  0357       46.44
11425214  0357       41.32
11425449  0357       41.32
11426462  0357       36.64
11428034  0357       36.64
11428889  0357      103.29
11429539  0357       82.63
11429792  0357       42.35
11429991  0357       61.97
11430700  0357       41.32
11433167  0357       41.32
11433865  0357       82.63
11434350  0357       41.32
11546168  0357       36.64
11580362  0357       46.44
11584952  0357       41.32
11586448  0357       41.32
11589730  0357       82.63
11594236  0357       58.12
11594524  0357       42.35
11596252  0357       41.32
11597667  0357       41.32
11598121  0357       39.56
11598207  0357       42.35
11598956  0357       39.56
11633896  0357       39.56
11645810  0357       41.32
11651035  0357       41.32
11651090  0357       41.32
11652405  0357       41.32
11653864  0357       41.32
11694358  0357       42.35
11694758  0357       41.32
11695394  0357       84.70
11749469  0357       41.32
11783201  0357       46.44
11783366  0357       58.12
11784637  0357       42.35
11786325  0357       58.12
11786432  0357       39.56
11787653  0357       82.63
11787807  0357       41.32
11788587  0357       92.88
11788630  0357       46.44
11790273  0357       41.32
11790818  0357       61.97
11791177  0357       41.32
11792506  0357       42.35
11792846  0357       41.32
118087    0357       96.41
11878930  0357       41.32
11879419  0357       46.44
11879750  0357       46.44
11881224  0357       58.12
11881668  0357      105.88
11881669  0357       42.35
11882080  0357       36.64
11882720  0357       58.12
11883300  0357       82.63
11949766  0357       58.12
12011761  0357      116.24
12018571  0357       54.96
12018729  0357       42.35
12018852  0357       41.32
12019816  0357       36.64
12020535  0357       52.03
12021559  0357       46.44
12021966  0357       41.32
12022428  0357       46.44
12023306  0357       52.03
12023981  0357       61.97
12024178  0357       41.32
12024179  0357       41.32
12025294  0357       61.97
12025488  0357       42.35
12025491  0357       42.35
12026565  0357       41.32
12027093  0357       41.32
12027260  0357       41.32
12027527  0357       42.35
12027928  0357       42.35
12027973  0357       92.88
12080554  0357       41.32
1218058   0357       48.50
12241212  0357       63.53
12242270  0357       41.32
12243077  0357       42.35
12244707  0357       42.35
12247738  0357       61.97
12248400  0357      105.88
12248755  0357       46.44
12248784  0357       79.11
12248960  0357       41.32
12249178  0357       58.12
12279667  0357       41.32
12314254  0357      130.08
1232375   0357       77.99
12369466  0357       41.32
12370670  0357       52.03
1239070   0357       57.66
12434895  0357       39.56
12435304  0357       41.32
12435757  0357       63.53
12435759  0357      103.29
12527456  0357       36.64
12534356  0357       41.32
12536172  0357       41.32
12536549  0357       52.03
1254062   0357       60.58
1257983   0357       51.42
1258658   0357       54.58
1259324   0357       60.58
1260432   0357       54.58
1261562   0357       60.58
1262953   0357       34.53
1263302   0357       63.38
1263303   0357       54.58
1263991   0357       75.58
1265436   0357       54.58
1266723   0357       18.62
12691465  0357       41.32
1269356   0357      102.85
12698409  0357       42.35
12698965  0357       42.35
12700553  0357       36.64
12701276  0357       41.32
12701301  0357       42.35
12702273  0357       36.64
12704473  0357       39.56
12704482  0357       92.88
12704649  0357       41.32
12704927  0357       41.32
12705860  0357       41.32
12706171  0357       41.32
12706774  0357       92.88
12707136  0357       41.32
1272390   0357       60.58
1273369   0357       50.14
1277938   0357       60.58
1278407   0357       54.58
12848719  0357       41.32
12849330  0357       52.03
12851330  0357       41.32
12852888  0357       41.32
12858616  0357       61.97
12878256  0357       41.32
12884972  0357       41.32
12934142  0357       36.64
12934525  0357       42.35
12935305  0357       41.32
12935606  0357       41.32
13032012  0357       84.70
13032033  0357       41.32
13034237  0357       41.32
13035222  0357       58.12
13084488  0357       39.56
13084886  0357       36.64
13180551  0357       41.32
1318484   0357       57.66
13187744  0357       82.63
13187816  0357       59.33
13188137  0357       39.56
13188604  0357       59.33
13264411  0357       41.32
13265462  0357       42.35
13265946  0357       61.97
13266369  0357       41.32
13268000  0357       84.70
13268185  0357       84.70
13268457  0357       36.64
13268537  0357       61.97
13343258  0357       42.35
13346269  0357      105.88
13408041  0357       39.56
13510172  0357       39.56
13510180  0357       42.35
13527636  0357       46.44
13566631  0357       58.12
13643981  0357       84.70
13643982  0357       63.53
13644051  0357       41.32
13644555  0357      105.88
13644665  0357       41.32
13644680  0357      116.10
13652653  0357       42.35
13674854  0357       46.44
13678214  0357       41.32
13678857  0357       42.35
13679940  0357       41.32
13724134  0357       61.97
13774187  0357       42.35
13774684  0357       41.32
13775452  0357       42.35
13775808  0357       42.35
13777181  0357       63.53
13785046  0357       42.35
13785661  0357       41.32
13785997  0357       36.64
13786181  0357       41.32
13787208  0357       41.32
13787741  0357       42.35
13842354  0357       41.32
13843775  0357       41.32
13856268  0357       41.32
13867427  0357       61.97
13868652  0357       41.32
13880177  0357       42.35
13880981  0357       41.32
13905892  0357       42.35
13986119  0357       41.32
13990906  0357       69.66
14003086  0357       36.64
14030527  0357       42.35
14031045  0357       41.32
14031497  0357      103.29
1404429   0357       37.42
14093727  0357       61.97
14094806  0357       46.44
14143188  0357       36.64
14159223  0357       84.70
14176129  0357       41.32
14176671  0357       41.32
14270811  0357      105.88
14293118  0357       61.97
1431183   0357       54.58
14335445  0357       36.64
14335539  0357       41.32
1433726   0357       54.58
14372299  0357       46.44
14372818  0357       70.03
14376347  0357       41.32
14398946  0357       41.32
14399267  0357       59.33
14405196  0357       41.32
14405401  0357       41.32
14513487  0357       42.35
14590375  0357       39.56
14607589  0357       59.33
14648947  0357       41.32
14649126  0357       42.35
14810540  0357       61.97
14825867  0357       41.32
14877620  0357       41.32
14877805  0357       46.44
14877859  0357       52.03
14879704  0357       63.53
14880827  0357       46.44
15170350  0357       39.56
15177340  0357       46.44
15177867  0357       84.70
15306151  0357       91.60
15306996  0357       36.64
15352095  0357       41.32
15444811  0357       46.44
15448608  0357       41.32
15597541  0357       42.35
15598043  0357       42.35
15598319  0357       41.32
15598510  0357       82.63
15598933  0357       42.35
15599928  0357       59.33
15668151  0357       82.63
15668851  0357       39.56
15690244  0357       42.35
15729233  0357       61.97
15729536  0357       98.89
15778630  0357       61.97
15827139  0357       46.44
15959808  0357       42.35
16001576  0357       42.35
16137706  0357       36.64
16138119  0357       61.97
1631390   0357       32.64
16324090  0357       41.32
16594051  0357       39.56
16641426  0357       36.64
16736267  0357       41.32
16770549  0357       41.32
16788972  0357       82.63
16796439  0357       84.70
17011869  0357       82.63
17012587  0357      103.29
17019549  0357       41.32
17033230  0357       42.35
17033256  0357       42.35
17104175  0357       41.32
17306742  0357       42.35
1737075   0357       57.66
17379215  0357       59.33
17504786  0357       39.56
17572385  0357       82.63
17574055  0357       98.89
17626132  0357       79.11
1763812   0357       34.53
1764349   0357       63.38
1765295   0357      192.34
1769938   0357       56.51
17965237  0357       61.97
18058393  0357       42.35
18059918  0357       41.32
18263579  0357       61.97
18263756  0357       41.32
1834693   0357       18.62
18471327  0357       41.32
18618969  0357       42.35
18656459  0357       61.97
18785684  0357       42.35
18950730  0357       42.35
1906129   0357       54.58
19166206  0357      105.88
19262723  0357       41.32
1926999   0357       51.42
19324610  0357       82.63
19827450  0357       42.35
19850185  0357      105.88
19973112  0357       41.32
20187870  0357       79.11
20189202  0357       52.03
20235584  0357       79.11
2030572   0357       57.66
2033664   0357       44.70
20348834  0357       63.53
20351464  0357       82.63
21140944  0357       63.53
2130876   0357       63.38
2157417   0357      111.76
2186056   0357       57.66
2189077   0357       81.99
2196831   0357       60.58
2198274   0357       46.98
2198799   0357       57.66
2199826   0357       60.58
2272067   0357       63.38
23156662  0357       42.83
2376223   0357       44.17
2380275   0357       51.42
2384661   0357       54.58
2529886   0357       54.58
2532585   0357       63.38
2533320   0357       47.77
2533977   0357       59.35
2534786   0357       20.37
2535843   0357       51.42
2536373   0357       51.42
2536795   0357       49.72
2538821   0357       53.22
2539607   0357       51.42
2539943   0357       63.38
2541142   0357       54.58
2541439   0357       37.00
2541709   0357       53.90
2543654   0357       54.58
2543932   0357       60.58
2592064   0357       51.43
2592966   0357       60.58
2593377   0357       48.99
2593686   0357       57.66
2596405   0357       42.35
2597854   0357       60.11
2598033   0357       66.20
2598872   0357       59.42
2601437   0357       54.04
2603046   0357       63.88
2605117   0357       45.17
2605164   0357       59.42
2605539   0357       26.07
2605823   0357       18.61
2607322   0357       32.65
2608233   0357       31.85
2608304   0357       55.55
2608554   0357       60.11
2684589   0357       54.58
2741170   0357       48.77
2854705   0357       57.66
2870837   0357       61.55
2910376   0357       63.38
2910432   0357       56.51
2911765   0357       57.66
2912407   0357       63.38
2912692   0357       44.70
2913757   0357       56.55
2913809   0357       63.38
2914272   0357       53.53
2915293   0357       63.38
2915714   0357       54.58
2915780   0357       63.20
2916102   0357       20.37
2916362   0357       61.54
2916467   0357       60.58
2916786   0357       57.66
2918280   0357      136.45
2992913   0357       63.38
3035349   0357       54.58
3039370   0357       51.17
3080057   0357       67.05
3080311   0357       54.58
3080984   0357       41.32
3081351   0357       50.14
3082505   0357       34.67
3083006   0357       54.58
3083065   0357       63.38
3083457   0357       71.30
3083843   0357       60.58
3084868   0357       55.23
3084978   0357       51.42
3085009   0357       48.35
3085276   0357       48.14
3090485   0357       32.26
3156003   0357       32.33
3234299   0357       48.14
3245420   0357       54.58
3314884   0357       20.37
3315121   0357       63.38
3315781   0357       63.38
3317339   0357       32.30
3317520   0357       47.27
3318589   0357       33.88
3318694   0357       32.13
3318719   0357       55.23
3319659   0357       60.58
3320986   0357       54.58
3322128   0357       51.23
3322284   0357       57.66
3322381   0357       56.30
3324084   0357       41.32
3324110   0357       40.88
3324403   0357       44.70
3329806   0357       63.88
3353242   0357       33.76
3457632   0357       29.45
3528540   0357       32.93
3533360   0357       34.33
3535445   0357       56.13
3535676   0357       56.17
3535838   0357       62.45
3538837   0357       32.89
3539352   0357       59.87
3541739   0357       44.98
3541975   0357       18.61
3542004   0357       46.44
3542015   0357       21.32
3554092   0357       51.42
3593839   0357       49.05
3598528   0357       56.92
3710064   0357       36.64
3759377   0357       65.43
3784066   0357       36.67
3784441   0357       33.70
3785251   0357       44.61
3792247   0357       48.50
3830110   0357       69.16
3855157   0357       18.61
3855577   0357       54.58
3856978   0357       63.22
3857004   0357       48.35
3857220   0357       44.24
3857667   0357       64.37
3857878   0357       61.17
3858323   0357       88.49
3858856   0357       46.44
3859230   0357       47.66
3864991   0357       32.48
3875055   0357       41.32
3877925   0357       92.88
3878006   0357       36.64
3963688   0357       36.78
3964093   0357       41.32
3964337   0357       73.68
3965704   0357       51.11
3969513   0357       30.53
4001934   0357       35.30
4064149   0357       29.41
4065177   0357       60.58
4065584   0357       41.32
4065648   0357       39.39
4066245   0357       59.98
4067118   0357       30.34
4067735   0357       36.64
4067795   0357       59.12
4068788   0357       30.37
4071074   0357       58.12
4071241   0357       30.58
4107436   0357       36.64
4191539   0357       40.63
4193094   0357      100.90
4194671   0357       32.63
4195654   0357       61.98
4199927   0357       19.17
4200911   0357       57.13
4238916   0357       72.95
430240    0357       63.38
4317775   0357       46.44
4373204   0357       46.44
4373479   0357       30.37
4375498   0357       57.82
4375998   0357       62.17
4376813   0357       39.56
4377201   0357       63.55
437803    0357       54.58
4378140   0357       31.69
4378236   0357       63.13
4378283   0357       44.61
4378759   0357       46.44
4379154   0357       68.55
4381341   0357       51.88
4381614   0357       42.35
4382400   0357       60.82
4383023   0357       46.44
4383200   0357       68.50
4385047   0357       66.37
4386936   0357       52.03
4387777   0357       91.60
439023    0357       26.87
4409485   0357       46.44
4409788   0357       58.82
4409789   0357       84.70
4414417   0357       34.43
4414541   0357       49.91
4414909   0357       63.86
4415675   0357       55.86
443869    0357       54.58
4609506   0357       32.55
4610129   0357       59.42
4720170   0357       63.53
4720923   0357       41.32
4721016   0357       42.35
4721639   0357       63.38
4722680   0357       62.42
4722814   0357       19.37
4723168   0357       56.55
4723276   0357       36.64
4723403   0357       62.06
4724433   0357       66.20
4725919   0357       92.88
4727740   0357       36.64
4728331   0357       57.54
4729448   0357       19.30
4729575   0357       25.96
4730168   0357       46.44
4730490   0357       52.21
4730823   0357       38.69
4731322   0357       46.44
4731494   0357       37.11
4732090   0357       31.02
4732618   0357       39.56
4734527   0357       39.56
4734940   0357       42.35
4735505   0357       63.38
4738424   0357       54.58
4739546   0357       88.02
4739796   0357       46.44
4754833   0357       97.77
4803744   0357       46.44
4805842   0357       41.32
4827213   0357       30.73
4853128   0357       45.76
4882144   0357       20.87
5017295   0357       36.64
5022967   0357       63.75
5237805   0357       41.32
5238236   0357       65.43
5239261   0357       32.94
5240821   0357       43.91
5242545   0357       50.36
5244302   0357       33.03
5244483   0357       36.64
5244484   0357       37.11
5244765   0357       33.87
5245261   0357       46.44
5248926   0357       34.83
5248954   0357       38.17
5249259   0357       41.32
5249817   0357       46.44
5250965   0357       55.48
5251153   0357       37.02
5251214   0357       32.27
5252606   0357       92.88
5253930   0357       72.55
5254613   0357       39.44
5254952   0357       54.94
5255567   0357       41.32
5255641   0357       46.44
5257069   0357       31.90
5257175   0357       60.11
5257421   0357       52.03
5257727   0357      103.29
5257774   0357       41.32
5259121   0357       68.81
5259785   0357       48.09
5261116   0357       39.56
5261139   0357       41.32
5261250   0357       41.73
5261418   0357       31.26
5261643   0357       42.35
5263470   0357       49.34
5344986   0357       42.35
5435450   0357       39.56
5436619   0357       46.44
5436795   0357       21.05
5438690   0357       42.35
5439480   0357       41.32
5439865   0357      130.08
5458236   0357       39.56
5461455   0357       60.11
5605414   0357       82.63
5658043   0357       41.32
5688352   0357       41.32
5765952   0357       41.32
5779173   0357       41.32
5915261   0357       54.58
5921128   0357       41.32
5921800   0357       42.35
5923624   0357       46.44
5925143   0357       46.44
5925949   0357       18.62
5929492   0357       41.32
5935536   0357      116.10
5938630   0357       41.32
5938995   0357       41.32
6044716   0357       61.97
6125595   0357      105.88
6127630   0357       35.15
6238388   0357       58.12
6394853   0357       24.76
64800     0357       48.14
6537141   0357       57.70
6573443   0357       38.12
6573855   0357       52.03
6573893   0357       39.56
6575243   0357       36.64
6575301   0357       41.32
6584406   0357      121.63
6634354   0357       41.32
6689708   0357       41.32
6690236   0357       41.32
6701343   0357       41.32
6701344   0357       41.32
6701453   0357       41.32
673822    0357       60.58
6841910   0357       42.35
7076647   0357       41.32
7211860   0357       46.44
7240399   0357       41.32
7300376   0357       42.35
7301470   0357       63.68
7305494   0357       60.28
7305781   0357       51.11
7308623   0357       33.79
7309317   0357       42.35
7309375   0357       36.64
7310425   0357       52.03
7310959   0357       44.61
7311233   0357       32.35
7311255   0357       42.35
7312149   0357       41.32
7313189   0357       55.55
7314050   0357       42.35
7314987   0357       52.03
7315048   0357       46.44
7315058   0357      103.29
7315331   0357       41.32
7316059   0357       52.03
7316139   0357       46.44
7316607   0357       37.00
7316959   0357       83.10
7317744   0357      126.75
7318041   0357       36.10
7319649   0357       92.88
7321787   0357       36.64
7322304   0357       36.64
7322780   0357       39.56
7322794   0357       42.80
7324725   0357       56.30
7325664   0357       29.46
7325721   0357       61.12
7325722   0357       44.03
7325778   0357       18.75
7328421   0357       42.35
7330948   0357       41.32
7331943   0357       36.64
7332202   0357       42.35
7332734   0357       90.17
7333145   0357       46.44
7333526   0357       84.70
7335642   0357       41.32
7337422   0357       27.87
7337778   0357       42.35
7338055   0357       52.03
7340200   0357       57.66
7340742   0357       51.23
7340989   0357       42.35
7342107   0357       36.64
7342680   0357       54.58
7343605   0357       42.35
7344290   0357       36.64
7344465   0357       73.28
7347856   0357       44.24
7348137   0357       42.35
7348986   0357       41.32
7349428   0357      145.30
7349843   0357       42.35
7350162   0357       32.80
7350273   0357       36.64
7351297   0357       25.20
7352317   0357       36.64
7353364   0357       84.70
7353377   0357       41.32
7354064   0357       42.35
7354848   0357       18.75
7355837   0357       82.46
7355928   0357       47.77
7359478   0357       46.44
7360346   0357       39.56
7360517   0357       41.32
7363171   0357       27.12
7363652   0357       41.32
7365166   0357       37.65
7365545   0357       36.64
7367276   0357       42.35
7368710   0357       84.70
7369018   0357       41.32
7371154   0357       41.32
7372156   0357       42.35
7372973   0357       28.95
7373089   0357       39.56
7373215   0357       52.03
7374243   0357       39.56
7374616   0357       40.17
7377030   0357       39.56
7377579   0357       41.32
7379256   0357       73.28
7380616   0357       42.35
7381553   0357       41.32
7382148   0357       33.47
7382532   0357       42.35
7384964   0357       41.32
7387544   0357       82.63
7388038   0357       42.35
7388080   0357       41.32
7388125   0357       46.44
7388199   0357       59.33
7389581   0357       41.32
7391472   0357       36.64
7392153   0357      116.10
7393061   0357       36.64
7393144   0357       84.70
7395742   0357       18.61
7396051   0357       61.97
7398038   0357       23.62
7400031   0357       41.32
7401094   0357       41.32
7401380   0357       41.32
7401853   0357       42.35
7403123   0357       42.35
7403188   0357       36.64
7403563   0357       36.64
7406353   0357       41.32
7408531   0357       41.32
7409730   0357       36.64
7410177   0357       58.12
7412535   0357       46.44
7412738   0357       39.56
7415285   0357       58.12
7415448   0357       41.32
7416870   0357       42.35
7417289   0357       84.70
7417791   0357       82.63
7418898   0357       42.35
7418939   0357       42.35
7419340   0357       36.64
7419740   0357       42.35
7419800   0357       41.32
7419866   0357       91.60
7420316   0357       41.32
7420429   0357       46.44
7423108   0357       46.44
7423415   0357       41.32
7423444   0357       41.32
7425063   0357       42.35
7425430   0357       41.32
7425900   0357       36.64
7426046   0357       41.32
7427359   0357       42.35
7427520   0357       41.32
7429274   0357       41.32
7432253   0357       46.44
7434591   0357      103.29
7435158   0357      105.88
7436077   0357       73.28
7436996   0357       41.32
7437806   0357       42.35
7437808   0357       42.35
7438450   0357       41.32
7439597   0357      104.06
7439617   0357       41.32
7439629   0357       41.32
7440809   0357       19.72
7442445   0357       41.32
7444497   0357       63.53
7444651   0357       46.44
7444842   0357       41.32
7444889   0357      104.06
7445661   0357       39.56
7446382   0357       46.44
7446644   0357       41.32
7447067   0357      103.29
7447334   0357       52.03
7447992   0357       42.35
7449457   0357       39.56
7455429   0357       41.32
7455588   0357       41.32
7461704   0357       41.32
7465820   0357      103.29
7465910   0357       41.32
7466779   0357       38.11
7466870   0357       41.32
7502836   0357       32.27
7548386   0357       39.56
7548420   0357       36.64
770342    0357       54.58
7917981   0357       41.32
7981510   0357       46.44
7982728   0357       42.35
7982865   0357       46.44
7983170   0357       42.35
7984159   0357       41.32
7985605   0357       21.65
7988969   0357       41.32
8054279   0357       39.56
8064487   0357       53.09
8068577   0357       30.25
8069571   0357       41.32
8140450   0357       21.27
8594315   0357       41.32
8718789   0357       82.63
8734286   0357       46.44
9066082   0357       48.09
9100619   0357       41.32
9211039   0357       36.64
9261804   0357       46.44
9317884   0357       92.88
9433060   0357       41.32
9540404   0357       46.44
9540845   0357       78.05
9542018   0357       46.44
9542237   0357       36.64
9543174   0357       41.32
9543530   0357       32.77
9544179   0357       41.32
9544345   0357       39.56
9544429   0357       46.44
9544827   0357       46.44
9545198   0357       52.21
9545952   0357       70.15
9546474   0357       41.32
9547148   0357       36.64
9551389   0357       41.32
9552709   0357       42.35
9553039   0357       41.32
9553047   0357       36.64
9553149   0357       42.35
9555077   0357       37.57
9555609   0357       42.35
9555641   0357       41.32
9557148   0357      104.06
9557803   0357       39.56
9557875   0357       42.35
9557894   0357       35.32
9558628   0357       39.56
9560453   0357       42.35
9570736   0357       41.32
9572755   0357       41.32
9577605   0357       41.32
9601343   0357      103.29
9603154   0357       39.56
9603683   0357       41.32
9603870   0357       18.61
9604166   0357       36.64
9604592   0357       87.18
9607091   0357       48.35
9608547   0357       41.32
9609337   0357       42.35
9609338   0357       82.63
9612117   0357       73.54
9612530   0357      103.29
9612692   0357       41.32
9614364   0357       73.28
9615563   0357       41.32
9615964   0357       41.32
9617493   0357       73.28
9620242   0357       92.88
9620248   0357      104.06
9620376   0357       41.32
9620599   0357       46.44
9620701   0357       36.64
9620720   0357       36.64
9621777   0357       42.35
9622347   0357       41.32
9624370   0357       58.12
9624596   0357       42.35
9625361   0357       41.32
9625933   0357       82.63
9626082   0357       41.32
9626215   0357       36.64
9627150   0357      116.10
9627523   0357       82.63
9627724   0357       42.35
9629963   0357       46.44
9631462   0357       46.44
9634554   0357       41.32
9634674   0357       41.32
9636806   0357       42.35
9638320   0357       41.32
9639201   0357       36.64
9845319   0357       39.56
9846320   0357       46.44
9847068   0357       36.64
9847350   0357       41.32
9848693   0357       36.64
9850403   0357       41.32
9851111   0357       41.32
9851993   0357       41.32
10107724  3357       58.12
10120357  3357       41.32
10121866  3357       46.44
10125466  3357       42.35
10126656  3357       41.32
10141786  3357       46.44
10312414  3357       36.64
10373550  3357       41.32
10639752  3357       42.35
10726693  3357       41.32
10760806  3357       42.35
10764554  3357       46.44
10770124  3357       41.32
10772668  3357       42.35
10774121  3357       46.44
10775520  3357       36.64
10776516  3357       58.12
10776915  3357       42.35
10777482  3357       42.35
10777645  3357       41.32
10778464  3357       42.35
10779723  3357       41.32
10784623  3357       41.32
10794552  3357       41.32
10820078  3357       46.44
10840266  3357       41.32
10841061  3357       39.56
10841823  3357       58.12
10842205  3357       41.32
10843324  3357       41.32
10844575  3357       58.12
10844947  3357       41.32
10845717  3357       42.35
10845943  3357       58.12
10846474  3357       41.32
10846532  3357       46.44
10846629  3357       41.32
10846940  3357       41.32
10846985  3357       41.32
10847648  3357       42.35
10848158  3357       52.03
10849906  3357       41.32
10849907  3357       46.44
10860593  3357       41.32
10903693  3357       42.35
10959957  3357       41.32
10960021  3357       41.32
10963442  3357       46.44
10963957  3357       46.44
10964062  3357       41.32
1108218   3357       57.66
1112379   3357       54.58
1115136   3357       36.75
11163187  3357       42.35
11177533  3357       42.35
11260715  3357       41.32
11261772  3357       58.12
11262378  3357       41.32
11263756  3357       42.35
11264465  3357       41.32
11264550  3357       36.64
11265496  3357       41.32
11265527  3357       46.44
11266390  3357       41.32
11267811  3357       36.64
11267932  3357       42.35
11268437  3357       58.12
11269196  3357       52.03
1129535   3357       50.89
11414487  3357       46.44
11425214  3357       41.32
11425449  3357       41.32
11426462  3357       36.64
11428034  3357       36.64
11428889  3357       41.32
11429539  3357       41.32
11429792  3357       42.35
11429991  3357       41.32
11430700  3357       41.32
11433167  3357       41.32
11433865  3357       41.32
11434350  3357       41.32
11546168  3357       36.64
11580362  3357       46.44
11584952  3357       41.32
11586448  3357       41.32
11589730  3357       41.32
11594236  3357       58.12
11594524  3357       42.35
11596252  3357       41.32
11597667  3357       41.32
11598121  3357       39.56
11598207  3357       42.35
11598956  3357       39.56
11633896  3357       39.56
11645810  3357       41.32
11651035  3357       41.32
11651090  3357       41.32
11652405  3357       41.32
11653864  3357       41.32
11694358  3357       42.35
11694758  3357       41.32
11695394  3357       42.35
11749469  3357       41.32
11783201  3357       46.44
11783366  3357       58.12
11784637  3357       42.35
11786325  3357       58.12
11786432  3357       39.56
11787653  3357       41.32
11787807  3357       41.32
11788587  3357       46.44
11788630  3357       46.44
11790273  3357       41.32
11790818  3357       41.32
11791177  3357       41.32
11792506  3357       42.35
11792846  3357       41.32
118087    3357       96.41
11878930  3357       41.32
11879419  3357       46.44
11879750  3357       46.44
11881224  3357       58.12
11881668  3357       42.35
11881669  3357       42.35
11882080  3357       36.64
11882720  3357       58.12
11883300  3357       41.32
11949766  3357       58.12
12011761  3357       58.12
12018571  3357       36.64
12018729  3357       42.35
12018852  3357       41.32
12019816  3357       36.64
12020535  3357       52.03
12021559  3357       46.44
12021966  3357       41.32
12022428  3357       46.44
12023306  3357       52.03
12023981  3357       41.32
12024178  3357       41.32
12024179  3357       41.32
12025294  3357       41.32
12025488  3357       42.35
12025491  3357       42.35
12026565  3357       41.32
12027093  3357       41.32
12027260  3357       41.32
12027527  3357       42.35
12027928  3357       42.35
12027973  3357       46.44
12080554  3357       41.32
1218058   3357       48.50
12241212  3357       42.35
12242270  3357       41.32
12243077  3357       42.35
12244707  3357       42.35
12247738  3357       41.32
12248400  3357       42.35
12248755  3357       46.44
12248784  3357       39.56
12248960  3357       41.32
12249178  3357       58.12
12279667  3357       41.32
12314254  3357       52.03
1232375   3357       77.99
12369466  3357       41.32
12370670  3357       52.03
1239070   3357       57.66
12434895  3357       39.56
12435304  3357       41.32
12435757  3357       42.35
12435759  3357       41.32
12527456  3357       36.64
12534356  3357       41.32
12536172  3357       41.32
12536549  3357       52.03
1254062   3357       60.58
1257983   3357       51.42
1258658   3357       54.58
1259324   3357       60.58
1260432   3357       54.58
1261562   3357       60.58
1262953   3357       34.53
1263302   3357       63.38
1263303   3357       54.58
1263991   3357       75.58
1265436   3357       54.58
1266723   3357       18.62
12691465  3357       41.32
1269356   3357       51.42
12698409  3357       42.35
12698965  3357       42.35
12700553  3357       36.64
12701276  3357       41.32
12701301  3357       42.35
12702273  3357       36.64
12704473  3357       39.56
12704482  3357       46.44
12704649  3357       41.32
12704927  3357       41.32
12705860  3357       41.32
12706171  3357       41.32
12706774  3357       46.44
12707136  3357       41.32
1272390   3357       60.58
1273369   3357       50.14
1277938   3357       60.58
1278407   3357       54.58
12848719  3357       41.32
12849330  3357       52.03
12851330  3357       41.32
12852888  3357       41.32
12858616  3357       41.32
12878256  3357       41.32
12884972  3357       41.32
12934142  3357       36.64
12934525  3357       42.35
12935305  3357       41.32
12935606  3357       41.32
13032012  3357       42.35
13032033  3357       41.32
13034237  3357       41.32
13035222  3357       58.12
13084488  3357       39.56
13084886  3357       36.64
13180551  3357       41.32
1318484   3357       57.66
13187744  3357       41.32
13187816  3357       39.56
13188137  3357       39.56
13188604  3357       39.56
13264411  3357       41.32
13265462  3357       42.35
13265946  3357       41.32
13266369  3357       41.32
13268000  3357       42.35
13268185  3357       42.35
13268457  3357       36.64
13268537  3357       41.32
13343258  3357       42.35
13346269  3357       42.35
13408041  3357       39.56
13510172  3357       39.56
13510180  3357       42.35
13527636  3357       46.44
13566631  3357       58.12
13643981  3357       42.35
13643982  3357       42.35
13644051  3357       41.32
13644555  3357       42.35
13644665  3357       41.32
13644680  3357       46.44
13652653  3357       42.35
13674854  3357       46.44
13678214  3357       41.32
13678857  3357       42.35
13679940  3357       41.32
13724134  3357       41.32
13774187  3357       42.35
13774684  3357       41.32
13775452  3357       42.35
13775808  3357       42.35
13777181  3357       42.35
13785046  3357       42.35
13785661  3357       41.32
13785997  3357       36.64
13786181  3357       41.32
13787208  3357       41.32
13787741  3357       42.35
13842354  3357       41.32
13843775  3357       41.32
13856268  3357       41.32
13867427  3357       41.32
13868652  3357       41.32
13880177  3357       42.35
13880981  3357       41.32
13905892  3357       42.35
13986119  3357       41.32
13990906  3357       46.44
14003086  3357       36.64
14030527  3357       42.35
14031045  3357       41.32
14031497  3357       41.32
1404429   3357       37.42
14093727  3357       41.32
14094806  3357       46.44
14143188  3357       36.64
14159223  3357       42.35
14176129  3357       41.32
14176671  3357       41.32
14270811  3357       42.35
14293118  3357       41.32
1431183   3357       54.58
14335445  3357       36.64
14335539  3357       41.32
1433726   3357       54.58
14372299  3357       46.44
14372818  3357       28.01
14376347  3357       41.32
14398946  3357       41.32
14399267  3357       39.56
14405196  3357       41.32
14405401  3357       41.32
14513487  3357       42.35
14590375  3357       39.56
14607589  3357       39.56
14648947  3357       41.32
14649126  3357       42.35
14810540  3357       41.32
14825867  3357       41.32
14877620  3357       41.32
14877805  3357       46.44
14877859  3357       52.03
14879704  3357       42.35
14880827  3357       46.44
15170350  3357       39.56
15177340  3357       46.44
15177867  3357       42.35
15306151  3357       36.64
15306996  3357       36.64
15352095  3357       41.32
15444811  3357       46.44
15448608  3357       41.32
15597541  3357       42.35
15598043  3357       42.35
15598319  3357       41.32
15598510  3357       41.32
15598933  3357       42.35
15599928  3357       39.56
15668151  3357       41.32
15668851  3357       39.56
15690244  3357       42.35
15729233  3357       41.32
15729536  3357       39.56
15778630  3357       41.32
15827139  3357       46.44
15959808  3357       42.35
16001576  3357       42.35
16137706  3357       36.64
16138119  3357       41.32
1631390   3357       32.64
16324090  3357       41.32
16594051  3357       39.56
16641426  3357       36.64
16736267  3357       41.32
16770549  3357       41.32
16788972  3357       41.32
16796439  3357       42.35
17011869  3357       41.32
17012587  3357       41.32
17019549  3357       41.32
17033230  3357       42.35
17033256  3357       42.35
17104175  3357       41.32
17306742  3357       42.35
1737075   3357       57.66
17379215  3357       39.56
17504786  3357       39.56
17572385  3357       41.32
17574055  3357       39.56
17626132  3357       39.56
1763812   3357       34.53
1764349   3357       63.38
1765295   3357       96.17
1769938   3357       56.51
17965237  3357       41.32
18058393  3357       42.35
18059918  3357       41.32
18263579  3357       41.32
18263756  3357       41.32
1834693   3357       18.62
18471327  3357       41.32
18618969  3357       42.35
18656459  3357       41.32
18785684  3357       42.35
18950730  3357       42.35
1906129   3357       54.58
19166206  3357       42.35
19262723  3357       41.32
1926999   3357       51.42
19324610  3357       41.32
19827450  3357       42.35
19850185  3357       42.35
19973112  3357       41.32
20187870  3357       39.56
20189202  3357       52.03
20235584  3357       39.56
2030572   3357       57.66
2033664   3357       44.70
20348834  3357       42.35
20351464  3357       41.32
21140944  3357       42.35
2130876   3357       63.38
2157417   3357       44.70
2186056   3357       57.66
2189077   3357       81.99
2196831   3357       60.58
2198274   3357       46.98
2198799   3357       57.66
2199826   3357       60.58
2272067   3357       63.38
23156662  3357       42.83
2376223   3357       44.17
2380275   3357       51.42
2384661   3357       54.58
2529886   3357       54.58
2532585   3357       63.38
2533320   3357       47.77
2533977   3357       59.35
2534786   3357       20.37
2535843   3357       51.42
2536373   3357       51.42
2536795   3357       49.72
2538821   3357       53.22
2539607   3357       51.42
2539943   3357       63.38
2541142   3357       54.58
2541439   3357       37.00
2541709   3357       53.90
2543654   3357       54.58
2543932   3357       60.58
2592064   3357       51.43
2592966   3357       60.58
2593377   3357       48.99
2593686   3357       57.66
2596405   3357       42.35
2597854   3357       60.11
2598033   3357       66.20
2598872   3357       59.42
2601437   3357       54.04
2603046   3357       63.88
2605117   3357       45.17
2605164   3357       59.42
2605539   3357       26.07
2605823   3357       18.61
2607322   3357       32.65
2608233   3357       31.85
2608304   3357       55.55
2608554   3357       60.11
2684589   3357       54.58
2741170   3357       48.77
2854705   3357       57.66
2870837   3357       61.55
2910376   3357       63.38
2910432   3357       56.51
2911765   3357       57.66
2912407   3357       63.38
2912692   3357       44.70
2913757   3357       56.55
2913809   3357       63.38
2914272   3357       53.53
2915293   3357       63.38
2915714   3357       54.58
2915780   3357       63.20
2916102   3357       20.37
2916362   3357       61.54
2916467   3357       60.58
2916786   3357       57.66
2918280   3357       54.58
2992913   3357       63.38
3035349   3357       54.58
3039370   3357       51.17
3080057   3357       44.70
3080311   3357       54.58
3080984   3357       41.32
3081351   3357       50.14
3082505   3357       34.67
3083006   3357       54.58
3083065   3357       63.38
3083457   3357       71.30
3083843   3357       60.58
3084868   3357       55.23
3084978   3357       51.42
3085009   3357       48.35
3085276   3357       48.14
3090485   3357       32.26
3156003   3357       32.33
3234299   3357       48.14
3245420   3357       54.58
3314884   3357       20.37
3315121   3357       63.38
3315781   3357       63.38
3317339   3357       32.30
3317520   3357       47.27
3318589   3357       33.88
3318694   3357       32.13
3318719   3357       55.23
3319659   3357       60.58
3320986   3357       54.58
3322128   3357       51.23
3322284   3357       57.66
3322381   3357       56.30
3324084   3357       41.32
3324110   3357       40.88
3324403   3357       44.70
3329806   3357       63.88
3353242   3357       33.76
3457632   3357       29.45
3528540   3357       32.93
3533360   3357       34.33
3535445   3357       56.13
3535676   3357       56.17
3535838   3357       62.45
3538837   3357       32.89
3539352   3357       59.87
3541739   3357       44.98
3541975   3357       18.61
3542004   3357       46.44
3542015   3357       21.32
3554092   3357       51.42
3593839   3357       49.05
3598528   3357       56.92
3710064   3357       36.64
3759377   3357       65.43
3784066   3357       36.67
3784441   3357       33.70
3785251   3357       44.61
3792247   3357       48.50
3830110   3357       69.16
3855157   3357       18.61
3855577   3357       54.58
3856978   3357       63.22
3857004   3357       48.35
3857220   3357       44.24
3857667   3357       64.37
3857878   3357       61.17
3858323   3357       44.24
3858856   3357       46.44
3859230   3357       31.77
3864991   3357       32.48
3875055   3357       41.32
3877925   3357       46.44
3878006   3357       36.64
3963688   3357       36.78
3964093   3357       41.32
3964337   3357       73.68
3965704   3357       51.11
3969513   3357       30.53
4001934   3357       35.30
4064149   3357       29.41
4065177   3357       60.58
4065584   3357       41.32
4065648   3357       39.39
4066245   3357       59.98
4067118   3357       30.34
4067735   3357       36.64
4067795   3357       59.12
4068788   3357       30.37
4071074   3357       58.12
4071241   3357       30.58
4107436   3357       36.64
4191539   3357       40.63
4193094   3357       40.36
4194671   3357       32.63
4195654   3357       61.98
4199927   3357       19.17
4200911   3357       57.13
4238916   3357       72.95
430240    3357       63.38
4317775   3357       46.44
4373204   3357       46.44
4373479   3357       30.37
4375498   3357       57.82
4375998   3357       62.17
4376813   3357       39.56
4377201   3357       63.55
437803    3357       54.58
4378140   3357       31.69
4378236   3357       63.13
4378283   3357       44.61
4378759   3357       46.44
4379154   3357       68.55
4381341   3357       51.88
4381614   3357       42.35
4382400   3357       40.54
4383023   3357       46.44
4383200   3357       68.50
4385047   3357       66.37
4386936   3357       52.03
4387777   3357       36.64
439023    3357       26.87
4409485   3357       46.44
4409788   3357       58.82
4409789   3357       42.35
4414417   3357       34.43
4414541   3357       49.91
4414909   3357       63.86
4415675   3357       55.86
443869    3357       54.58
4609506   3357       32.55
4610129   3357       59.42
4720170   3357       42.35
4720923   3357       41.32
4721016   3357       42.35
4721639   3357       63.38
4722680   3357       62.42
4722814   3357       19.37
4723168   3357       56.55
4723276   3357       36.64
4723403   3357       62.06
4724433   3357       66.20
4725919   3357       46.44
4727740   3357       36.64
4728331   3357       57.54
4729448   3357       19.30
4729575   3357       25.96
4730168   3357       46.44
4730490   3357       52.21
4730823   3357       38.69
4731322   3357       46.44
4731494   3357       37.11
4732090   3357       31.02
4732618   3357       39.56
4734527   3357       39.56
4734940   3357       42.35
4735505   3357       63.38
4738424   3357       54.58
4739546   3357       88.02
4739796   3357       46.44
4754833   3357       97.77
4803744   3357       46.44
4805842   3357       41.32
4827213   3357       30.73
4853128   3357       45.76
4882144   3357       20.87
5017295   3357       36.64
5022967   3357       63.75
5237805   3357       41.32
5238236   3357       65.43
5239261   3357       32.94
5240821   3357       43.91
5242545   3357       50.36
5244302   3357       33.03
5244483   3357       36.64
5244484   3357       37.11
5244765   3357       33.87
5245261   3357       46.44
5248926   3357       34.83
5248954   3357       38.17
5249259   3357       41.32
5249817   3357       46.44
5250965   3357       55.48
5251153   3357       37.02
5251214   3357       32.27
5252606   3357       46.44
5253930   3357       72.55
5254613   3357       39.44
5254952   3357       54.94
5255567   3357       41.32
5255641   3357       46.44
5257069   3357       31.90
5257175   3357       60.11
5257421   3357       52.03
5257727   3357       41.32
5257774   3357       41.32
5259121   3357       68.81
5259785   3357       48.09
5261116   3357       39.56
5261139   3357       41.32
5261250   3357       41.73
5261418   3357       31.26
5261643   3357       42.35
5263470   3357       49.34
5344986   3357       42.35
5435450   3357       39.56
5436619   3357       46.44
5436795   3357       21.05
5438690   3357       42.35
5439480   3357       41.32
5439865   3357       52.03
5458236   3357       39.56
5461455   3357       60.11
5605414   3357       41.32
5658043   3357       41.32
5688352   3357       41.32
5765952   3357       41.32
5779173   3357       41.32
5915261   3357       54.58
5921128   3357       41.32
5921800   3357       42.35
5923624   3357       46.44
5925143   3357       46.44
5925949   3357       18.62
5929492   3357       41.32
5935536   3357       46.44
5938630   3357       41.32
5938995   3357       41.32
6044716   3357       41.32
6125595   3357       42.35
6127630   3357       35.15
6238388   3357       58.12
6394853   3357       24.76
64800     3357       48.14
6537141   3357       57.70
6573443   3357       38.12
6573855   3357       52.03
6573893   3357       39.56
6575243   3357       36.64
6575301   3357       41.32
6584406   3357       48.65
6634354   3357       41.32
6689708   3357       41.32
6690236   3357       41.32
6701343   3357       41.32
6701344   3357       41.32
6701453   3357       41.32
673822    3357       60.58
6841910   3357       42.35
7076647   3357       41.32
7211860   3357       46.44
7240399   3357       41.32
7300376   3357       42.35
7301470   3357       63.68
7305494   3357       60.28
7305781   3357       51.11
7308623   3357       33.79
7309317   3357       42.35
7309375   3357       36.64
7310425   3357       52.03
7310959   3357       44.61
7311233   3357       32.35
7311255   3357       42.35
7312149   3357       41.32
7313189   3357       55.55
7314050   3357       42.35
7314987   3357       52.03
7315048   3357       46.44
7315058   3357       41.32
7315331   3357       41.32
7316059   3357       52.03
7316139   3357       46.44
7316607   3357       37.00
7316959   3357       41.55
7317744   3357       63.38
7318041   3357       36.10
7319649   3357       46.44
7321787   3357       36.64
7322304   3357       36.64
7322780   3357       39.56
7322794   3357       42.80
7324725   3357       56.30
7325664   3357       29.46
7325721   3357       61.12
7325722   3357       44.03
7325778   3357       18.75
7328421   3357       42.35
7330948   3357       41.32
7331943   3357       36.64
7332202   3357       42.35
7332734   3357       60.11
7333145   3357       46.44
7333526   3357       42.35
7335642   3357       41.32
7337422   3357       27.87
7337778   3357       42.35
7338055   3357       52.03
7340200   3357       57.66
7340742   3357       51.23
7340989   3357       42.35
7342107   3357       36.64
7342680   3357       54.58
7343605   3357       42.35
7344290   3357       36.64
7344465   3357       36.64
7347856   3357       44.24
7348137   3357       42.35
7348986   3357       41.32
7349428   3357       58.12
7349843   3357       42.35
7350162   3357       32.80
7350273   3357       36.64
7351297   3357       25.20
7352317   3357       36.64
7353364   3357       42.35
7353377   3357       41.32
7354064   3357       42.35
7354848   3357       18.75
7355837   3357       32.98
7355928   3357       47.77
7359478   3357       46.44
7360346   3357       39.56
7360517   3357       41.32
7363171   3357       27.12
7363652   3357       41.32
7365166   3357       37.65
7365545   3357       36.64
7367276   3357       42.35
7368710   3357       42.35
7369018   3357       41.32
7371154   3357       41.32
7372156   3357       42.35
7372973   3357       28.95
7373089   3357       39.56
7373215   3357       52.03
7374243   3357       39.56
7374616   3357       40.17
7377030   3357       39.56
7377579   3357       41.32
7379256   3357       36.64
7380616   3357       42.35
7381553   3357       41.32
7382148   3357       33.47
7382532   3357       42.35
7384964   3357       41.32
7387544   3357       41.32
7388038   3357       42.35
7388080   3357       41.32
7388125   3357       46.44
7388199   3357       39.56
7389581   3357       41.32
7391472   3357       36.64
7392153   3357       46.44
7393061   3357       36.64
7393144   3357       42.35
7395742   3357       18.61
7396051   3357       41.32
7398038   3357       23.62
7400031   3357       41.32
7401094   3357       41.32
7401380   3357       41.32
7401853   3357       42.35
7403123   3357       42.35
7403188   3357       36.64
7403563   3357       36.64
7406353   3357       41.32
7408531   3357       41.32
7409730   3357       36.64
7410177   3357       58.12
7412535   3357       46.44
7412738   3357       39.56
7415285   3357       58.12
7415448   3357       41.32
7416870   3357       42.35
7417289   3357       42.35
7417791   3357       41.32
7418898   3357       42.35
7418939   3357       42.35
7419340   3357       36.64
7419740   3357       42.35
7419800   3357       41.32
7419866   3357       36.64
7420316   3357       41.32
7420429   3357       46.44
7423108   3357       46.44
7423415   3357       41.32
7423444   3357       41.32
7425063   3357       42.35
7425430   3357       41.32
7425900   3357       36.64
7426046   3357       41.32
7427359   3357       42.35
7427520   3357       41.32
7429274   3357       41.32
7432253   3357       46.44
7434591   3357       41.32
7435158   3357       42.35
7436077   3357       36.64
7436996   3357       41.32
7437806   3357       42.35
7437808   3357       42.35
7438450   3357       41.32
7439597   3357       52.03
7439617   3357       41.32
7439629   3357       41.32
7440809   3357       19.72
7442445   3357       41.32
7444497   3357       42.35
7444651   3357       46.44
7444842   3357       41.32
7444889   3357       52.03
7445661   3357       39.56
7446382   3357       46.44
7446644   3357       41.32
7447067   3357       41.32
7447334   3357       52.03
7447992   3357       42.35
7449457   3357       39.56
7455429   3357       41.32
7455588   3357       41.32
7461704   3357       41.32
7465820   3357       41.32
7465910   3357       41.32
7466779   3357       38.11
7466870   3357       41.32
7502836   3357       32.27
7548386   3357       39.56
7548420   3357       36.64
770342    3357       54.58
7917981   3357       41.32
7981510   3357       46.44
7982728   3357       42.35
7982865   3357       46.44
7983170   3357       42.35
7984159   3357       41.32
7985605   3357       21.65
7988969   3357       41.32
8054279   3357       39.56
8064487   3357       26.54
8068577   3357       30.25
8069571   3357       41.32
8140450   3357       21.27
8594315   3357       41.32
8718789   3357       41.32
8734286   3357       46.44
9066082   3357       48.09
9100619   3357       41.32
9211039   3357       36.64
9261804   3357       46.44
9317884   3357       46.44
9433060   3357       41.32
9540404   3357       46.44
9540845   3357       52.03
9542018   3357       46.44
9542237   3357       36.64
9543174   3357       41.32
9543530   3357       32.77
9544179   3357       41.32
9544345   3357       39.56
9544429   3357       46.44
9544827   3357       46.44
9545198   3357       52.21
9545952   3357       70.15
9546474   3357       41.32
9547148   3357       36.64
9551389   3357       41.32
9552709   3357       42.35
9553039   3357       41.32
9553047   3357       36.64
9553149   3357       42.35
9555077   3357       37.57
9555609   3357       42.35
9555641   3357       41.32
9557148   3357       52.03
9557803   3357       39.56
9557875   3357       42.35
9557894   3357       35.32
9558628   3357       39.56
9560453   3357       42.35
9570736   3357       41.32
9572755   3357       41.32
9577605   3357       41.32
9601343   3357       41.32
9603154   3357       39.56
9603683   3357       41.32
9603870   3357       18.61
9604166   3357       36.64
9604592   3357       58.12
9607091   3357       48.35
9608547   3357       41.32
9609337   3357       42.35
9609338   3357       41.32
9612117   3357       73.54
9612530   3357       41.32
9612692   3357       41.32
9614364   3357       36.64
9615563   3357       41.32
9615964   3357       41.32
9617493   3357       36.64
9620242   3357       46.44
9620248   3357       52.03
9620376   3357       41.32
9620599   3357       46.44
9620701   3357       36.64
9620720   3357       36.64
9621777   3357       42.35
9622347   3357       41.32
9624370   3357       58.12
9624596   3357       42.35
9625361   3357       41.32
9625933   3357       41.32
9626082   3357       41.32
9626215   3357       36.64
9627150   3357       46.44
9627523   3357       41.32
9627724   3357       42.35
9629963   3357       46.44
9631462   3357       46.44
9634554   3357       41.32
9634674   3357       41.32
9636806   3357       42.35
9638320   3357       41.32
9639201   3357       36.64
9845319   3357       39.56
9846320   3357       46.44
9847068   3357       36.64
9847350   3357       41.32
9848693   3357       36.64
9850403   3357       41.32
9851111   3357       41.32
9851993   3357       41.32
