10107724  0357    17676.94
10120357  0357    21638.78
10121866  0357    38597.17
10125466  0357    13483.47
10126656  0357    14425.84
10141786  0357    15438.87
10312414  0357    13483.48
10373550  0357    28851.68
10639752  0357    13483.48
10726693  0357    14425.84
10760806  0357    13483.47
10764554  0357    15438.87
10770124  0357    14425.84
10772668  0357    13483.47
10774121  0357    15438.87
10775520  0357    26966.98
10776516  0357    17676.94
10776915  0357    13483.47
10777645  0357    21638.78
10778464  0357    13483.47
10779723  0357    14425.84
10784623  0357    14425.84
10820078  0357    15438.87
10840266  0357    14425.84
10841061  0357    13483.47
10841823  0357    17676.94
10842205  0357    14425.84
10843324  0357    36064.62
10844947  0357    36064.62
10845717  0357    13483.47
10845943  0357    17676.94
10846532  0357    15438.87
10846629  0357    14425.84
10846940  0357    28851.68
10846985  0357    14425.84
10847648  0357    13483.47
10848158  0357    16522.56
10849906  0357    14425.84
10860593  0357    14425.84
10959957  0357    14425.84
10960021  0357    14425.84
10963442  0357    15438.87
10963957  0357    15438.87
10964062  0357    28851.68
1108218   0357    13483.48
1112379   0357    14425.84
1115136   0357    14425.84
11163187  0357    13483.47
11177533  0357    13483.47
11260715  0357    14425.84
11261772  0357    17676.94
11262378  0357    14425.84
11263756  0357    13483.47
11264465  0357    14425.84
11264550  0357    15438.87
11265496  0357    14425.84
11265527  0357    15438.87
11266390  0357    28851.68
11267811  0357    26966.98
11267932  0357    26966.98
11269196  0357    16522.56
1129535   0357    15438.86
11414487  0357    15438.87
11425214  0357    14425.84
11425449  0357    14425.84
11426462  0357    13483.48
11428034  0357    13483.47
11428889  0357    36064.62
11429539  0357    30877.72
11429792  0357    13483.47
11429991  0357    21638.78
11430700  0357    14425.84
11433167  0357    14425.84
11433865  0357    28851.68
11433968  0357    14425.84
11434350  0357    14425.84
11546168  0357    13483.48
11584952  0357    14425.84
11586448  0357    15438.87
11594236  0357    17676.94
11594524  0357    13483.47
11596252  0357    14425.84
11597667  0357    14425.84
11598121  0357    15438.87
11598207  0357    13483.47
11633896  0357    13483.47
11645810  0357    14425.84
11651035  0357    14425.84
11651090  0357    14425.84
11652405  0357    14425.84
11653864  0357    14425.84
11694358  0357    14425.84
11694758  0357    14425.84
11695394  0357    26966.98
11749469  0357    14425.84
11783201  0357    15438.87
11783366  0357    17676.94
11784637  0357    13483.47
11786325  0357    17676.94
11786432  0357    13483.48
11787653  0357    28851.68
11790273  0357    14425.84
11790818  0357    21638.78
11791177  0357    14425.84
11792127  0357    14425.84
11792506  0357    14845.40
11792846  0357    11540.66
11878930  0357    14425.84
11879419  0357    15438.87
11879750  0357    17676.94
11881668  0357    33708.72
11881669  0357    13483.48
11882080  0357    13483.48
11883300  0357    28851.68
12018571  0357    20225.21
12018729  0357    13483.47
12019816  0357    13483.47
12020535  0357    16522.56
12021559  0357    15438.87
12021966  0357    17676.94
12023306  0357    16522.56
12023981  0357    21638.78
12024178  0357    14425.84
12024179  0357    14425.84
12025294  0357    21638.78
12025491  0357    13483.47
12027093  0357    14425.84
12027260  0357    14425.84
12027527  0357    13483.47
12027973  0357    15438.87
12080554  0357    14425.84
12241212  0357    20225.21
12242270  0357    14425.84
12243077  0357    13483.47
12244707  0357    13483.47
12247738  0357    21638.78
12248400  0357    33708.72
12248755  0357    15438.87
12248784  0357    30877.72
12248960  0357    14425.84
12249178  0357    17676.94
12314254  0357    41306.38
12369466  0357    14425.84
12370670  0357    16522.56
1239070   0357    13483.48
12434895  0357    14425.84
12435304  0357    14425.84
12435757  0357    20225.21
12435759  0357    36064.60
12527456  0357    13483.47
12534356  0357    14425.84
12536172  0357    14425.84
12536549  0357    16522.56
1257983   0357    15438.86
1258658   0357    14425.84
1262953   0357    14425.84
1263302   0357    13483.48
1263303   0357    14425.84
12638103  0357    17676.94
1265436   0357    14425.84
1266723   0357    10786.79
12691465  0357    14425.84
1269356   0357    30877.75
12698409  0357    13483.47
12698965  0357    13483.47
12701276  0357    17676.94
12701301  0357    33708.72
12702273  0357    13483.48
12704473  0357    15438.87
12704482  0357    30877.72
12704649  0357    14425.84
12704927  0357    14425.84
12705860  0357    14425.84
12706171  0357    14425.84
12706774  0357    30877.72
12707136  0357    14425.84
1272390   0357    13483.48
1273369   0357    14425.84
1277938   0357    13483.48
1278407   0357    14425.84
12848719  0357    14425.84
12849330  0357    16522.56
12851330  0357    14425.84
12852888  0357    14425.84
12858616  0357    26515.42
12878256  0357    14425.84
12884972  0357    14425.84
12934142  0357    13483.47
12934525  0357    13483.47
12935305  0357    14425.84
12935606  0357    14425.84
13032012  0357    33708.72
13032033  0357    14425.84
13034237  0357    14425.84
13035222  0357    17676.94
13084488  0357    13483.47
13084886  0357    13483.47
13179920  0357    13483.47
13180551  0357    14425.84
1318484   0357    13483.48
13187744  0357    28851.68
13187816  0357    21638.78
13188137  0357    13483.47
13188604  0357    20225.21
13264411  0357    14425.84
13265462  0357    13483.47
13265946  0357    26515.42
13266369  0357    16522.56
13268000  0357    26966.98
13268185  0357    26966.98
13268352  0357    14425.84
13268457  0357    13483.47
13268537  0357    21638.78
13343258  0357    13483.47
13510172  0357    13483.47
13519440  0357    13483.47
13566631  0357    17676.94
13643981  0357    26966.98
13643982  0357    20225.21
13644051  0357    14425.84
13644555  0357    33708.72
13644665  0357    14425.84
13644680  0357    38597.17
13652653  0357    13483.47
13679940  0357    14425.84
13724134  0357    21638.78
13774187  0357    13483.48
13774684  0357    14425.84
13775452  0357    13483.47
13775808  0357    13483.47
13777181  0357    20225.21
13785046  0357    13483.47
13785661  0357    14425.84
13785997  0357    13483.47
13787208  0357    14425.84
13787741  0357    13483.47
13842354  0357    14425.84
13843775  0357    14425.84
13856268  0357    14425.84
13867427  0357    21638.78
13868652  0357    14425.84
13880177  0357    14425.84
13880981  0357    14425.84
13905892  0357    13483.47
13986119  0357    14425.84
14030527  0357    13483.47
14031497  0357    36064.62
14093727  0357    21638.78
14094806  0357    15438.87
14143188  0357    13483.47
14159223  0357    26966.98
14176671  0357    14425.84
14270811  0357    33708.72
14293118  0357    21638.78
1431183   0357    14425.84
14335445  0357    13483.47
14335539  0357    14425.84
14372299  0357    15438.87
14372545  0357    13483.47
14372818  0357    28851.68
14376347  0357    14425.84
14405196  0357    14425.84
14405401  0357    14425.84
14513487  0357    13483.47
14590375  0357    13483.47
14607589  0357    20225.21
14648947  0357    14425.84
14649126  0357    13483.47
14825867  0357    36064.62
14877620  0357    17676.94
14877805  0357    15438.87
14877859  0357    16522.56
14879704  0357    33708.72
14880972  0357    28851.68
15056332  0357    15438.87
15170350  0357    13483.47
15177867  0357    26966.98
15229138  0357    14425.84
15306996  0357    13483.47
15351139  0357    14425.84
15352095  0357    14425.84
15426228  0357    14425.84
15444190  0357    14425.84
15444945  0357    14425.84
15448608  0357    14425.84
15597541  0357    13483.47
15598319  0357    14425.84
15598933  0357    13483.47
15599928  0357    26515.42
15599929  0357    28851.68
15667613  0357    26966.98
15668151  0357    28851.68
15668851  0357    13483.47
15673218  0357    14425.84
15690244  0357    13483.47
15729233  0357    21638.78
15729536  0357    33708.72
15885754  0357    13483.47
15886521  0357    14425.84
15959808  0357    13483.47
15961650  0357    13483.47
16001576  0357    13483.47
16138119  0357    21638.78
16278235  0357    14425.84
1631390   0357    14141.54
16385667  0357    13483.47
16387437  0357    28851.68
16387793  0357    28851.68
16594051  0357    15337.80
16641426  0357    13483.47
16736267  0357    14425.84
16750794  0357    14425.84
16770549  0357    14425.84
16796669  0357    13483.47
17012587  0357    36064.62
17019549  0357    14425.84
17033230  0357    13483.47
17033256  0357    13483.47
17104709  0357    14425.84
17132368  0357    13483.47
17306742  0357    13483.47
17356955  0357    14425.84
1737075   0357    13483.48
17379215  0357    20225.21
17380736  0357    13483.47
17505354  0357    13483.47
17572385  0357    28851.68
17574055  0357    13483.47
17626132  0357    26966.98
1763812   0357    14425.84
1764349   0357    13483.48
1765295   0357    26966.96
1769938   0357    13483.48
17727438  0357    36064.62
17727473  0357    13483.47
17859806  0357    13483.47
17859921  0357    26966.98
17872590  0357    14425.84
17942640  0357    14425.84
18054647  0357    14425.84
18058393  0357    13483.47
18059918  0357    14425.84
18104818  0357    14425.84
18263756  0357    14425.84
18332702  0357    14425.84
18332814  0357    14425.84
18421508  0357    13483.47
18421512  0357    20225.21
18422439  0357    28851.68
18438218  0357    13483.47
18438766  0357    13483.47
18618969  0357    13483.47
18655916  0357    14425.84
18656459  0357    21638.78
18785684  0357    13483.47
18923581  0357    13483.47
18928116  0357    13483.47
18950730  0357    13483.47
18998089  0357    26966.98
1906129   0357    14425.84
19262723  0357    14425.84
19324610  0357    28851.68
19348247  0357    14425.84
19355607  0357    13483.47
19431369  0357    14425.84
19640869  0357    26966.98
19697516  0357    13483.47
19745610  0357    13483.47
19827450  0357    14425.84
19850185  0357    13483.47
19973112  0357    14425.84
20015159  0357    14425.84
20015405  0357    13483.47
20046577  0357    26966.98
20046584  0357    26966.98
20075289  0357    28851.68
20189202  0357    16522.56
20235584  0357    26966.98
2030572   0357    13483.48
2033664   0357    17676.94
20348834  0357    20225.21
20351464  0357    26515.42
20542804  0357    13483.47
2101693   0357    15438.86
21140944  0357    20225.21
21244218  0357    13483.47
2130876   0357    13483.48
21505687  0357    43327.96
2157417   0357    44192.38
2186056   0357    13483.48
2189077   0357    13483.48
2196831   0357    13483.48
2198274   0357    15438.86
2198799   0357    13483.48
22326349  0357    13483.47
2272067   0357    13483.48
23156662  0357    14425.84
23573778  0357    13483.47
2376223   0357    17676.94
2380275   0357    15438.86
2384661   0357    14425.84
23851459  0357    13483.47
2529886   0357    14425.84
2532585   0357    13483.48
2533320   0357    13483.48
2534786   0357    11540.66
2535843   0357    15438.86
2536795   0357    14425.84
2539943   0357    13483.48
2541142   0357    14425.84
2541439   0357    17676.94
2541709   0357    14425.84
2543654   0357    14425.84
2543813   0357    14425.84
2543932   0357    13483.48
2592064   0357    15438.86
2592966   0357    15438.86
2593377   0357    14425.84
2593686   0357    13483.48
2596405   0357    14425.84
2598033   0357    14425.84
2598733   0357    15438.86
2598872   0357    13483.48
2601437   0357    14425.84
2603046   0357    14425.84
2605164   0357    14425.84
2605823   0357    10786.79
2607322   0357    14425.84
2608233   0357    14425.84
2608304   0357    13483.48
2608554   0357    14425.84
2684589   0357    14425.84
26945442  0357    13483.47
2854705   0357    13483.48
2870837   0357    13483.48
2910376   0357    13483.48
2910432   0357    13483.48
2912407   0357    13483.48
2912692   0357    17676.94
2913757   0357    13483.48
2913809   0357    13483.48
2915293   0357    13483.48
2915714   0357    14425.84
2916362   0357    14425.84
2916467   0357    13483.48
2916786   0357    13483.48
2918280   0357    36064.60
2992913   0357    13483.48
3035349   0357    14425.84
3080057   0357    26515.41
3080311   0357    14425.84
3080984   0357    14425.84
3081351   0357    14425.84
3082505   0357    13483.48
3083065   0357    13483.48
3083457   0357    13483.48
3083843   0357    13483.48
3084868   0357    14425.84
3084978   0357    13483.48
3085009   0357    13483.48
3085276   0357    16522.56
3090485   0357    14425.84
3156003   0357    13483.48
3234299   0357    16522.56
3245420   0357    14425.84
3314884   0357    10786.79
3315121   0357    13483.48
3315781   0357    13483.48
3317339   0357    13483.48
3318589   0357    14425.84
3318694   0357    16522.56
3318719   0357    14425.84
3320986   0357    14425.84
3322128   0357    14425.84
3322284   0357    13483.48
3324084   0357    14425.84
3324110   0357    17676.94
3329806   0357    14425.84
3353242   0357    13483.48
3528540   0357    14425.84
3533360   0357    16522.56
3535445   0357    13483.48
3535838   0357    13483.48
3538837   0357    14425.84
3539352   0357    14425.84
3541739   0357    14425.84
3541975   0357    10786.79
3542004   0357    15438.86
3542015   0357    10786.79
3554092   0357    15438.86
3593839   0357    13483.48
3598528   0357    14425.84
3710064   0357    13483.48
3759377   0357    13483.48
3784066   0357    13483.48
3784441   0357    15438.86
3785251   0357    14425.84
3792247   0357    14425.84
3830110   0357    13483.48
3855157   0357    10786.79
3855577   0357    14425.84
3856978   0357    13483.48
3857004   0357    13483.48
3857220   0357    14425.84
3857667   0357    13483.48
3857878   0357    15438.86
3858323   0357    28851.68
3858856   0357    15438.87
3859230   0357    21638.76
3864991   0357    17676.94
3875055   0357    14425.84
3877925   0357    30877.75
3878006   0357    13483.48
3963688   0357    14425.84
3964093   0357    14425.84
3965704   0357    13483.48
3969513   0357    13483.48
4001934   0357    15438.86
4064149   0357    13218.06
4065177   0357    13483.48
4065584   0357    14425.84
4065648   0357    13483.48
4066245   0357    13483.48
4067118   0357    14425.84
4067795   0357    14425.84
4068788   0357    13483.48
4071074   0357    17676.94
4071241   0357    13483.48
4107436   0357    13483.48
4191539   0357    13483.48
4193094   0357    38597.18
4194671   0357    14425.84
4195654   0357    13483.48
4199927   0357    10786.79
4200911   0357    13483.48
4238916   0357    13483.48
430240    0357    13483.48
4317775   0357    15438.86
4373204   0357    15438.86
4373479   0357    13483.48
4375498   0357    17676.94
4375998   0357    16522.56
4376813   0357    13483.48
4377201   0357    15438.86
4378140   0357    13483.48
4378236   0357    13483.48
4378283   0357    13483.48
4378759   0357    15438.86
4379154   0357    13483.48
4381614   0357    13483.48
4382400   0357    21638.76
4383023   0357    15438.86
4383200   0357    13483.48
4385047   0357    14425.84
4386936   0357    16522.56
4387777   0357    33708.69
4409485   0357    15438.86
4409788   0357    13483.48
4409789   0357    26966.96
4414417   0357    13483.48
4414541   0357    15438.86
4414909   0357    14425.84
4415675   0357    13483.48
443869    0357    14425.84
4609506   0357    15438.86
4610129   0357    13483.48
4720170   0357    20225.21
4720923   0357    14425.84
4721016   0357    13483.48
4721639   0357    13483.48
4722680   0357    13483.48
4722814   0357    11540.66
4723168   0357    13483.48
4723403   0357    13483.48
4724433   0357    14425.84
4725919   0357    30877.72
4727740   0357    13483.48
4728331   0357    13483.48
4729448   0357    10786.79
4730168   0357    15438.86
4730490   0357    13483.48
4730823   0357    17676.94
4731322   0357    15438.86
4731494   0357    15438.86
4732090   0357    13483.48
4732618   0357    13483.48
4734527   0357    13483.47
4734940   0357    13483.47
4735505   0357    13483.48
4738424   0357    14425.84
4739546   0357    14425.84
4739796   0357    15438.87
4754833   0357    15438.86
4803744   0357    15438.86
4805842   0357    14425.84
4827213   0357    14425.84
4853128   0357    11540.66
4882144   0357    10786.79
5017295   0357    13483.48
5022967   0357    15438.86
5237805   0357    14425.84
5238236   0357    13483.48
5239261   0357    17676.94
5240821   0357    13483.48
5242545   0357    17676.94
5244302   0357    13483.48
5244483   0357    13483.47
5244484   0357    15438.86
5244765   0357    13483.48
5245261   0357    15438.86
5248926   0357    13483.48
5248954   0357    13483.48
5249259   0357    11540.66
5249817   0357    15438.86
5250965   0357    14425.84
5251153   0357    14425.84
5251214   0357    15438.86
5252606   0357    30877.72
5253930   0357    13483.48
5254613   0357    13483.48
5254952   0357    13483.48
5255567   0357    14425.84
5255641   0357    15438.86
5257069   0357    13483.48
5257175   0357    14425.84
5257421   0357    16522.56
5257727   0357    36064.62
5257774   0357    14425.84
5259121   0357    13483.48
5259785   0357    13483.48
5261116   0357    13483.48
5261139   0357    14425.84
5261250   0357    13483.48
5261418   0357    13483.48
5261643   0357    13483.48
5263470   0357    16522.56
5344986   0357    13483.48
5435450   0357    13483.48
5436619   0357    15438.87
5436795   0357    10786.79
5438690   0357    13483.48
5439480   0357    14425.84
5439865   0357    33045.12
5458236   0357    13483.48
5461455   0357    14425.84
5605414   0357    28851.68
5658043   0357    14425.84
5688352   0357    14425.84
5765952   0357    14425.84
5779173   0357    14425.84
5915261   0357    14425.84
5921128   0357    14425.84
5921800   0357    13483.47
5923624   0357    15438.86
5925143   0357    15438.87
5925949   0357    10786.79
5929492   0357    14425.84
5935536   0357    38597.18
5938630   0357    14425.84
5938995   0357    14425.84
6044716   0357    21638.78
6125595   0357    33708.69
6127630   0357    13483.48
6238388   0357    17676.94
6394853   0357    10786.79
6537141   0357    13483.48
6573443   0357    14425.84
6573855   0357    16522.56
6573893   0357    13483.47
6575243   0357    13483.48
6575301   0357    14425.84
6584406   0357    33708.69
6602322   0357    13483.47
6634354   0357    14425.84
6689708   0357    14425.84
6690236   0357    14425.84
6701343   0357    14425.84
6701344   0357    14425.84
6701453   0357    14425.84
673822    0357    13483.48
6841910   0357    13483.47
7211860   0357    12351.10
7240399   0357    14425.84
7300376   0357    13483.48
7301470   0357    13483.48
7305494   0357    14425.84
7305781   0357    13483.48
7308623   0357    14425.84
7309317   0357    13483.47
7309375   0357    13483.48
7310425   0357    16522.56
7310959   0357    14425.84
7311233   0357    14425.84
7311255   0357    13483.48
7312149   0357    14425.84
7313189   0357    13483.48
7314050   0357    13483.48
7314987   0357    16522.56
7315048   0357    15438.86
7315058   0357    36064.60
7315331   0357    14425.84
7316059   0357    16522.56
7316139   0357    15438.86
7316607   0357    17676.94
7316959   0357    30877.75
7317744   0357    26966.96
7318041   0357    14425.84
7319649   0357    30877.72
7321787   0357    16522.56
7322304   0357    13483.47
7322780   0357    13483.47
7322794   0357    13483.48
7324725   0357    15438.86
7325664   0357    10786.79
7325721   0357    14425.84
7325722   0357    14425.84
7325778   0357    10786.79
7328421   0357    13483.47
7330948   0357    14425.84
7331943   0357    13483.48
7332202   0357    13483.48
7332734   0357    21638.76
7333145   0357    15438.86
7333526   0357    26966.96
7335642   0357    16522.56
7337422   0357    11540.66
7337778   0357    13483.47
7338055   0357    16522.56
7340200   0357    13483.48
7340742   0357    14425.84
7340989   0357    13483.48
7342107   0357    13483.47
7342680   0357    14425.84
7343605   0357    13483.48
7344290   0357    13483.47
7344465   0357    26966.98
7347856   0357    14425.84
7348137   0357    13483.48
7348986   0357    14425.84
7349428   0357    44192.36
7349843   0357    13483.47
7350162   0357    13483.48
7350273   0357    13483.47
7351297   0357    10786.79
7352317   0357    13483.47
7353377   0357    14425.84
7354064   0357    13483.48
7355928   0357    13483.48
7359478   0357    15438.87
7360346   0357    13483.47
7360517   0357    14425.84
7363171   0357    10786.79
7363652   0357    14425.84
7365166   0357    14425.84
7365545   0357    13483.48
7367276   0357    13483.47
7368710   0357    26966.98
7369018   0357    14425.84
7371154   0357    14425.84
7372156   0357    13483.48
7372973   0357    10786.79
7373089   0357    13483.48
7373215   0357    16522.56
7374243   0357    13483.48
7374616   0357    14425.84
7377030   0357    13483.47
7377579   0357    14425.84
7379256   0357    26966.98
7380616   0357    13483.47
7381553   0357    14425.84
7382148   0357    15438.86
7382532   0357    13483.48
7384964   0357    14425.84
7387544   0357    28851.68
7388038   0357    13483.47
7388080   0357    14425.84
7388125   0357    15438.87
7388199   0357    20225.21
7389581   0357    14425.84
7391472   0357    13483.48
7392153   0357    38597.17
7393061   0357    13483.47
7393144   0357    26966.96
7395742   0357    10786.79
7396051   0357    21638.76
7398038   0357    11540.66
7400031   0357    14425.84
7401094   0357    14425.84
7401380   0357    14425.84
7401853   0357    13483.47
7403123   0357    13483.47
7403188   0357    13483.47
7403563   0357    13483.47
7406353   0357    14425.84
7408531   0357    14425.84
7409730   0357    13483.47
7410177   0357    17676.94
7412535   0357    15438.87
7412738   0357    17676.94
7415285   0357    17676.94
7415448   0357    14425.84
7416870   0357    13483.48
7417289   0357    26966.98
7417791   0357    28851.68
7418898   0357    13483.47
7418939   0357    14425.84
7419340   0357    13483.47
7419740   0357    13483.48
7419800   0357    17676.94
7419866   0357    33708.72
7420316   0357    14425.84
7420429   0357    15438.87
7423108   0357    15438.87
7423415   0357    14425.84
7423444   0357    14425.84
7425063   0357    13483.47
7425430   0357    14425.84
7425900   0357    13483.47
7426046   0357    14425.84
7427359   0357    13483.47
7427520   0357    14425.84
7429274   0357    14425.84
7432253   0357    15438.87
7434591   0357    36064.62
7435158   0357    33708.69
7436077   0357    26966.98
7436996   0357    14425.84
7437806   0357    13483.47
7437808   0357    13483.48
7438450   0357    14425.84
7439597   0357    33045.12
7439617   0357    14425.84
7439629   0357    14425.84
7440809   0357    10786.79
7442445   0357    14425.84
7444497   0357    20225.21
7444651   0357    15438.87
7444842   0357    14425.84
7444889   0357    33045.12
7445661   0357    13483.47
7446382   0357    15438.87
7446644   0357    14425.84
7447067   0357    36064.62
7447334   0357    16522.56
7447992   0357    13483.48
7449457   0357    13483.47
7455429   0357    14425.84
7455588   0357    14425.84
7461704   0357    14425.84
7465820   0357    36064.62
7465910   0357    14425.84
7466779   0357    17676.94
7466870   0357    14425.84
7502836   0357    15438.86
7548386   0357    10786.79
770342    0357    14425.84
7917981   0357    14425.84
7981510   0357    15438.86
7982728   0357    10786.79
7982865   0357    15438.86
7983170   0357    13483.47
7984159   0357    14425.84
7985605   0357    11540.66
7988969   0357    14425.84
8054279   0357    13483.48
8064487   0357    23081.35
8140450   0357    10786.79
8594315   0357    11540.66
8718789   0357    23081.35
8734286   0357    15438.87
9066082   0357    13483.48
9100619   0357    14425.84
9211039   0357    13483.47
9261804   0357    15438.87
9317884   0357    30877.72
9433060   0357    14425.84
9540404   0357    15438.87
9540845   0357    24783.84
9542018   0357    38597.17
9542237   0357    13483.47
9543174   0357    14425.84
9543530   0357    15438.86
9544179   0357    14425.84
9544345   0357    13483.48
9544429   0357    15438.86
9544827   0357    15438.87
9545198   0357    13483.48
9545952   0357    13483.48
9546474   0357    14425.84
9547148   0357    13483.48
9551389   0357    14425.84
9552709   0357    10786.79
9553039   0357    14425.84
9553047   0357    13483.47
9553149   0357    13483.47
9555077   0357    16522.56
9555609   0357    14425.84
9555641   0357    14425.84
9557148   0357    33045.12
9557803   0357    13483.47
9557875   0357    13483.47
9557894   0357    13483.48
9558628   0357    13483.47
9560453   0357    13483.48
9570736   0357    14425.84
9572755   0357    14425.84
9577605   0357    14425.84
9601343   0357    36064.62
9603154   0357    13483.48
9603683   0357    15438.87
9603870   0357    10786.79
9604166   0357    13483.47
9604592   0357    26515.42
9607091   0357    13483.48
9608547   0357    14425.84
9609337   0357    33708.69
9609338   0357    28851.68
9612117   0357    12351.10
9612692   0357    14425.84
9614364   0357    30877.72
9615563   0357    14425.84
9615964   0357    14425.84
9617493   0357    13483.47
9620242   0357    30877.72
9620248   0357    33045.12
9620376   0357    14425.84
9620599   0357    15438.87
9620701   0357    13483.47
9620720   0357    13483.48
9622347   0357    16522.56
9624370   0357    17676.94
9624596   0357    13483.47
9625361   0357    14425.84
9625933   0357    28851.68
9626215   0357    13483.47
9627150   0357    38597.17
9627523   0357    28851.68
9627724   0357    13483.47
9629963   0357    15438.87
9631462   0357    15438.86
9634554   0357    14425.84
9634674   0357    14425.84
9636806   0357    13483.47
9638320   0357    14425.84
9639201   0357    13483.48
9845319   0357    13483.47
9846320   0357    15438.87
9847068   0357    13483.47
9847350   0357    14425.84
9848693   0357    13483.48
9850403   0357    14425.84
9851111   0357    14425.84
9851993   0357    14425.84
10107724  3357    17676.94
10120357  3357    14425.84
10121866  3357    15438.87
10125466  3357    13483.47
10126656  3357    14425.84
10141786  3357    15438.87
10312414  3357    13483.48
10373550  3357    14425.84
10639752  3357    13483.48
10726693  3357    14425.84
10760806  3357    13483.47
10764554  3357    15438.87
10770124  3357    14425.84
10772668  3357    13483.47
10774121  3357    15438.87
10775520  3357    13483.47
10776516  3357    17676.94
10776915  3357    13483.47
10777645  3357    14425.84
10778464  3357    13483.47
10779723  3357    14425.84
10784623  3357    14425.84
10820078  3357    15438.87
10840266  3357    14425.84
10841061  3357    13483.47
10841823  3357    17676.94
10842205  3357    14425.84
10843324  3357    14425.84
10844947  3357    14425.84
10845717  3357    13483.47
10845943  3357    17676.94
10846532  3357    15438.87
10846629  3357    14425.84
10846940  3357    14425.84
10846985  3357    14425.84
10847648  3357    13483.47
10848158  3357    16522.56
10849906  3357    14425.84
10860593  3357    14425.84
10959957  3357    14425.84
10960021  3357    14425.84
10963442  3357    15438.87
10963957  3357    15438.87
10964062  3357    14425.84
1108218   3357    13483.48
1112379   3357    14425.84
1115136   3357    14425.84
11163187  3357    13483.47
11177533  3357    13483.47
11260715  3357    14425.84
11261772  3357    17676.94
11262378  3357    14425.84
11263756  3357    13483.47
11264465  3357    14425.84
11264550  3357    15438.87
11265496  3357    14425.84
11265527  3357    15438.87
11266390  3357    14425.84
11267811  3357    13483.47
11267932  3357    13483.47
11269196  3357    16522.56
1129535   3357    15438.86
11414487  3357    15438.87
11425214  3357    14425.84
11425449  3357    14425.84
11426462  3357    13483.48
11428034  3357    13483.47
11428889  3357    14425.84
11429539  3357    15438.87
11429792  3357    13483.47
11429991  3357    14425.84
11430700  3357    14425.84
11433167  3357    14425.84
11433865  3357    14425.84
11433968  3357    14425.84
11434350  3357    14425.84
11546168  3357    13483.48
11584952  3357    14425.84
11586448  3357    15438.87
11594236  3357    17676.94
11594524  3357    13483.47
11596252  3357    14425.84
11597667  3357    14425.84
11598121  3357    15438.87
11598207  3357    13483.47
11633896  3357    13483.47
11645810  3357    14425.84
11651035  3357    14425.84
11651090  3357    14425.84
11652405  3357    14425.84
11653864  3357    14425.84
11694358  3357    14425.84
11694758  3357    14425.84
11695394  3357    13483.47
11749469  3357    14425.84
11783201  3357    15438.87
11783366  3357    17676.94
11784637  3357    13483.47
11786325  3357    17676.94
11786432  3357    13483.48
11787653  3357    14425.84
11790273  3357    14425.84
11790818  3357    14425.84
11791177  3357    14425.84
11792127  3357    14425.84
11792506  3357    14845.40
11792846  3357    11540.66
11878930  3357    14425.84
11879419  3357    15438.87
11879750  3357    17676.94
11881668  3357    13483.47
11881669  3357    13483.48
11882080  3357    13483.48
11883300  3357    14425.84
12018571  3357    13483.47
12018729  3357    13483.47
12019816  3357    13483.47
12020535  3357    16522.56
12021559  3357    15438.87
12021966  3357    17676.94
12023306  3357    16522.56
12023981  3357    14425.84
12024178  3357    14425.84
12024179  3357    14425.84
12025294  3357    14425.84
12025491  3357    13483.47
12027093  3357    14425.84
12027260  3357    14425.84
12027527  3357    13483.47
12027973  3357    15438.87
12080554  3357    14425.84
12241212  3357    13483.47
12242270  3357    14425.84
12243077  3357    13483.47
12244707  3357    13483.47
12247738  3357    14425.84
12248400  3357    13483.47
12248755  3357    15438.87
12248784  3357    15438.87
12248960  3357    14425.84
12249178  3357    17676.94
12314254  3357    16522.56
12369466  3357    14425.84
12370670  3357    16522.56
1239070   3357    13483.48
12434895  3357    14425.84
12435304  3357    14425.84
12435757  3357    13483.47
12435759  3357    14425.84
12527456  3357    13483.47
12534356  3357    14425.84
12536172  3357    14425.84
12536549  3357    16522.56
1257983   3357    15438.86
1258658   3357    14425.84
1262953   3357    14425.84
1263302   3357    13483.48
1263303   3357    14425.84
12638103  3357    17676.94
1265436   3357    14425.84
1266723   3357    10786.79
12691465  3357    14425.84
1269356   3357    15438.86
12698409  3357    13483.47
12698965  3357    13483.47
12701276  3357    17676.94
12701301  3357    13483.47
12702273  3357    13483.48
12704473  3357    15438.87
12704482  3357    15438.87
12704649  3357    14425.84
12704927  3357    14425.84
12705860  3357    14425.84
12706171  3357    14425.84
12706774  3357    15438.87
12707136  3357    14425.84
1272390   3357    13483.48
1273369   3357    14425.84
1277938   3357    13483.48
1278407   3357    14425.84
12848719  3357    14425.84
12849330  3357    16522.56
12851330  3357    14425.84
12852888  3357    14425.84
12858616  3357    17676.94
12878256  3357    14425.84
12884972  3357    14425.84
12934142  3357    13483.47
12934525  3357    13483.47
12935305  3357    14425.84
12935606  3357    14425.84
13032012  3357    13483.47
13032033  3357    14425.84
13034237  3357    14425.84
13035222  3357    17676.94
13084488  3357    13483.47
13084886  3357    13483.47
13179920  3357    13483.47
13180551  3357    14425.84
1318484   3357    13483.48
13187744  3357    14425.84
13187816  3357    14425.84
13188137  3357    13483.47
13188604  3357    13483.47
13264411  3357    14425.84
13265462  3357    13483.47
13265946  3357    17676.94
13266369  3357    16522.56
13268000  3357    13483.47
13268185  3357    13483.47
13268352  3357    14425.84
13268457  3357    13483.47
13268537  3357    14425.84
13343258  3357    13483.47
13510172  3357    13483.47
13519440  3357    13483.47
13566631  3357    17676.94
13643981  3357    13483.47
13643982  3357    13483.47
13644051  3357    14425.84
13644555  3357    13483.47
13644665  3357    14425.84
13644680  3357    15438.87
13652653  3357    13483.47
13679940  3357    14425.84
13724134  3357    14425.84
13774187  3357    13483.48
13774684  3357    14425.84
13775452  3357    13483.47
13775808  3357    13483.47
13777181  3357    13483.47
13785046  3357    13483.47
13785661  3357    14425.84
13785997  3357    13483.47
13787208  3357    14425.84
13787741  3357    13483.47
13842354  3357    14425.84
13843775  3357    14425.84
13856268  3357    14425.84
13867427  3357    14425.84
13868652  3357    14425.84
13880177  3357    14425.84
13880981  3357    14425.84
13905892  3357    13483.47
13986119  3357    14425.84
14030527  3357    13483.47
14031497  3357    14425.84
14093727  3357    14425.84
14094806  3357    15438.87
14143188  3357    13483.47
14159223  3357    13483.47
14176671  3357    14425.84
14270811  3357    13483.47
14293118  3357    14425.84
1431183   3357    14425.84
14335445  3357    13483.47
14335539  3357    14425.84
14372299  3357    15438.87
14372545  3357    13483.47
14372818  3357    11540.66
14376347  3357    14425.84
14405196  3357    14425.84
14405401  3357    14425.84
14513487  3357    13483.47
14590375  3357    13483.47
14607589  3357    13483.47
14648947  3357    14425.84
14649126  3357    13483.47
14825867  3357    14425.84
14877620  3357    17676.94
14877805  3357    15438.87
14877859  3357    16522.56
14879704  3357    13483.47
14880972  3357    14425.84
15056332  3357    15438.87
15170350  3357    13483.47
15177867  3357    13483.47
15229138  3357    14425.84
15306996  3357    13483.47
15351139  3357    14425.84
15352095  3357    14425.84
15426228  3357    14425.84
15444190  3357    14425.84
15444945  3357    14425.84
15448608  3357    14425.84
15597541  3357    13483.47
15598319  3357    14425.84
15598933  3357    13483.47
15599928  3357    17676.94
15599929  3357    14425.84
15667613  3357    13483.47
15668151  3357    14425.84
15668851  3357    13483.47
15673218  3357    14425.84
15690244  3357    13483.47
15729233  3357    14425.84
15729536  3357    13483.47
15885754  3357    13483.47
15886521  3357    14425.84
15959808  3357    13483.47
15961650  3357    13483.47
16001576  3357    13483.47
16138119  3357    14425.84
16278235  3357    14425.84
1631390   3357    14141.54
16385667  3357    13483.47
16387437  3357    14425.84
16387793  3357    14425.84
16594051  3357    15337.80
16641426  3357    13483.47
16736267  3357    14425.84
16750794  3357    14425.84
16770549  3357    14425.84
16796669  3357    13483.47
17012587  3357    14425.84
17019549  3357    14425.84
17033230  3357    13483.47
17033256  3357    13483.47
17104709  3357    14425.84
17132368  3357    13483.47
17306742  3357    13483.47
17356955  3357    14425.84
1737075   3357    13483.48
17379215  3357    13483.47
17380736  3357    13483.47
17505354  3357    13483.47
17572385  3357    14425.84
17574055  3357    13483.47
17626132  3357    13483.47
1763812   3357    14425.84
1764349   3357    13483.48
1765295   3357    13483.48
1769938   3357    13483.48
17727438  3357    14425.84
17727473  3357    13483.47
17859806  3357    13483.47
17859921  3357    13483.47
17872590  3357    14425.84
17942640  3357    14425.84
18054647  3357    14425.84
18058393  3357    13483.47
18059918  3357    14425.84
18104818  3357    14425.84
18263756  3357    14425.84
18332702  3357    14425.84
18332814  3357    14425.84
18421508  3357    13483.47
18421512  3357    13483.47
18422439  3357    14425.84
18438218  3357    13483.47
18438766  3357    13483.47
18618969  3357    13483.47
18655916  3357    14425.84
18656459  3357    14425.84
18785684  3357    13483.47
18923581  3357    13483.47
18928116  3357    13483.47
18950730  3357    13483.47
18998089  3357    13483.47
1906129   3357    14425.84
19262723  3357    14425.84
19324610  3357    14425.84
19348247  3357    14425.84
19355607  3357    13483.47
19431369  3357    14425.84
19640869  3357    13483.47
19697516  3357    13483.47
19745610  3357    13483.47
19827450  3357    14425.84
19850185  3357    13483.47
19973112  3357    14425.84
20015159  3357    14425.84
20015405  3357    13483.47
20046577  3357    13483.47
20046584  3357    13483.47
20075289  3357    14425.84
20189202  3357    16522.56
20235584  3357    13483.47
2030572   3357    13483.48
2033664   3357    17676.94
20348834  3357    13483.47
20351464  3357    17676.94
20542804  3357    13483.47
2101693   3357    15438.86
21140944  3357    13483.47
21244218  3357    13483.47
2130876   3357    13483.48
21505687  3357    17331.17
2157417   3357    17676.94
2186056   3357    13483.48
2189077   3357    13483.48
2196831   3357    13483.48
2198274   3357    15438.86
2198799   3357    13483.48
22326349  3357    13483.47
2272067   3357    13483.48
23156662  3357    14425.84
23573778  3357    13483.47
2376223   3357    17676.94
2380275   3357    15438.86
2384661   3357    14425.84
23851459  3357    13483.47
2529886   3357    14425.84
2532585   3357    13483.48
2533320   3357    13483.48
2534786   3357    11540.66
2535843   3357    15438.86
2536795   3357    14425.84
2539943   3357    13483.48
2541142   3357    14425.84
2541439   3357    17676.94
2541709   3357    14425.84
2543654   3357    14425.84
2543813   3357    14425.84
2543932   3357    13483.48
2592064   3357    15438.86
2592966   3357    15438.86
2593377   3357    14425.84
2593686   3357    13483.48
2596405   3357    14425.84
2598033   3357    14425.84
2598733   3357    15438.86
2598872   3357    13483.48
2601437   3357    14425.84
2603046   3357    14425.84
2605164   3357    14425.84
2605823   3357    10786.79
2607322   3357    14425.84
2608233   3357    14425.84
2608304   3357    13483.48
2608554   3357    14425.84
2684589   3357    14425.84
26945442  3357    13483.47
2854705   3357    13483.48
2870837   3357    13483.48
2910376   3357    13483.48
2910432   3357    13483.48
2912407   3357    13483.48
2912692   3357    17676.94
2913757   3357    13483.48
2913809   3357    13483.48
2915293   3357    13483.48
2915714   3357    14425.84
2916362   3357    14425.84
2916467   3357    13483.48
2916786   3357    13483.48
2918280   3357    14425.84
2992913   3357    13483.48
3035349   3357    14425.84
3080057   3357    17676.94
3080311   3357    14425.84
3080984   3357    14425.84
3081351   3357    14425.84
3082505   3357    13483.48
3083065   3357    13483.48
3083457   3357    13483.48
3083843   3357    13483.48
3084868   3357    14425.84
3084978   3357    13483.48
3085009   3357    13483.48
3085276   3357    16522.56
3090485   3357    14425.84
3156003   3357    13483.48
3234299   3357    16522.56
3245420   3357    14425.84
3314884   3357    10786.79
3315121   3357    13483.48
3315781   3357    13483.48
3317339   3357    13483.48
3318589   3357    14425.84
3318694   3357    16522.56
3318719   3357    14425.84
3320986   3357    14425.84
3322128   3357    14425.84
3322284   3357    13483.48
3324084   3357    14425.84
3324110   3357    17676.94
3329806   3357    14425.84
3353242   3357    13483.48
3528540   3357    14425.84
3533360   3357    16522.56
3535445   3357    13483.48
3535838   3357    13483.48
3538837   3357    14425.84
3539352   3357    14425.84
3541739   3357    14425.84
3541975   3357    10786.79
3542004   3357    15438.86
3542015   3357    10786.79
3554092   3357    15438.86
3593839   3357    13483.48
3598528   3357    14425.84
3710064   3357    13483.48
3759377   3357    13483.48
3784066   3357    13483.48
3784441   3357    15438.86
3785251   3357    14425.84
3792247   3357    14425.84
3830110   3357    13483.48
3855157   3357    10786.79
3855577   3357    14425.84
3856978   3357    13483.48
3857004   3357    13483.48
3857220   3357    14425.84
3857667   3357    13483.48
3857878   3357    15438.86
3858323   3357    14425.84
3858856   3357    15438.87
3859230   3357    14425.84
3864991   3357    17676.94
3875055   3357    14425.84
3877925   3357    15438.86
3878006   3357    13483.48
3963688   3357    14425.84
3964093   3357    14425.84
3965704   3357    13483.48
3969513   3357    13483.48
4001934   3357    15438.86
4064149   3357    13218.06
4065177   3357    13483.48
4065584   3357    14425.84
4065648   3357    13483.48
4066245   3357    13483.48
4067118   3357    14425.84
4067795   3357    14425.84
4068788   3357    13483.48
4071074   3357    17676.94
4071241   3357    13483.48
4107436   3357    13483.48
4191539   3357    13483.48
4193094   3357    15438.86
4194671   3357    14425.84
4195654   3357    13483.48
4199927   3357    10786.79
4200911   3357    13483.48
4238916   3357    13483.48
430240    3357    13483.48
4317775   3357    15438.86
4373204   3357    15438.86
4373479   3357    13483.48
4375498   3357    17676.94
4375998   3357    16522.56
4376813   3357    13483.48
4377201   3357    15438.86
4378140   3357    13483.48
4378236   3357    13483.48
4378283   3357    13483.48
4378759   3357    15438.86
4379154   3357    13483.48
4381614   3357    13483.48
4382400   3357    14425.84
4383023   3357    15438.86
4383200   3357    13483.48
4385047   3357    14425.84
4386936   3357    16522.56
4387777   3357    13483.48
4409485   3357    15438.86
4409788   3357    13483.48
4409789   3357    13483.48
4414417   3357    13483.48
4414541   3357    15438.86
4414909   3357    14425.84
4415675   3357    13483.48
443869    3357    14425.84
4609506   3357    15438.86
4610129   3357    13483.48
4720170   3357    13483.47
4720923   3357    14425.84
4721016   3357    13483.48
4721639   3357    13483.48
4722680   3357    13483.48
4722814   3357    11540.66
4723168   3357    13483.48
4723403   3357    13483.48
4724433   3357    14425.84
4725919   3357    15438.87
4727740   3357    13483.48
4728331   3357    13483.48
4729448   3357    10786.79
4730168   3357    15438.86
4730490   3357    13483.48
4730823   3357    17676.94
4731322   3357    15438.86
4731494   3357    15438.86
4732090   3357    13483.48
4732618   3357    13483.48
4734527   3357    13483.47
4734940   3357    13483.47
4735505   3357    13483.48
4738424   3357    14425.84
4739546   3357    14425.84
4739796   3357    15438.87
4754833   3357    15438.86
4803744   3357    15438.86
4805842   3357    14425.84
4827213   3357    14425.84
4853128   3357    11540.66
4882144   3357    10786.79
5017295   3357    13483.48
5022967   3357    15438.86
5237805   3357    14425.84
5238236   3357    13483.48
5239261   3357    17676.94
5240821   3357    13483.48
5242545   3357    17676.94
5244302   3357    13483.48
5244483   3357    13483.47
5244484   3357    15438.86
5244765   3357    13483.48
5245261   3357    15438.86
5248926   3357    13483.48
5248954   3357    13483.48
5249259   3357    11540.66
5249817   3357    15438.86
5250965   3357    14425.84
5251153   3357    14425.84
5251214   3357    15438.86
5252606   3357    15438.87
5253930   3357    13483.48
5254613   3357    13483.48
5254952   3357    13483.48
5255567   3357    14425.84
5255641   3357    15438.86
5257069   3357    13483.48
5257175   3357    14425.84
5257421   3357    16522.56
5257727   3357    14425.84
5257774   3357    14425.84
5259121   3357    13483.48
5259785   3357    13483.48
5261116   3357    13483.48
5261139   3357    14425.84
5261250   3357    13483.48
5261418   3357    13483.48
5261643   3357    13483.48
5263470   3357    16522.56
5344986   3357    13483.48
5435450   3357    13483.48
5436619   3357    15438.87
5436795   3357    10786.79
5438690   3357    13483.48
5439480   3357    14425.84
5439865   3357    13218.06
5458236   3357    13483.48
5461455   3357    14425.84
5605414   3357    14425.84
5658043   3357    14425.84
5688352   3357    14425.84
5765952   3357    14425.84
5779173   3357    14425.84
5915261   3357    14425.84
5921128   3357    14425.84
5921800   3357    13483.47
5923624   3357    15438.86
5925143   3357    15438.87
5925949   3357    10786.79
5929492   3357    14425.84
5935536   3357    15438.86
5938630   3357    14425.84
5938995   3357    14425.84
6044716   3357    14425.84
6125595   3357    13483.48
6127630   3357    13483.48
6238388   3357    17676.94
6394853   3357    10786.79
6537141   3357    13483.48
6573443   3357    14425.84
6573855   3357    16522.56
6573893   3357    13483.47
6575243   3357    13483.48
6575301   3357    14425.84
6584406   3357    13483.48
6602322   3357    13483.47
6634354   3357    14425.84
6689708   3357    14425.84
6690236   3357    14425.84
6701343   3357    14425.84
6701344   3357    14425.84
6701453   3357    14425.84
673822    3357    13483.48
6841910   3357    13483.47
7211860   3357    12351.10
7240399   3357    14425.84
7300376   3357    13483.48
7301470   3357    13483.48
7305494   3357    14425.84
7305781   3357    13483.48
7308623   3357    14425.84
7309317   3357    13483.47
7309375   3357    13483.48
7310425   3357    16522.56
7310959   3357    14425.84
7311233   3357    14425.84
7311255   3357    13483.48
7312149   3357    14425.84
7313189   3357    13483.48
7314050   3357    13483.48
7314987   3357    16522.56
7315048   3357    15438.86
7315058   3357    14425.84
7315331   3357    14425.84
7316059   3357    16522.56
7316139   3357    15438.86
7316607   3357    17676.94
7316959   3357    15438.86
7317744   3357    13483.48
7318041   3357    14425.84
7319649   3357    15438.87
7321787   3357    16522.56
7322304   3357    13483.47
7322780   3357    13483.47
7322794   3357    13483.48
7324725   3357    15438.86
7325664   3357    10786.79
7325721   3357    14425.84
7325722   3357    14425.84
7325778   3357    10786.79
7328421   3357    13483.47
7330948   3357    14425.84
7331943   3357    13483.48
7332202   3357    13483.48
7332734   3357    14425.84
7333145   3357    15438.86
7333526   3357    13483.48
7335642   3357    16522.56
7337422   3357    11540.66
7337778   3357    13483.47
7338055   3357    16522.56
7340200   3357    13483.48
7340742   3357    14425.84
7340989   3357    13483.48
7342107   3357    13483.47
7342680   3357    14425.84
7343605   3357    13483.48
7344290   3357    13483.47
7344465   3357    13483.47
7347856   3357    14425.84
7348137   3357    13483.48
7348986   3357    14425.84
7349428   3357    17676.94
7349843   3357    13483.47
7350162   3357    13483.48
7350273   3357    13483.47
7351297   3357    10786.79
7352317   3357    13483.47
7353377   3357    14425.84
7354064   3357    13483.48
7355928   3357    13483.48
7359478   3357    15438.87
7360346   3357    13483.47
7360517   3357    14425.84
7363171   3357    10786.79
7363652   3357    14425.84
7365166   3357    14425.84
7365545   3357    13483.48
7367276   3357    13483.47
7368710   3357    13483.47
7369018   3357    14425.84
7371154   3357    14425.84
7372156   3357    13483.48
7372973   3357    10786.79
7373089   3357    13483.48
7373215   3357    16522.56
7374243   3357    13483.48
7374616   3357    14425.84
7377030   3357    13483.47
7377579   3357    14425.84
7379256   3357    13483.47
7380616   3357    13483.47
7381553   3357    14425.84
7382148   3357    15438.86
7382532   3357    13483.48
7384964   3357    14425.84
7387544   3357    14425.84
7388038   3357    13483.47
7388080   3357    14425.84
7388125   3357    15438.87
7388199   3357    13483.48
7389581   3357    14425.84
7391472   3357    13483.48
7392153   3357    15438.87
7393061   3357    13483.47
7393144   3357    13483.48
7395742   3357    10786.79
7396051   3357    14425.84
7398038   3357    11540.66
7400031   3357    14425.84
7401094   3357    14425.84
7401380   3357    14425.84
7401853   3357    13483.47
7403123   3357    13483.47
7403188   3357    13483.47
7403563   3357    13483.47
7406353   3357    14425.84
7408531   3357    14425.84
7409730   3357    13483.47
7410177   3357    17676.94
7412535   3357    15438.87
7412738   3357    17676.94
7415285   3357    17676.94
7415448   3357    14425.84
7416870   3357    13483.48
7417289   3357    13483.47
7417791   3357    14425.84
7418898   3357    13483.47
7418939   3357    14425.84
7419340   3357    13483.47
7419740   3357    13483.48
7419800   3357    17676.94
7419866   3357    13483.47
7420316   3357    14425.84
7420429   3357    15438.87
7423108   3357    15438.87
7423415   3357    14425.84
7423444   3357    14425.84
7425063   3357    13483.47
7425430   3357    14425.84
7425900   3357    13483.47
7426046   3357    14425.84
7427359   3357    13483.47
7427520   3357    14425.84
7429274   3357    14425.84
7432253   3357    15438.87
7434591   3357    14425.84
7435158   3357    13483.48
7436077   3357    13483.47
7436996   3357    14425.84
7437806   3357    13483.47
7437808   3357    13483.48
7438450   3357    14425.84
7439597   3357    16522.56
7439617   3357    14425.84
7439629   3357    14425.84
7440809   3357    10786.79
7442445   3357    14425.84
7444497   3357    13483.47
7444651   3357    15438.87
7444842   3357    14425.84
7444889   3357    16522.56
7445661   3357    13483.47
7446382   3357    15438.87
7446644   3357    14425.84
7447067   3357    14425.84
7447334   3357    16522.56
7447992   3357    13483.48
7449457   3357    13483.47
7455429   3357    14425.84
7455588   3357    14425.84
7461704   3357    14425.84
7465820   3357    14425.84
7465910   3357    14425.84
7466779   3357    17676.94
7466870   3357    14425.84
7502836   3357    15438.86
7548386   3357    10786.79
770342    3357    14425.84
7917981   3357    14425.84
7981510   3357    15438.86
7982728   3357    10786.79
7982865   3357    15438.86
7983170   3357    13483.47
7984159   3357    14425.84
7985605   3357    11540.66
7988969   3357    14425.84
8054279   3357    13483.48
8064487   3357    11540.66
8140450   3357    10786.79
8594315   3357    11540.66
8718789   3357    11540.66
8734286   3357    15438.87
9066082   3357    13483.48
9100619   3357    14425.84
9211039   3357    13483.47
9261804   3357    15438.87
9317884   3357    15438.87
9433060   3357    14425.84
9540404   3357    15438.87
9540845   3357    16522.56
9542018   3357    15438.87
9542237   3357    13483.47
9543174   3357    14425.84
9543530   3357    15438.86
9544179   3357    14425.84
9544345   3357    13483.48
9544429   3357    15438.86
9544827   3357    15438.87
9545198   3357    13483.48
9545952   3357    13483.48
9546474   3357    14425.84
9547148   3357    13483.48
9551389   3357    14425.84
9552709   3357    10786.79
9553039   3357    14425.84
9553047   3357    13483.47
9553149   3357    13483.47
9555077   3357    16522.56
9555609   3357    14425.84
9555641   3357    14425.84
9557148   3357    16522.56
9557803   3357    13483.47
9557875   3357    13483.47
9557894   3357    13483.48
9558628   3357    13483.47
9560453   3357    13483.48
9570736   3357    14425.84
9572755   3357    14425.84
9577605   3357    14425.84
9601343   3357    14425.84
9603154   3357    13483.48
9603683   3357    15438.87
9603870   3357    10786.79
9604166   3357    13483.47
9604592   3357    17676.94
9607091   3357    13483.48
9608547   3357    14425.84
9609337   3357    13483.48
9609338   3357    14425.84
9612117   3357    12351.10
9612692   3357    14425.84
9614364   3357    15438.87
9615563   3357    14425.84
9615964   3357    14425.84
9617493   3357    13483.47
9620242   3357    15438.87
9620248   3357    16522.56
9620376   3357    14425.84
9620599   3357    15438.87
9620701   3357    13483.47
9620720   3357    13483.48
9622347   3357    16522.56
9624370   3357    17676.94
9624596   3357    13483.47
9625361   3357    14425.84
9625933   3357    14425.84
9626215   3357    13483.47
9627150   3357    15438.87
9627523   3357    14425.84
9627724   3357    13483.47
9629963   3357    15438.87
9631462   3357    15438.86
9634554   3357    14425.84
9634674   3357    14425.84
9636806   3357    13483.47
9638320   3357    14425.84
9639201   3357    13483.48
9845319   3357    13483.47
9846320   3357    15438.87
9847068   3357    13483.47
9847350   3357    14425.84
9848693   3357    13483.48
9850403   3357    14425.84
9851111   3357    14425.84
9851993   3357    14425.84
