10107724  0357       74.95
10120357  0357      112.59
10121866  0357      187.85
10125466  0357       73.44
10126656  0357       75.06
10141786  0357       16.70
10312414  0357       74.60
10373550  0357      150.12
10639752  0357       73.44
10726693  0357       75.06
10760806  0357       73.44
10764554  0357       75.14
10770124  0357       75.06
10772668  0357       73.44
10774121  0357       75.14
10775520  0357      149.20
10776516  0357       74.95
10776915  0357       73.44
10777482  0357       73.44
10777645  0357      112.59
10778464  0357       73.44
10779723  0357       75.06
10820078  0357       75.14
10841061  0357       74.06
10841823  0357       74.95
10842205  0357       75.06
10843324  0357      187.65
10844575  0357      149.90
10844947  0357       75.06
10845717  0357       73.44
10845943  0357      302.44
10846532  0357       75.14
10846629  0357       75.06
10847648  0357       73.44
10848158  0357       75.17
10849906  0357       75.06
10849907  0357       75.14
10860593  0357       75.06
10903693  0357       73.44
10959957  0357       75.06
10960021  0357       75.06
10963442  0357       75.14
10963957  0357       75.14
10964062  0357      150.12
1108218   0357       90.90
1112379   0357       91.36
1115136   0357      148.52
11163187  0357       73.44
11177533  0357       73.44
11260715  0357       75.06
11261772  0357       74.95
11262378  0357       75.06
11263756  0357       73.44
11264041  0357      111.09
11264550  0357       74.60
11265527  0357       75.14
11266390  0357      150.12
11267811  0357      149.20
11267932  0357      146.88
11268437  0357       74.95
11269196  0357       75.17
1129535   0357       91.44
11414487  0357       75.14
11425214  0357       75.06
11426462  0357       74.60
11428034  0357       74.60
11429539  0357      150.12
11429792  0357       73.44
11429991  0357      112.59
11430700  0357       75.06
11433167  0357       75.06
11433865  0357      150.12
11434350  0357       75.06
11546168  0357       74.60
11580362  0357       75.14
11584952  0357       75.06
11594236  0357       74.95
11594524  0357       73.44
11596252  0357       75.06
11597667  0357       75.06
11598121  0357       74.06
11598207  0357       73.44
11598956  0357       74.06
11633896  0357       74.06
11651035  0357       75.06
11652405  0357       75.06
11653864  0357       75.06
11694358  0357       73.44
11695394  0357      146.88
11749469  0357       75.06
11783201  0357       75.14
11784637  0357       73.44
11786325  0357       74.95
11786432  0357       76.49
11787653  0357      150.12
11787807  0357       75.06
11788587  0357      136.08
11788630  0357       75.14
11790273  0357       75.06
11790818  0357      112.59
11791177  0357       75.06
11792127  0357       75.06
11792506  0357       73.44
11792846  0357       75.06
118087    0357       25.25
11879419  0357       75.14
11879750  0357       75.14
11881224  0357       74.95
11881668  0357      183.60
11881669  0357       73.44
11882080  0357       74.60
11882720  0357       74.95
11883300  0357      150.12
11949766  0357       74.95
12011761  0357      149.90
12018571  0357      111.90
12018729  0357       73.44
12019816  0357       74.60
12020535  0357       75.17
12021559  0357       75.14
12022428  0357       75.14
12023306  0357       75.17
12023981  0357      112.59
12024178  0357       75.06
12024179  0357       75.06
12025294  0357      112.59
12025488  0357       73.44
12025491  0357       73.44
12026565  0357       75.06
12027260  0357       75.06
12027527  0357       73.44
12027928  0357       73.44
12027973  0357      150.28
1218058   0357       91.36
12241212  0357      110.16
12243077  0357       73.44
12244707  0357       73.44
12247738  0357      112.59
12248400  0357      183.60
12248755  0357       75.14
12248784  0357      148.12
12248960  0357       75.06
12279667  0357       75.06
12314254  0357      187.92
1232375   0357       29.36
12370670  0357       75.17
1239070   0357       90.90
12434895  0357       74.06
12435757  0357      110.16
12435759  0357       83.40
12527456  0357       74.60
12534356  0357       75.06
12536172  0357       75.06
12536549  0357       75.17
1254062   0357       90.36
1257983   0357       91.44
1258658   0357       91.36
1259324   0357       90.36
1260432   0357       91.36
1261562   0357       90.36
1262953   0357      140.32
1263302   0357       89.74
1263303   0357       91.36
1263991   0357       29.94
1265436   0357       91.36
1266723   0357       31.53
1269356   0357      182.88
12698409  0357       73.44
12698965  0357       73.44
12700553  0357       74.60
12701301  0357       73.44
12702273  0357       74.60
12704473  0357       74.06
12704482  0357      150.28
12704649  0357       75.06
12704927  0357       75.06
12705860  0357       75.06
12706171  0357       75.06
12706774  0357      150.28
12707136  0357       75.06
1272390   0357       90.36
1273369   0357       95.46
1277938   0357       90.36
1278407   0357       91.36
12848719  0357       75.06
12849330  0357       75.17
12851330  0357       75.06
12852888  0357       75.06
12878256  0357       75.06
12884972  0357       75.06
12934142  0357       74.60
12934525  0357       73.44
12935305  0357       75.06
12935606  0357       75.06
13032033  0357       75.06
13034237  0357       75.06
13035222  0357       74.95
13084488  0357       74.06
13084886  0357       74.60
13180551  0357       75.06
1318484   0357       90.90
13187816  0357      318.22
13188137  0357       74.06
13188604  0357      111.09
13264411  0357       75.06
13265462  0357       73.44
13265946  0357      112.59
13266369  0357       75.06
13268000  0357      146.88
13268185  0357      146.88
13268457  0357       74.60
13346269  0357      183.60
13408041  0357       74.06
13510172  0357       74.06
13510180  0357       73.44
13527636  0357       75.14
13566631  0357       74.95
13643981  0357      146.88
13643982  0357      110.16
13644051  0357       75.06
13644555  0357      183.60
13644665  0357       75.06
13644680  0357      187.85
13652653  0357       73.44
13674854  0357       75.14
13678857  0357       73.44
13774187  0357       73.44
13774684  0357       75.06
13775452  0357       73.44
13775808  0357       73.44
13777181  0357      110.16
13785046  0357       73.44
13785661  0357       75.06
13785997  0357       74.60
13786181  0357       75.06
13787208  0357       75.06
13787741  0357       73.44
13842354  0357       75.06
13843775  0357       75.06
13856268  0357       75.06
13868652  0357       75.06
13880177  0357       73.44
13905892  0357       73.44
13986119  0357       75.06
13990906  0357      112.71
14003086  0357       74.60
14030527  0357       73.44
14031045  0357       75.06
1404429   0357       91.25
14093727  0357      112.59
14094806  0357       75.14
14143188  0357       74.60
14159223  0357      146.88
14270811  0357      183.60
1431183   0357       91.36
14335445  0357       74.60
1433726   0357       91.36
14372299  0357       75.14
14372818  0357      122.52
14376347  0357       75.06
14398946  0357       75.06
14399267  0357      111.09
14405196  0357       75.06
14513487  0357       73.44
14590375  0357       74.06
14607589  0357      111.09
14649126  0357       73.44
14825867  0357       75.06
14877805  0357       75.14
14877859  0357       75.17
14879704  0357      110.16
14880827  0357       75.14
15170350  0357       74.06
15177340  0357       75.14
15177867  0357      146.88
15306151  0357      186.50
15306996  0357       74.60
15352095  0357       75.06
15444811  0357       75.14
15448608  0357       75.06
15597541  0357       73.44
15598043  0357       73.44
15598319  0357       75.06
15598933  0357       73.44
15599928  0357      111.09
15668851  0357       74.06
15729233  0357      112.59
15729536  0357      185.15
15827139  0357       75.14
15959808  0357       73.44
16001576  0357       73.44
16137706  0357       74.60
16138119  0357      112.59
1631390   0357       80.81
16324090  0357       75.06
16594051  0357       74.06
16641426  0357       74.60
16736267  0357       75.06
17011869  0357      150.12
17012587  0357      187.65
17019549  0357       75.06
17033256  0357       73.44
17104175  0357       75.06
17306742  0357       73.44
1737075   0357       90.90
17379215  0357      111.09
17504786  0357       74.06
17572385  0357      150.12
17626132  0357      148.12
1763812   0357      140.32
1764349   0357       89.74
1765295   0357       52.40
1769938   0357       90.90
1778800   0357       31.67
17965237  0357      112.59
18058393  0357       73.44
18263579  0357      112.59
18263756  0357       75.06
1834693   0357       31.53
18471327  0357       75.06
1854577   0357       91.36
18656459  0357      112.59
18785684  0357       73.44
18950730  0357       73.44
1906129   0357       91.36
19166206  0357      183.60
19262723  0357       75.06
1926999   0357       91.44
19827450  0357       73.44
19850185  0357      183.60
19973112  0357       75.06
20187870  0357      148.12
20189202  0357       75.17
20235584  0357      148.12
2030572   0357       90.90
2033664   0357       91.25
20348834  0357      110.16
20351464  0357      150.12
2130876   0357       89.74
2157417   0357      228.13
2186056   0357       90.90
2189077   0357       29.75
2196831   0357       90.36
2198274   0357       95.54
2198799   0357       90.90
2199826   0357       90.36
2272067   0357       89.74
23156662  0357       95.46
2376223   0357       91.25
2380275   0357       91.44
2384661   0357       91.36
2529886   0357       91.36
2532585   0357       89.74
2533320   0357       95.00
2533977   0357       34.53
2534786   0357       31.87
2535843   0357       91.44
2536373   0357       91.44
2536795   0357       91.36
2538821   0357       95.00
2539425   0357       95.46
2539607   0357       91.44
2539943   0357       89.74
2541142   0357       91.36
2541439   0357      140.21
2541709   0357       34.59
2543654   0357       91.36
2543932   0357       90.36
2592064   0357       91.44
2592966   0357      117.69
2593377   0357       91.36
2593686   0357       90.90
2596405   0357       49.24
2597854   0357       32.84
2598033   0357       32.84
2598872   0357       89.74
2601437   0357       91.36
2603046   0357       33.42
2605117   0357       91.44
2605164   0357       37.52
2605539   0357       24.51
2605823   0357       31.53
2607322   0357      124.01
2608233   0357      113.88
2608304   0357       89.74
2608554   0357       32.84
2684589   0357       91.36
2741170   0357       38.72
2854705   0357       90.90
2870837   0357       36.73
2910376   0357       89.74
2910432   0357       90.90
2911765   0357       90.90
2912407   0357       89.74
2912692   0357       91.25
2913757   0357       90.90
2913809   0357       89.74
2914272   0357       35.07
2915293   0357       89.74
2915714   0357       91.36
2915780   0357       33.91
2916102   0357       31.87
2916362   0357       34.01
2916467   0357       90.36
2916786   0357       90.90
2918280   0357      228.40
2919212   0357       91.36
2992913   0357       89.74
3035349   0357       91.36
3039370   0357       32.82
3080057   0357      136.88
3080311   0357       91.36
3080984   0357       75.06
3081351   0357       95.46
3082505   0357       84.03
3083006   0357       91.36
3083065   0357       89.74
3083457   0357       32.63
3083843   0357       90.36
3084868   0357       34.01
3084978   0357       93.84
3085009   0357       90.90
3085276   0357       91.47
3090485   0357      113.88
3156003   0357      138.70
3234299   0357       91.47
3245420   0357       91.36
3314884   0357       31.53
3315121   0357       89.74
3315781   0357       89.74
3317339   0357      113.28
3317520   0357       91.36
3318589   0357      126.26
3318694   0357      114.02
3318719   0357       34.01
3319659   0357       90.36
3320986   0357       91.36
3322128   0357       41.04
3322284   0357       90.90
3322381   0357       34.62
3324110   0357      140.21
3324403   0357       91.25
3329806   0357       33.42
3353242   0357      139.86
3457632   0357       80.62
3528540   0357      125.14
3533360   0357      121.91
3534582   0357       91.44
3535445   0357       90.36
3535676   0357       36.94
3535838   0357       32.75
3538837   0357      124.73
3539352   0357       32.84
3541739   0357       91.36
3541975   0357       31.53
3542004   0357       75.14
3542015   0357       25.09
3554092   0357       91.44
3593839   0357       90.90
3598528   0357       35.18
3710064   0357       74.60
3759377   0357       33.33
3784066   0357      118.38
3784441   0357      115.11
3785251   0357       91.36
3792247   0357       91.36
3830110   0357       33.20
3855157   0357       31.53
3855577   0357       91.36
3856978   0357       36.85
3857004   0357       90.90
3857220   0357       91.36
3857667   0357       36.85
3857878   0357       33.42
3858323   0357      182.72
3858856   0357       75.14
3859230   0357      180.95
3864991   0357       91.25
3875055   0357       75.06
3877925   0357      150.28
3878006   0357       74.60
3963688   0357       96.36
3964337   0357       32.48
3965704   0357       93.84
3969513   0357      101.30
4001934   0357      123.00
4064149   0357       42.63
4065177   0357       90.36
4065584   0357       75.06
4065648   0357      133.05
4066245   0357       33.33
4067118   0357      103.66
4067735   0357       74.60
4067795   0357       33.42
4068788   0357      112.58
4071074   0357       74.95
4071241   0357       80.49
4107436   0357       74.60
4191539   0357       90.90
4193094   0357      228.60
4194671   0357      103.41
4195654   0357       32.75
4199927   0357       31.66
4200911   0357       90.90
4238916   0357       31.53
430240    0357       89.74
4317775   0357       75.14
4373204   0357       75.14
4373479   0357      112.58
4375498   0357       32.82
4375998   0357       31.89
4376813   0357       76.49
4377201   0357       32.86
437803    0357       91.36
4378140   0357      112.87
4378236   0357       32.75
4378283   0357       91.36
4378759   0357       75.14
4379154   0357       35.61
4381341   0357       90.36
4381614   0357       73.44
4382400   0357      143.19
4383023   0357       75.14
4383200   0357       33.59
4385047   0357       32.75
4386936   0357       74.60
4387777   0357      186.50
439023    0357       31.85
4409485   0357       75.14
4409788   0357       89.74
4409789   0357      146.88
4414417   0357       99.21
4414541   0357       37.55
4414909   0357       33.42
4415675   0357       89.74
443869    0357       91.36
4609506   0357      115.11
4610129   0357       89.74
4720170   0357      110.16
4720923   0357       75.06
4721016   0357       73.44
4721639   0357       89.74
4722680   0357       40.83
4722814   0357       24.51
4723168   0357       41.53
4723276   0357       74.60
4723403   0357       34.49
4724433   0357       32.84
4725919   0357      150.28
4727740   0357       74.60
4728331   0357       36.85
4729448   0357       31.53
4729575   0357       35.99
4730168   0357       75.14
4730490   0357       90.36
4730823   0357      130.93
4731322   0357       75.14
4731494   0357       95.54
4732090   0357      116.97
4732618   0357       74.06
4734527   0357       74.06
4735505   0357       89.74
4738424   0357       91.36
4739546   0357       95.46
4739796   0357       75.14
4754833   0357       91.44
4803744   0357       75.14
4827213   0357      100.71
4853128   0357       31.87
4882144   0357       35.88
5017295   0357       74.60
5022967   0357       32.75
5237805   0357       75.06
5238236   0357       33.33
5239261   0357       91.25
5240821   0357       95.00
5242545   0357       32.82
5244302   0357      139.32
5244483   0357       74.60
5244484   0357       95.54
5244765   0357      118.13
5245261   0357       75.14
5248926   0357      125.91
5248954   0357       99.10
5249259   0357       75.06
5249817   0357       75.14
5250965   0357       34.01
5251153   0357      140.32
5251214   0357       99.64
5252606   0357      150.28
5253930   0357       31.53
5254613   0357      169.32
5254952   0357       89.74
5255567   0357       75.06
5255641   0357       75.14
5257069   0357      125.59
5257175   0357       32.84
5257421   0357       75.17
5259121   0357       32.75
5259785   0357       94.46
5261116   0357       74.06
5261139   0357       75.06
5261250   0357       43.85
5261418   0357      122.23
5261643   0357       73.44
5263470   0357       36.96
5344986   0357       73.44
5435450   0357       74.06
5436619   0357       75.14
5436795   0357       31.53
5438690   0357       73.44
5439865   0357      187.92
5458236   0357       74.06
5461455   0357       32.84
5658043   0357       75.06
5688352   0357       75.06
5765952   0357       75.06
5779173   0357       75.06
5915261   0357       91.36
5921800   0357       73.44
5923624   0357       75.14
5925143   0357       75.14
5925949   0357       31.53
5935536   0357      187.85
5938630   0357       75.06
5938995   0357       75.06
6044716   0357      112.59
6125595   0357      183.60
6127630   0357      133.34
6238388   0357       74.95
6394853   0357       41.32
64800     0357       91.47
6537141   0357       41.53
6573443   0357      125.14
6573855   0357       75.17
6573893   0357       74.06
6575243   0357       74.60
6584406   0357      225.90
6634354   0357       75.06
6689708   0357       75.06
6690236   0357       75.06
6701344   0357       75.06
673822    0357       90.36
6841910   0357       73.44
7076647   0357       75.06
7211860   0357       75.14
7240399   0357       75.06
7300376   0357       73.44
7301470   0357       36.85
7305494   0357       32.75
7305781   0357       93.84
7308623   0357      117.99
7309317   0357       73.44
7309375   0357       74.60
7310425   0357       75.17
7310959   0357       91.36
7311233   0357      122.89
7311255   0357       73.44
7312149   0357       75.06
7313189   0357       89.74
7314050   0357       73.44
7314987   0357       75.17
7315048   0357       75.14
7315058   0357      187.65
7315331   0357       75.06
7316059   0357       75.17
7316139   0357       75.14
7316607   0357      140.21
7316959   0357      182.88
7317744   0357      179.48
7318041   0357       99.56
7319649   0357      150.28
7321787   0357       74.60
7322304   0357       74.60
7322780   0357       74.06
7322794   0357      144.98
7324725   0357       34.62
7325664   0357       80.62
7325721   0357       32.26
7325722   0357      177.07
7325778   0357       31.83
7328421   0357       73.44
7331943   0357       74.60
7332202   0357       73.44
7332734   0357       49.26
7333145   0357       75.14
7335642   0357       75.06
7337422   0357       42.84
7338055   0357       75.17
7340200   0357       90.90
7340742   0357       41.04
7340989   0357       73.44
7342107   0357       74.60
7342680   0357       91.36
7343605   0357       73.44
7344290   0357       74.60
7344465   0357      149.20
7347856   0357       91.36
7348137   0357       73.44
7348986   0357       75.06
7349428   0357      187.38
7349843   0357       73.44
7350162   0357      127.75
7350273   0357       74.60
7351297   0357      106.84
7352317   0357       74.60
7353364   0357      146.88
7353377   0357       75.06
7354064   0357       73.44
7354848   0357       31.83
7355837   0357      158.26
7355928   0357       94.46
7359478   0357       75.14
7360346   0357       74.06
7360517   0357       75.06
7363171   0357       46.01
7363652   0357       75.06
7365166   0357       77.19
7365545   0357       74.60
7367276   0357       73.44
7368710   0357      146.88
7369018   0357       75.06
7371154   0357       75.06
7372156   0357       73.44
7372973   0357       71.97
7373089   0357       74.06
7373215   0357       75.17
7374243   0357       74.06
7374616   0357       95.46
7377030   0357       74.06
7379256   0357      149.20
7380616   0357       73.44
7381553   0357       75.06
7382148   0357      123.00
7382532   0357       73.44
7384964   0357       75.06
7387544   0357      150.12
7388038   0357       73.44
7388080   0357       75.06
7388125   0357       75.14
7388199   0357      111.09
7391472   0357       74.60
7392153   0357      187.85
7393061   0357       74.60
7393144   0357      146.88
7395742   0357       31.53
7396051   0357      112.59
7398038   0357       40.07
7400031   0357       75.06
7401094   0357       75.06
7401380   0357       75.06
7401853   0357       73.44
7403123   0357       73.44
7403188   0357       74.60
7403563   0357       74.60
7406353   0357       75.06
7409730   0357       74.60
7410177   0357       74.95
7412535   0357       75.14
7412738   0357       74.06
7415285   0357       74.95
7415448   0357       75.06
7416870   0357       73.44
7417289   0357      146.88
7417791   0357      150.12
7418898   0357       73.44
7418939   0357       73.44
7419340   0357       74.60
7419740   0357       73.44
7419800   0357       75.06
7419866   0357      186.50
7420316   0357       75.06
7420429   0357       75.14
7423108   0357       75.14
7423415   0357       75.06
7423444   0357       75.06
7425063   0357       73.44
7425430   0357       75.06
7425900   0357       74.60
7426046   0357       75.06
7427359   0357       73.44
7427520   0357       75.06
7432253   0357       75.14
7435158   0357      183.60
7436077   0357      149.20
7437806   0357       73.44
7437808   0357       73.44
7438450   0357       75.06
7439597   0357      150.34
7439629   0357       75.06
7440809   0357       35.63
7442445   0357       75.06
7444497   0357      110.16
7444651   0357       75.14
7444842   0357       75.06
7444889   0357      150.34
7445661   0357       74.06
7446382   0357       75.14
7447067   0357      187.65
7447334   0357       75.17
7447992   0357       73.44
7449457   0357       74.06
7455429   0357       75.06
7455588   0357       75.06
7465820   0357      187.65
7466779   0357      121.94
7502836   0357       99.64
7548386   0357       74.06
7548420   0357       74.60
770342    0357       91.36
7917981   0357       75.06
7981510   0357       75.14
7982728   0357       73.44
7983170   0357       73.44
7985605   0357       28.61
7988969   0357       75.06
8054279   0357       76.49
8064487   0357       81.97
8068577   0357       44.17
8140450   0357       31.66
8594315   0357       75.06
8718789   0357      150.12
8734286   0357       75.14
9066082   0357       94.46
9100619   0357       75.06
9211039   0357       74.60
9261804   0357       75.14
9317884   0357      150.28
9433060   0357       75.06
9540404   0357       75.14
9540845   0357      112.75
9542018   0357       75.14
9542237   0357       74.60
9543530   0357      103.74
9544345   0357       74.06
9544429   0357       75.14
9544827   0357       75.14
9545198   0357       90.36
9545952   0357      129.58
9547148   0357       74.60
9551389   0357       75.06
9552709   0357       73.44
9553047   0357       74.60
9553149   0357       73.44
9555077   0357       91.47
9555609   0357       73.44
9555641   0357       75.06
9557148   0357      150.34
9557803   0357       74.06
9557875   0357       73.44
9557894   0357      142.80
9558628   0357       74.06
9560453   0357       73.44
9570736   0357       75.06
9601343   0357      187.65
9603154   0357       74.06
9603683   0357       75.06
9603870   0357       31.53
9604166   0357       74.60
9604592   0357      112.43
9607091   0357       90.90
9609337   0357       73.44
9609338   0357      150.12
9612117   0357       75.14
9612530   0357      187.65
9614364   0357      149.20
9615964   0357       75.06
9617493   0357      149.20
9620242   0357      150.28
9620248   0357      150.34
9620376   0357       75.06
9620599   0357       75.14
9620701   0357       74.60
9620720   0357       74.60
9621777   0357       73.44
9622347   0357       75.06
9624596   0357       73.44
9626082   0357       75.06
9626215   0357       74.60
9627150   0357      187.85
9627724   0357       73.44
9629963   0357       75.14
9631462   0357       75.14
9636806   0357       73.44
9638320   0357       75.06
9639201   0357       74.60
9845319   0357       74.06
9846320   0357       75.14
9848693   0357       74.60
9851993   0357       75.06
10107724  3357       74.95
10120357  3357       75.06
10121866  3357       75.14
10125466  3357       73.44
10126656  3357       75.06
10141786  3357       16.70
10312414  3357       74.60
10373550  3357       75.06
10639752  3357       73.44
10726693  3357       75.06
10760806  3357       73.44
10764554  3357       75.14
10770124  3357       75.06
10772668  3357       73.44
10774121  3357       75.14
10775520  3357       74.60
10776516  3357       74.95
10776915  3357       73.44
10777482  3357       73.44
10777645  3357       75.06
10778464  3357       73.44
10779723  3357       75.06
10820078  3357       75.14
10841061  3357       74.06
10841823  3357       74.95
10842205  3357       75.06
10843324  3357       75.06
10844575  3357       74.95
10844947  3357       75.06
10845717  3357       73.44
10845943  3357      302.44
10846532  3357       75.14
10846629  3357       75.06
10847648  3357       73.44
10848158  3357       75.17
10849906  3357       75.06
10849907  3357       75.14
10860593  3357       75.06
10903693  3357       73.44
10959957  3357       75.06
10960021  3357       75.06
10963442  3357       75.14
10963957  3357       75.14
10964062  3357       75.06
1108218   3357       90.90
1112379   3357       91.36
1115136   3357      148.52
11163187  3357       73.44
11177533  3357       73.44
11260715  3357       75.06
11261772  3357       74.95
11262378  3357       75.06
11263756  3357       73.44
11264041  3357       74.06
11264550  3357       74.60
11265527  3357       75.14
11266390  3357       75.06
11267811  3357       74.60
11267932  3357       73.44
11268437  3357       74.95
11269196  3357       75.17
1129535   3357       91.44
11414487  3357       75.14
11425214  3357       75.06
11426462  3357       74.60
11428034  3357       74.60
11429539  3357       75.06
11429792  3357       73.44
11429991  3357       75.06
11430700  3357       75.06
11433167  3357       75.06
11433865  3357       75.06
11434350  3357       75.06
11546168  3357       74.60
11580362  3357       75.14
11584952  3357       75.06
11594236  3357       74.95
11594524  3357       73.44
11596252  3357       75.06
11597667  3357       75.06
11598121  3357       74.06
11598207  3357       73.44
11598956  3357       74.06
11633896  3357       74.06
11651035  3357       75.06
11652405  3357       75.06
11653864  3357       75.06
11694358  3357       73.44
11695394  3357       73.44
11749469  3357       75.06
11783201  3357       75.14
11784637  3357       73.44
11786325  3357       74.95
11786432  3357       76.49
11787653  3357       75.06
11787807  3357       75.06
11788587  3357       68.04
11788630  3357       75.14
11790273  3357       75.06
11790818  3357       75.06
11791177  3357       75.06
11792127  3357       75.06
11792506  3357       73.44
11792846  3357       75.06
118087    3357       25.25
11879419  3357       75.14
11879750  3357       75.14
11881224  3357       74.95
11881668  3357       73.44
11881669  3357       73.44
11882080  3357       74.60
11882720  3357       74.95
11883300  3357       75.06
11949766  3357       74.95
12011761  3357       74.95
12018571  3357       74.60
12018729  3357       73.44
12019816  3357       74.60
12020535  3357       75.17
12021559  3357       75.14
12022428  3357       75.14
12023306  3357       75.17
12023981  3357       75.06
12024178  3357       75.06
12024179  3357       75.06
12025294  3357       75.06
12025488  3357       73.44
12025491  3357       73.44
12026565  3357       75.06
12027260  3357       75.06
12027527  3357       73.44
12027928  3357       73.44
12027973  3357       75.14
1218058   3357       91.36
12241212  3357       73.44
12243077  3357       73.44
12244707  3357       73.44
12247738  3357       75.06
12248400  3357       73.44
12248755  3357       75.14
12248784  3357       74.06
12248960  3357       75.06
12279667  3357       75.06
12314254  3357       75.17
1232375   3357       29.36
12370670  3357       75.17
1239070   3357       90.90
12434895  3357       74.06
12435757  3357       73.44
12435759  3357       55.60
12527456  3357       74.60
12534356  3357       75.06
12536172  3357       75.06
12536549  3357       75.17
1254062   3357       90.36
1257983   3357       91.44
1258658   3357       91.36
1259324   3357       90.36
1260432   3357       91.36
1261562   3357       90.36
1262953   3357      140.32
1263302   3357       89.74
1263303   3357       91.36
1263991   3357       29.94
1265436   3357       91.36
1266723   3357       31.53
1269356   3357       91.44
12698409  3357       73.44
12698965  3357       73.44
12700553  3357       74.60
12701301  3357       73.44
12702273  3357       74.60
12704473  3357       74.06
12704482  3357       75.14
12704649  3357       75.06
12704927  3357       75.06
12705860  3357       75.06
12706171  3357       75.06
12706774  3357       75.14
12707136  3357       75.06
1272390   3357       90.36
1273369   3357       95.46
1277938   3357       90.36
1278407   3357       91.36
12848719  3357       75.06
12849330  3357       75.17
12851330  3357       75.06
12852888  3357       75.06
12878256  3357       75.06
12884972  3357       75.06
12934142  3357       74.60
12934525  3357       73.44
12935305  3357       75.06
12935606  3357       75.06
13032033  3357       75.06
13034237  3357       75.06
13035222  3357       74.95
13084488  3357       74.06
13084886  3357       74.60
13180551  3357       75.06
1318484   3357       90.90
13187816  3357      212.15
13188137  3357       74.06
13188604  3357       74.06
13264411  3357       75.06
13265462  3357       73.44
13265946  3357       75.06
13266369  3357       75.06
13268000  3357       73.44
13268185  3357       73.44
13268457  3357       74.60
13346269  3357       73.44
13408041  3357       74.06
13510172  3357       74.06
13510180  3357       73.44
13527636  3357       75.14
13566631  3357       74.95
13643981  3357       73.44
13643982  3357       73.44
13644051  3357       75.06
13644555  3357       73.44
13644665  3357       75.06
13644680  3357       75.14
13652653  3357       73.44
13674854  3357       75.14
13678857  3357       73.44
13774187  3357       73.44
13774684  3357       75.06
13775452  3357       73.44
13775808  3357       73.44
13777181  3357       73.44
13785046  3357       73.44
13785661  3357       75.06
13785997  3357       74.60
13786181  3357       75.06
13787208  3357       75.06
13787741  3357       73.44
13842354  3357       75.06
13843775  3357       75.06
13856268  3357       75.06
13868652  3357       75.06
13880177  3357       73.44
13905892  3357       73.44
13986119  3357       75.06
13990906  3357       75.14
14003086  3357       74.60
14030527  3357       73.44
14031045  3357       75.06
1404429   3357       91.25
14093727  3357       75.06
14094806  3357       75.14
14143188  3357       74.60
14159223  3357       73.44
14270811  3357       73.44
1431183   3357       91.36
14335445  3357       74.60
1433726   3357       91.36
14372299  3357       75.14
14372818  3357       49.01
14376347  3357       75.06
14398946  3357       75.06
14399267  3357       74.06
14405196  3357       75.06
14513487  3357       73.44
14590375  3357       74.06
14607589  3357       74.06
14649126  3357       73.44
14825867  3357       75.06
14877805  3357       75.14
14877859  3357       75.17
14879704  3357       73.44
14880827  3357       75.14
15170350  3357       74.06
15177340  3357       75.14
15177867  3357       73.44
15306151  3357       74.60
15306996  3357       74.60
15352095  3357       75.06
15444811  3357       75.14
15448608  3357       75.06
15597541  3357       73.44
15598043  3357       73.44
15598319  3357       75.06
15598933  3357       73.44
15599928  3357       74.06
15668851  3357       74.06
15729233  3357       75.06
15729536  3357       74.06
15827139  3357       75.14
15959808  3357       73.44
16001576  3357       73.44
16137706  3357       74.60
16138119  3357       75.06
1631390   3357       80.81
16324090  3357       75.06
16594051  3357       74.06
16641426  3357       74.60
16736267  3357       75.06
17011869  3357       75.06
17012587  3357       75.06
17019549  3357       75.06
17033256  3357       73.44
17104175  3357       75.06
17306742  3357       73.44
1737075   3357       90.90
17379215  3357       74.06
17504786  3357       74.06
17572385  3357       75.06
17626132  3357       74.06
1763812   3357      140.32
1764349   3357       89.74
1765295   3357       26.20
1769938   3357       90.90
1778800   3357       31.67
17965237  3357       75.06
18058393  3357       73.44
18263579  3357       75.06
18263756  3357       75.06
1834693   3357       31.53
18471327  3357       75.06
1854577   3357       91.36
18656459  3357       75.06
18785684  3357       73.44
18950730  3357       73.44
1906129   3357       91.36
19166206  3357       73.44
19262723  3357       75.06
1926999   3357       91.44
19827450  3357       73.44
19850185  3357       73.44
19973112  3357       75.06
20187870  3357       74.06
20189202  3357       75.17
20235584  3357       74.06
2030572   3357       90.90
2033664   3357       91.25
20348834  3357       73.44
20351464  3357       75.06
2130876   3357       89.74
2157417   3357       91.25
2186056   3357       90.90
2189077   3357       29.75
2196831   3357       90.36
2198274   3357       95.54
2198799   3357       90.90
2199826   3357       90.36
2272067   3357       89.74
23156662  3357       95.46
2376223   3357       91.25
2380275   3357       91.44
2384661   3357       91.36
2529886   3357       91.36
2532585   3357       89.74
2533320   3357       95.00
2533977   3357       34.53
2534786   3357       31.87
2535843   3357       91.44
2536373   3357       91.44
2536795   3357       91.36
2538821   3357       95.00
2539425   3357       95.46
2539607   3357       91.44
2539943   3357       89.74
2541142   3357       91.36
2541439   3357      140.21
2541709   3357       34.59
2543654   3357       91.36
2543932   3357       90.36
2592064   3357       91.44
2592966   3357      117.69
2593377   3357       91.36
2593686   3357       90.90
2596405   3357       49.24
2597854   3357       32.84
2598033   3357       32.84
2598872   3357       89.74
2601437   3357       91.36
2603046   3357       33.42
2605117   3357       91.44
2605164   3357       37.52
2605539   3357       24.51
2605823   3357       31.53
2607322   3357      124.01
2608233   3357      113.88
2608304   3357       89.74
2608554   3357       32.84
2684589   3357       91.36
2741170   3357       38.72
2854705   3357       90.90
2870837   3357       36.73
2910376   3357       89.74
2910432   3357       90.90
2911765   3357       90.90
2912407   3357       89.74
2912692   3357       91.25
2913757   3357       90.90
2913809   3357       89.74
2914272   3357       35.07
2915293   3357       89.74
2915714   3357       91.36
2915780   3357       33.91
2916102   3357       31.87
2916362   3357       34.01
2916467   3357       90.36
2916786   3357       90.90
2918280   3357       91.36
2919212   3357       91.36
2992913   3357       89.74
3035349   3357       91.36
3039370   3357       32.82
3080057   3357       91.25
3080311   3357       91.36
3080984   3357       75.06
3081351   3357       95.46
3082505   3357       84.03
3083006   3357       91.36
3083065   3357       89.74
3083457   3357       32.63
3083843   3357       90.36
3084868   3357       34.01
3084978   3357       93.84
3085009   3357       90.90
3085276   3357       91.47
3090485   3357      113.88
3156003   3357      138.70
3234299   3357       91.47
3245420   3357       91.36
3314884   3357       31.53
3315121   3357       89.74
3315781   3357       89.74
3317339   3357      113.28
3317520   3357       91.36
3318589   3357      126.26
3318694   3357      114.02
3318719   3357       34.01
3319659   3357       90.36
3320986   3357       91.36
3322128   3357       41.04
3322284   3357       90.90
3322381   3357       34.62
3324110   3357      140.21
3324403   3357       91.25
3329806   3357       33.42
3353242   3357      139.86
3457632   3357       80.62
3528540   3357      125.14
3533360   3357      121.91
3534582   3357       91.44
3535445   3357       90.36
3535676   3357       36.94
3535838   3357       32.75
3538837   3357      124.73
3539352   3357       32.84
3541739   3357       91.36
3541975   3357       31.53
3542004   3357       75.14
3542015   3357       25.09
3554092   3357       91.44
3593839   3357       90.90
3598528   3357       35.18
3710064   3357       74.60
3759377   3357       33.33
3784066   3357      118.38
3784441   3357      115.11
3785251   3357       91.36
3792247   3357       91.36
3830110   3357       33.20
3855157   3357       31.53
3855577   3357       91.36
3856978   3357       36.85
3857004   3357       90.90
3857220   3357       91.36
3857667   3357       36.85
3857878   3357       33.42
3858323   3357       91.36
3858856   3357       75.14
3859230   3357      120.63
3864991   3357       91.25
3875055   3357       75.06
3877925   3357       75.14
3878006   3357       74.60
3963688   3357       96.36
3964337   3357       32.48
3965704   3357       93.84
3969513   3357      101.30
4001934   3357      123.00
4064149   3357       42.63
4065177   3357       90.36
4065584   3357       75.06
4065648   3357      133.05
4066245   3357       33.33
4067118   3357      103.66
4067735   3357       74.60
4067795   3357       33.42
4068788   3357      112.58
4071074   3357       74.95
4071241   3357       80.49
4107436   3357       74.60
4191539   3357       90.90
4193094   3357       91.44
4194671   3357      103.41
4195654   3357       32.75
4199927   3357       31.66
4200911   3357       90.90
4238916   3357       31.53
430240    3357       89.74
4317775   3357       75.14
4373204   3357       75.14
4373479   3357      112.58
4375498   3357       32.82
4375998   3357       31.89
4376813   3357       76.49
4377201   3357       32.86
437803    3357       91.36
4378140   3357      112.87
4378236   3357       32.75
4378283   3357       91.36
4378759   3357       75.14
4379154   3357       35.61
4381341   3357       90.36
4381614   3357       73.44
4382400   3357       95.46
4383023   3357       75.14
4383200   3357       33.59
4385047   3357       32.75
4386936   3357       74.60
4387777   3357       74.60
439023    3357       31.85
4409485   3357       75.14
4409788   3357       89.74
4409789   3357       73.44
4414417   3357       99.21
4414541   3357       37.55
4414909   3357       33.42
4415675   3357       89.74
443869    3357       91.36
4609506   3357      115.11
4610129   3357       89.74
4720170   3357       73.44
4720923   3357       75.06
4721016   3357       73.44
4721639   3357       89.74
4722680   3357       40.83
4722814   3357       24.51
4723168   3357       41.53
4723276   3357       74.60
4723403   3357       34.49
4724433   3357       32.84
4725919   3357       75.14
4727740   3357       74.60
4728331   3357       36.85
4729448   3357       31.53
4729575   3357       35.99
4730168   3357       75.14
4730490   3357       90.36
4730823   3357      130.93
4731322   3357       75.14
4731494   3357       95.54
4732090   3357      116.97
4732618   3357       74.06
4734527   3357       74.06
4735505   3357       89.74
4738424   3357       91.36
4739546   3357       95.46
4739796   3357       75.14
4754833   3357       91.44
4803744   3357       75.14
4827213   3357      100.71
4853128   3357       31.87
4882144   3357       35.88
5017295   3357       74.60
5022967   3357       32.75
5237805   3357       75.06
5238236   3357       33.33
5239261   3357       91.25
5240821   3357       95.00
5242545   3357       32.82
5244302   3357      139.32
5244483   3357       74.60
5244484   3357       95.54
5244765   3357      118.13
5245261   3357       75.14
5248926   3357      125.91
5248954   3357       99.10
5249259   3357       75.06
5249817   3357       75.14
5250965   3357       34.01
5251153   3357      140.32
5251214   3357       99.64
5252606   3357       75.14
5253930   3357       31.53
5254613   3357      169.32
5254952   3357       89.74
5255567   3357       75.06
5255641   3357       75.14
5257069   3357      125.59
5257175   3357       32.84
5257421   3357       75.17
5259121   3357       32.75
5259785   3357       94.46
5261116   3357       74.06
5261139   3357       75.06
5261250   3357       43.85
5261418   3357      122.23
5261643   3357       73.44
5263470   3357       36.96
5344986   3357       73.44
5435450   3357       74.06
5436619   3357       75.14
5436795   3357       31.53
5438690   3357       73.44
5439865   3357       75.17
5458236   3357       74.06
5461455   3357       32.84
5658043   3357       75.06
5688352   3357       75.06
5765952   3357       75.06
5779173   3357       75.06
5915261   3357       91.36
5921800   3357       73.44
5923624   3357       75.14
5925143   3357       75.14
5925949   3357       31.53
5935536   3357       75.14
5938630   3357       75.06
5938995   3357       75.06
6044716   3357       75.06
6125595   3357       73.44
6127630   3357      133.34
6238388   3357       74.95
6394853   3357       41.32
64800     3357       91.47
6537141   3357       41.53
6573443   3357      125.14
6573855   3357       75.17
6573893   3357       74.06
6575243   3357       74.60
6584406   3357       90.36
6634354   3357       75.06
6689708   3357       75.06
6690236   3357       75.06
6701344   3357       75.06
673822    3357       90.36
6841910   3357       73.44
7076647   3357       75.06
7211860   3357       75.14
7240399   3357       75.06
7300376   3357       73.44
7301470   3357       36.85
7305494   3357       32.75
7305781   3357       93.84
7308623   3357      117.99
7309317   3357       73.44
7309375   3357       74.60
7310425   3357       75.17
7310959   3357       91.36
7311233   3357      122.89
7311255   3357       73.44
7312149   3357       75.06
7313189   3357       89.74
7314050   3357       73.44
7314987   3357       75.17
7315048   3357       75.14
7315058   3357       75.06
7315331   3357       75.06
7316059   3357       75.17
7316139   3357       75.14
7316607   3357      140.21
7316959   3357       91.44
7317744   3357       89.74
7318041   3357       99.56
7319649   3357       75.14
7321787   3357       74.60
7322304   3357       74.60
7322780   3357       74.06
7322794   3357      144.98
7324725   3357       34.62
7325664   3357       80.62
7325721   3357       32.26
7325722   3357      177.07
7325778   3357       31.83
7328421   3357       73.44
7331943   3357       74.60
7332202   3357       73.44
7332734   3357       32.84
7333145   3357       75.14
7335642   3357       75.06
7337422   3357       42.84
7338055   3357       75.17
7340200   3357       90.90
7340742   3357       41.04
7340989   3357       73.44
7342107   3357       74.60
7342680   3357       91.36
7343605   3357       73.44
7344290   3357       74.60
7344465   3357       74.60
7347856   3357       91.36
7348137   3357       73.44
7348986   3357       75.06
7349428   3357       74.95
7349843   3357       73.44
7350162   3357      127.75
7350273   3357       74.60
7351297   3357      106.84
7352317   3357       74.60
7353364   3357       73.44
7353377   3357       75.06
7354064   3357       73.44
7354848   3357       31.83
7355837   3357       63.31
7355928   3357       94.46
7359478   3357       75.14
7360346   3357       74.06
7360517   3357       75.06
7363171   3357       46.01
7363652   3357       75.06
7365166   3357       77.19
7365545   3357       74.60
7367276   3357       73.44
7368710   3357       73.44
7369018   3357       75.06
7371154   3357       75.06
7372156   3357       73.44
7372973   3357       71.97
7373089   3357       74.06
7373215   3357       75.17
7374243   3357       74.06
7374616   3357       95.46
7377030   3357       74.06
7379256   3357       74.60
7380616   3357       73.44
7381553   3357       75.06
7382148   3357      123.00
7382532   3357       73.44
7384964   3357       75.06
7387544   3357       75.06
7388038   3357       73.44
7388080   3357       75.06
7388125   3357       75.14
7388199   3357       74.06
7391472   3357       74.60
7392153   3357       75.14
7393061   3357       74.60
7393144   3357       73.44
7395742   3357       31.53
7396051   3357       75.06
7398038   3357       40.07
7400031   3357       75.06
7401094   3357       75.06
7401380   3357       75.06
7401853   3357       73.44
7403123   3357       73.44
7403188   3357       74.60
7403563   3357       74.60
7406353   3357       75.06
7409730   3357       74.60
7410177   3357       74.95
7412535   3357       75.14
7412738   3357       74.06
7415285   3357       74.95
7415448   3357       75.06
7416870   3357       73.44
7417289   3357       73.44
7417791   3357       75.06
7418898   3357       73.44
7418939   3357       73.44
7419340   3357       74.60
7419740   3357       73.44
7419800   3357       75.06
7419866   3357       74.60
7420316   3357       75.06
7420429   3357       75.14
7423108   3357       75.14
7423415   3357       75.06
7423444   3357       75.06
7425063   3357       73.44
7425430   3357       75.06
7425900   3357       74.60
7426046   3357       75.06
7427359   3357       73.44
7427520   3357       75.06
7432253   3357       75.14
7435158   3357       73.44
7436077   3357       74.60
7437806   3357       73.44
7437808   3357       73.44
7438450   3357       75.06
7439597   3357       75.17
7439629   3357       75.06
7440809   3357       35.63
7442445   3357       75.06
7444497   3357       73.44
7444651   3357       75.14
7444842   3357       75.06
7444889   3357       75.17
7445661   3357       74.06
7446382   3357       75.14
7447067   3357       75.06
7447334   3357       75.17
7447992   3357       73.44
7449457   3357       74.06
7455429   3357       75.06
7455588   3357       75.06
7465820   3357       75.06
7466779   3357      121.94
7502836   3357       99.64
7548386   3357       74.06
7548420   3357       74.60
770342    3357       91.36
7917981   3357       75.06
7981510   3357       75.14
7982728   3357       73.44
7983170   3357       73.44
7985605   3357       28.61
7988969   3357       75.06
8054279   3357       76.49
8064487   3357       40.99
8068577   3357       44.17
8140450   3357       31.66
8594315   3357       75.06
8718789   3357       75.06
8734286   3357       75.14
9066082   3357       94.46
9100619   3357       75.06
9211039   3357       74.60
9261804   3357       75.14
9317884   3357       75.14
9433060   3357       75.06
9540404   3357       75.14
9540845   3357       75.17
9542018   3357       75.14
9542237   3357       74.60
9543530   3357      103.74
9544345   3357       74.06
9544429   3357       75.14
9544827   3357       75.14
9545198   3357       90.36
9545952   3357      129.58
9547148   3357       74.60
9551389   3357       75.06
9552709   3357       73.44
9553047   3357       74.60
9553149   3357       73.44
9555077   3357       91.47
9555609   3357       73.44
9555641   3357       75.06
9557148   3357       75.17
9557803   3357       74.06
9557875   3357       73.44
9557894   3357      142.80
9558628   3357       74.06
9560453   3357       73.44
9570736   3357       75.06
9601343   3357       75.06
9603154   3357       74.06
9603683   3357       75.06
9603870   3357       31.53
9604166   3357       74.60
9604592   3357       74.95
9607091   3357       90.90
9609337   3357       73.44
9609338   3357       75.06
9612117   3357       75.14
9612530   3357       75.06
9614364   3357       74.60
9615964   3357       75.06
9617493   3357       74.60
9620242   3357       75.14
9620248   3357       75.17
9620376   3357       75.06
9620599   3357       75.14
9620701   3357       74.60
9620720   3357       74.60
9621777   3357       73.44
9622347   3357       75.06
9624596   3357       73.44
9626082   3357       75.06
9626215   3357       74.60
9627150   3357       75.14
9627724   3357       73.44
9629963   3357       75.14
9631462   3357       75.14
9636806   3357       73.44
9638320   3357       75.06
9639201   3357       74.60
9845319   3357       74.06
9846320   3357       75.14
9848693   3357       74.60
9851993   3357       75.06
