10107724  0357       75.40
10120357  0357       92.55
10121866  0357      164.75
10125466  0357       57.50
10126656  0357       61.70
10141786  0357       65.90
10312414  0357       57.50
10373550  0357      123.40
10639752  0357       57.50
10726693  0357       61.70
10760806  0357       57.50
10764554  0357       65.90
10770124  0357       61.70
10772668  0357       57.50
10774121  0357       65.90
10775520  0357      115.00
10776516  0357       75.40
10776915  0357       57.50
10777645  0357       92.55
10778464  0357       57.50
10779723  0357      104.90
10784623  0357       61.70
10820078  0357       65.90
10840266  0357       61.70
10841061  0357       57.50
10841823  0357       75.40
10842205  0357       61.70
10843324  0357      154.25
10844575  0357      150.80
10844947  0357      154.25
10845717  0357       57.50
10845943  0357       75.40
10846474  0357       61.70
10846532  0357       65.90
10846629  0357       61.70
10846940  0357      123.40
10846985  0357       61.70
10847648  0357       57.50
10848158  0357      121.25
10849906  0357       61.70
10849907  0357       65.90
10860593  0357       61.70
10903693  0357       57.50
10959957  0357       61.70
10960021  0357       61.70
10963442  0357       65.90
10963957  0357       65.90
10964062  0357      123.40
1108218   0357       78.57
1112379   0357       78.84
1115136   0357      103.59
11163187  0357       57.50
11177533  0357       57.50
11260715  0357       61.70
11261772  0357       75.40
11262378  0357       61.70
11263756  0357       57.50
11264465  0357       61.70
11264550  0357       57.50
11265496  0357       61.70
11265527  0357       65.90
11266390  0357      123.40
11267811  0357      115.00
11267932  0357      115.00
11268437  0357       75.40
11269196  0357       70.50
1129535   0357       78.70
11414487  0357       65.90
11425214  0357       61.70
11425449  0357       61.70
11426462  0357       57.50
11428034  0357       57.50
11428889  0357      154.25
11429539  0357      123.40
11429792  0357       57.50
11429991  0357       92.55
11430700  0357       61.70
11433167  0357       61.70
11433865  0357      123.40
11433968  0357      123.40
11434350  0357       61.70
11546168  0357       57.50
11580362  0357       65.90
11584952  0357       61.70
11586448  0357       65.90
11589730  0357      123.40
11594236  0357       75.40
11594524  0357       57.50
11596252  0357       61.70
11597667  0357       61.70
11598121  0357       57.50
11598207  0357       57.50
11598956  0357       57.50
11633896  0357       57.50
11645810  0357       61.70
11651035  0357       61.70
11651090  0357       61.70
11652405  0357       61.70
11653864  0357       61.70
11694358  0357       57.50
11694758  0357       61.70
11695394  0357      115.00
11749469  0357       61.70
11783201  0357       65.90
11783366  0357       75.40
11784637  0357       57.50
11786325  0357       75.40
11786432  0357       57.50
11787653  0357      123.40
11787807  0357       61.70
11788587  0357      131.80
11788630  0357       65.90
11790273  0357       61.70
11790818  0357       92.55
11791177  0357       61.70
11792127  0357       61.70
11792506  0357       57.50
11792846  0357       61.70
11878930  0357       61.70
11879419  0357       65.90
11879750  0357       75.40
11881224  0357       75.40
11881668  0357      143.75
11881669  0357      103.10
11882080  0357       57.50
11882720  0357       75.40
11883300  0357      123.40
11949766  0357       75.40
12011761  0357      150.80
12018571  0357       86.25
12018729  0357       57.50
12018852  0357       61.70
12019816  0357       57.50
12020535  0357       70.50
12021559  0357       65.90
12021966  0357       61.70
12022428  0357       65.90
12023306  0357       70.50
12023981  0357       92.55
12024178  0357       61.70
12024179  0357       61.70
12025294  0357       92.55
12025488  0357       57.50
12025491  0357       57.50
12026565  0357       61.70
12027093  0357       61.70
12027260  0357      109.04
12027527  0357       57.50
12027928  0357       57.50
12027973  0357      131.80
12080554  0357       61.70
12241212  0357       86.25
12242270  0357       61.70
12243077  0357       57.50
12244707  0357       57.50
12247738  0357       92.55
12248400  0357      143.75
12248745  0357       61.70
12248755  0357       65.90
12248784  0357      115.00
12248960  0357       61.70
12249178  0357       75.40
12279667  0357       61.70
12314254  0357      176.25
1232375   0357       78.70
12369466  0357       61.70
12370670  0357       70.50
1239070   0357       78.57
12434895  0357       57.50
12435304  0357       61.70
12435757  0357       86.25
12435759  0357      154.25
12527456  0357       57.50
12534356  0357       61.70
12536172  0357       61.70
12536549  0357       70.50
1257983   0357       78.70
1258658   0357       78.84
1261562   0357       78.57
1262953   0357       94.00
1263302   0357       78.57
1263303   0357       78.84
12638103  0357       57.50
1265436   0357       78.84
1266723   0357       54.27
12691465  0357       61.70
1269356   0357      157.41
12698409  0357       57.50
12698965  0357       57.50
12700553  0357       57.50
12701276  0357       61.70
12701301  0357      143.75
12702273  0357       57.50
12704473  0357       57.50
12704482  0357      131.80
12704649  0357       61.70
12704927  0357       61.70
12705860  0357       61.70
12706171  0357       61.70
12706774  0357      131.80
12707136  0357       61.70
1272390   0357       78.57
1273369   0357       78.84
1277938   0357       78.57
1278407   0357       78.84
12848719  0357       61.70
12849330  0357       70.50
12851330  0357       61.70
12852888  0357       61.70
12858616  0357       92.55
12878256  0357       61.70
12884972  0357       61.70
12934142  0357       57.50
12934525  0357       57.50
12935305  0357       61.70
12935606  0357       61.70
13032012  0357      143.75
13032033  0357       61.70
13034237  0357       61.70
13035222  0357       75.40
13084488  0357       57.50
13084886  0357       57.50
13179920  0357       57.50
13180551  0357       61.70
1318484   0357       78.57
13187744  0357      123.40
13187816  0357       92.55
13188137  0357       57.50
13188604  0357       86.25
13264411  0357       61.70
13265462  0357       57.50
13265946  0357       92.55
13266369  0357       61.70
13268000  0357      115.00
13268185  0357      115.00
13268457  0357       57.50
13268537  0357       92.55
13343258  0357       57.50
13408041  0357       57.50
13510172  0357       57.50
13510180  0357       57.50
13519440  0357       57.50
13527636  0357       65.90
13566631  0357       75.40
13643981  0357      115.00
13643982  0357       86.25
13644051  0357       61.70
13644555  0357      143.75
13644665  0357       61.70
13644680  0357      164.75
13652653  0357       57.50
13674854  0357       65.90
13678214  0357       61.70
13678857  0357       57.50
13679940  0357       61.70
13724134  0357       92.55
13774187  0357       57.50
13774684  0357       61.70
13775452  0357       57.50
13775808  0357       57.50
13777181  0357       86.25
13785046  0357       57.50
13785661  0357       61.70
13785997  0357       57.50
13786181  0357       65.90
13787208  0357       61.70
13787741  0357       57.50
13842354  0357       61.70
13843775  0357       61.70
13856268  0357       61.70
13867427  0357       92.55
13868652  0357       61.70
13880177  0357       61.70
13880981  0357       61.70
13905892  0357       57.50
13986119  0357       61.70
13990906  0357       98.85
14003086  0357       57.50
14030527  0357       57.50
14031045  0357       61.70
14031497  0357      154.25
14093727  0357       92.55
14094806  0357       65.90
14143188  0357       57.50
14159223  0357      115.00
14176671  0357       61.70
14228153  0357       61.70
14270811  0357      143.75
14293118  0357       92.55
1431183   0357       78.84
14335445  0357       57.50
14335539  0357       61.70
14372299  0357       65.90
14372545  0357       57.50
14372818  0357      203.40
14376347  0357       61.70
14398946  0357       61.70
14399267  0357       86.25
14405196  0357       61.70
14405401  0357       61.70
14513487  0357       57.50
14590375  0357       57.50
14607589  0357       86.25
14648947  0357       61.70
14649126  0357       57.50
14825867  0357      154.25
14877620  0357       61.70
14877805  0357       65.90
14877859  0357       70.50
14879597  0357      123.40
14879704  0357      143.75
14880827  0357       65.90
14880972  0357      123.40
15170350  0357       57.50
15177340  0357       65.90
15177867  0357      115.00
15229138  0357       61.70
15272372  0357       57.50
15306151  0357      143.75
15306996  0357       57.50
15351139  0357       61.70
15352095  0357       61.70
15444190  0357       61.70
15444811  0357       65.90
15448608  0357       61.70
15597541  0357       57.50
15598043  0357       57.50
15598319  0357       61.70
15598510  0357      123.40
15598933  0357       57.50
15599928  0357       86.25
15599929  0357      123.40
15668151  0357      123.40
15668851  0357       57.50
15690244  0357       57.50
15729233  0357       92.55
15729536  0357      143.75
15778630  0357       92.55
15885754  0357       57.50
15959808  0357       57.50
15961650  0357       57.50
16001576  0357       57.50
16137706  0357       57.50
16138119  0357       92.55
1631390   0357       92.42
16324090  0357       61.70
16385667  0357       57.50
16387437  0357      123.40
16594051  0357       57.50
16641426  0357       57.50
16736267  0357       61.70
16770549  0357       61.70
16788972  0357      123.40
16796439  0357      115.00
16796669  0357       57.50
17011869  0357      123.40
17012587  0357      154.25
17019549  0357       61.70
17033230  0357       57.50
17033256  0357       57.50
17104175  0357       92.55
17104709  0357       61.70
17306742  0357       57.50
1737075   0357       78.57
17379215  0357       86.25
17380736  0357       57.50
17572385  0357      123.40
17574055  0357       57.50
17626132  0357      115.00
1763812   0357       94.00
1764349   0357       78.57
1765295   0357      157.13
1769938   0357       78.57
17727473  0357       57.50
17859806  0357       57.50
17859921  0357      115.00
17872590  0357       61.70
17942640  0357       61.70
17965237  0357       92.55
18054647  0357       61.70
18058393  0357       57.50
18059918  0357       61.70
18263579  0357       61.70
18263756  0357       61.70
18421508  0357       57.50
18422439  0357      123.40
18618969  0357       57.50
18655916  0357       61.70
18656459  0357       92.55
18785684  0357       57.50
18923581  0357       57.50
18928116  0357       57.50
18950730  0357       57.50
1906129   0357       78.84
19166206  0357      143.75
19262723  0357       61.70
1926999   0357       78.70
19324610  0357      123.40
19348247  0357       61.70
19424156  0357      123.40
19431369  0357       61.70
19436769  0357       61.70
19827450  0357       61.70
19850185  0357      143.75
19886649  0357      154.25
19973112  0357       61.70
20046577  0357      115.00
20046584  0357      115.00
20187870  0357      115.00
20189202  0357       70.50
20235584  0357      115.00
2030572   0357       78.57
2033664   0357       83.68
20348834  0357       86.25
20351464  0357      123.40
2101693   0357       92.49
21140944  0357       86.25
2130876   0357       78.57
21505687  0357      143.75
2157417   0357      209.20
2186056   0357       78.57
2189077   0357       78.57
2196831   0357       78.57
2198274   0357       79.00
2198799   0357       78.57
22326349  0357       57.50
2272067   0357       78.57
23156662  0357       78.84
2376223   0357       85.27
2380275   0357       78.70
2384661   0357       78.84
2529886   0357       78.84
2532585   0357       78.57
2533320   0357       78.57
2534786   0357       57.67
2535843   0357       78.70
2536373   0357       78.70
2536795   0357       78.84
2539607   0357       78.70
2539943   0357       78.57
2541142   0357       78.84
2541439   0357      107.52
2541709   0357       78.84
2543654   0357       78.84
2543813   0357       78.84
2543932   0357       78.57
2592064   0357       78.70
2592966   0357       85.64
2593377   0357       78.84
2593686   0357       78.57
2596405   0357       93.16
2597854   0357       78.84
2598033   0357       78.84
2598733   0357       78.70
2598872   0357       78.57
2601437   0357       78.84
2603046   0357       78.84
2605164   0357       78.84
2605823   0357       54.27
2607322   0357       84.91
2608233   0357       82.83
2608304   0357       78.57
2608554   0357       78.84
2684589   0357       78.84
2741170   0357       83.49
2854705   0357       78.57
2870837   0357       78.57
2910376   0357       78.57
2910432   0357       78.57
2911765   0357       78.57
2912407   0357       78.57
2912692   0357       83.68
2913757   0357       78.57
2913809   0357       78.57
2915293   0357       78.57
2915714   0357       78.84
2915780   0357       78.57
2916362   0357       78.84
2916467   0357       78.57
2916786   0357       78.57
2918280   0357      197.10
2992913   0357       78.57
3035349   0357       78.84
3080057   0357      125.52
3080311   0357       78.84
3080984   0357      114.89
3081351   0357       78.84
3082505   0357       94.59
3083006   0357       78.84
3083065   0357       78.57
3083457   0357       78.57
3083843   0357       78.57
3084868   0357       78.84
3084978   0357       78.57
3085009   0357       78.57
3085276   0357       78.73
3090485   0357       83.92
3156003   0357       89.62
3234299   0357       78.73
3245420   0357       78.84
3314884   0357       58.80
3315121   0357       78.57
3315781   0357       78.57
3317339   0357       83.70
3318589   0357       91.03
3318694   0357       94.95
3318719   0357       78.84
3320986   0357       78.84
3322128   0357       83.56
3322284   0357       78.57
3322381   0357       78.70
3324084   0357      109.59
3324110   0357      118.19
3329806   0357       78.84
3353242   0357       89.62
3528540   0357       85.67
3533360   0357      100.65
3535445   0357       78.57
3535838   0357       78.57
3538837   0357       85.54
3539352   0357       78.84
3541739   0357       78.84
3541975   0357       54.27
3542004   0357       65.90
3542015   0357       62.63
3554092   0357       78.70
3593839   0357       78.57
3598528   0357       78.84
3710064   0357      101.56
3759377   0357       78.57
3784066   0357       78.57
3784441   0357       87.53
3785251   0357       78.84
3792247   0357       78.84
3830110   0357       78.57
3855157   0357       54.27
3855577   0357       78.84
3856978   0357       78.57
3857004   0357       78.57
3857220   0357       78.84
3857667   0357       78.57
3857878   0357       78.70
3858323   0357      157.68
3858856   0357       65.90
3859230   0357      123.97
3864991   0357       91.58
3875055   0357       97.03
3877925   0357      241.68
3878006   0357       98.49
3963688   0357       93.39
3964093   0357      108.00
3964337   0357       78.57
3965704   0357       78.57
3969513   0357       79.13
4001934   0357      103.51
4064149   0357       84.66
4065177   0357       78.57
4065584   0357       61.70
4065648   0357      102.04
4066245   0357       78.57
4067118   0357       91.61
4067735   0357       90.84
4067795   0357       78.84
4068788   0357       78.57
4071074   0357      112.14
4071241   0357       92.82
4107436   0357       57.50
4191539   0357       78.57
4193094   0357      196.76
4194671   0357       84.88
4195654   0357       78.57
4199927   0357       54.27
4200911   0357       78.57
4238916   0357       78.57
430240    0357       78.57
4317775   0357      120.92
4373204   0357      124.38
4373479   0357       78.57
4375498   0357       83.68
4375998   0357       80.51
4376813   0357       86.24
4377201   0357       78.70
4378140   0357       78.57
4378236   0357       78.57
4378283   0357       78.57
4378759   0357      114.66
4379154   0357       78.57
4381341   0357       78.57
4381614   0357       89.68
4382400   0357      118.26
4383023   0357      104.81
4383200   0357       78.57
4385047   0357       78.84
4386936   0357       70.50
4387777   0357      210.06
4409485   0357      116.10
4409788   0357       78.57
4409789   0357      170.59
4414417   0357       89.24
4414541   0357       83.41
4414909   0357       78.84
4415675   0357       78.57
443869    0357       78.84
4609506   0357       84.52
4610129   0357       78.57
4720170   0357       86.25
4720923   0357       61.70
4721016   0357       57.50
4721639   0357       78.57
4722680   0357       78.57
4722814   0357       63.25
4723168   0357       78.57
4723403   0357       78.57
4724433   0357       78.84
4725919   0357      131.80
4727740   0357       57.50
4728331   0357       78.57
4729448   0357       56.05
4730168   0357      121.00
4730490   0357       78.57
4730823   0357      118.47
4731322   0357      117.06
4731494   0357       85.42
4732090   0357       90.88
4732618   0357       88.88
4734527   0357       57.50
4734940   0357       57.50
4735505   0357       78.57
4738424   0357       78.84
4739546   0357      104.14
4739796   0357       65.90
4754833   0357      106.19
4803744   0357      132.86
4805842   0357       61.70
4827213   0357       88.80
4853128   0357       73.28
4882144   0357       59.04
5017295   0357       57.50
5022967   0357       78.70
5237805   0357       61.70
5238236   0357       78.57
5239261   0357       91.29
5240821   0357       78.57
5242545   0357       88.51
5244302   0357       89.62
5244483   0357       57.50
5244484   0357       85.42
5244765   0357       78.57
5245261   0357       65.90
5248926   0357       90.27
5248954   0357       83.00
5249259   0357       61.70
5249817   0357       65.90
5250965   0357       78.84
5251153   0357      100.48
5251214   0357       90.48
5252606   0357      131.80
5253930   0357       78.57
5254613   0357      102.18
5254952   0357       78.57
5255567   0357       61.70
5255641   0357       65.90
5257069   0357       82.69
5257175   0357       78.84
5257421   0357       70.50
5257727   0357      154.25
5257774   0357       61.70
5259121   0357       78.57
5259785   0357       78.57
5261116   0357       57.50
5261139   0357       98.03
5261250   0357       78.57
5261418   0357       81.03
5261643   0357       98.06
5263470   0357       88.00
5344986   0357       57.50
5435450   0357       88.25
5436619   0357       65.90
5436795   0357       60.56
5438690   0357       86.26
5439480   0357       61.70
5439865   0357      176.25
5458236   0357       57.50
5461455   0357       78.84
5605414   0357      200.69
5658043   0357       98.15
5688352   0357       61.70
5765952   0357       61.70
5779173   0357       61.70
5915261   0357       78.84
5921128   0357      118.55
5921800   0357       57.50
5923624   0357       65.90
5925143   0357       65.90
5925949   0357       54.27
5929492   0357       61.70
5935536   0357      309.32
5938630   0357      102.64
5938995   0357       61.70
6044716   0357       92.55
6125595   0357      207.66
6127630   0357       91.09
6238388   0357       75.40
6394853   0357       70.17
6537141   0357       78.57
6573443   0357      102.07
6573855   0357       70.50
6573893   0357       57.50
6575243   0357       57.50
6575301   0357       61.70
6584406   0357      196.41
6602322   0357       57.50
6634354   0357       61.70
6689708   0357       61.70
6690236   0357       61.70
6701343   0357       61.70
6701344   0357      103.78
6701453   0357       61.70
673822    0357       78.57
6841910   0357       57.50
7211860   0357       65.90
7240399   0357       61.70
7300376   0357       86.26
7301470   0357       78.57
7305494   0357       78.84
7305781   0357       78.57
7308623   0357       92.28
7309317   0357       57.50
7309375   0357       57.50
7310425   0357       70.50
7310959   0357       78.84
7311233   0357       84.16
7311255   0357      101.88
7312149   0357       99.10
7313189   0357       78.57
7314050   0357       92.94
7314987   0357       70.50
7315048   0357       65.90
7315058   0357      238.32
7315331   0357       61.70
7316059   0357       70.50
7316139   0357       65.90
7316607   0357      107.52
7316959   0357      157.41
7317744   0357      157.13
7318041   0357       85.85
7319649   0357      131.80
7321787   0357       57.50
7322304   0357       57.50
7322780   0357       57.50
7322794   0357      110.89
7324725   0357       78.70
7325664   0357       78.11
7325721   0357       78.84
7325722   0357      114.56
7325778   0357       54.27
7328421   0357       57.50
7330948   0357       61.70
7331943   0357      144.27
7332202   0357       98.06
7332734   0357      118.26
7333145   0357      122.39
7333526   0357      196.11
7335642   0357       61.70
7337422   0357       77.17
7337778   0357       57.50
7338055   0357       70.50
7340200   0357       78.57
7340742   0357       83.56
7340989   0357       92.29
7342107   0357       57.50
7342680   0357       78.84
7343605   0357       57.50
7344290   0357       57.50
7344465   0357      115.00
7347856   0357       78.84
7348137   0357       57.50
7348986   0357      100.10
7349428   0357      188.50
7349843   0357       57.50
7350162   0357       80.71
7350273   0357       57.50
7351297   0357       67.92
7352317   0357       57.50
7353377   0357       61.70
7354064   0357       57.50
7354848   0357       54.27
7355928   0357       78.57
7359478   0357       65.90
7360346   0357       57.50
7360517   0357       61.70
7363171   0357       75.22
7363652   0357       61.70
7365166   0357       98.70
7365545   0357       57.50
7367276   0357       57.50
7368710   0357      115.00
7369018   0357       61.70
7371154   0357       61.70
7372156   0357       57.50
7372973   0357       87.68
7373089   0357       57.50
7373215   0357       70.50
7374243   0357       87.86
7374616   0357       78.84
7377030   0357       57.50
7377579   0357       61.70
7379256   0357      115.00
7380616   0357       57.50
7381553   0357       61.70
7382148   0357       86.94
7382532   0357       57.50
7384964   0357       61.70
7387544   0357      123.40
7388038   0357       57.50
7388080   0357       61.70
7388125   0357       65.90
7388199   0357      131.78
7389581   0357       61.70
7391472   0357       57.50
7392153   0357      164.75
7393061   0357       57.50
7393144   0357      115.00
7395742   0357       54.27
7396051   0357       92.55
7398038   0357       69.93
7400031   0357       61.70
7401094   0357       61.70
7401380   0357       93.62
7401853   0357       57.50
7403123   0357       57.50
7403188   0357       57.50
7403563   0357       57.50
7406353   0357       61.70
7408531   0357       61.70
7409730   0357       57.50
7410177   0357       75.40
7412535   0357       65.90
7412738   0357       57.50
7415285   0357       75.40
7415448   0357       61.70
7416870   0357       57.50
7417289   0357      115.00
7417791   0357      123.40
7418898   0357       57.50
7418939   0357       61.70
7419340   0357       57.50
7419740   0357       96.70
7419800   0357       61.70
7419866   0357      143.75
7420316   0357       61.70
7420429   0357       65.90
7423108   0357       65.90
7423415   0357       61.70
7423444   0357      109.78
7425063   0357       57.50
7425430   0357       61.70
7425900   0357       57.50
7426046   0357       61.70
7427359   0357       57.50
7427520   0357       61.70
7429274   0357       61.70
7432253   0357       65.90
7434591   0357      154.25
7435158   0357      220.22
7436077   0357      115.00
7436996   0357       61.70
7437806   0357       57.50
7437808   0357       57.50
7438450   0357       61.70
7439597   0357      141.00
7439617   0357       61.70
7439629   0357       61.70
7440809   0357       59.03
7442445   0357       61.70
7444497   0357       86.25
7444651   0357       65.90
7444842   0357       61.70
7444889   0357      141.00
7445661   0357       57.50
7446382   0357       65.90
7446644   0357       61.70
7447067   0357      154.25
7447334   0357       70.50
7447992   0357       57.50
7449457   0357       57.50
7455429   0357      103.56
7455588   0357       93.62
7461704   0357       61.70
7465820   0357      154.25
7465910   0357       61.70
7466779   0357      116.97
7466870   0357      110.32
7502836   0357       90.48
7548386   0357       74.23
7548420   0357       93.84
770342    0357       78.84
7917981   0357       61.70
7981510   0357      117.31
7982728   0357       57.50
7982865   0357       65.90
7983170   0357       57.50
7984159   0357       61.70
7985605   0357       62.45
7988969   0357      123.32
8054279   0357       85.30
8064487   0357      147.43
8069571   0357       92.59
8140450   0357       59.69
8594315   0357       61.70
8718789   0357      123.40
8734286   0357       65.90
9066082   0357       78.57
9100619   0357      123.32
9211039   0357       57.50
9261804   0357       65.90
9317884   0357      131.80
9433060   0357       61.70
9540404   0357       65.90
9540845   0357      105.75
9542018   0357      164.75
9542237   0357       57.50
9543174   0357       98.70
9543530   0357      100.06
9544179   0357       61.70
9544345   0357       57.50
9544429   0357      107.15
9544827   0357       65.90
9545198   0357       78.57
9545952   0357      100.24
9546474   0357       61.70
9547148   0357      106.91
9551389   0357       61.70
9552709   0357       85.40
9553039   0357      153.66
9553047   0357       57.50
9553149   0357       57.50
9555077   0357       85.56
9555609   0357       57.50
9555641   0357       61.70
9557148   0357      141.00
9557803   0357       57.50
9557875   0357       57.50
9557894   0357       99.25
9558628   0357       57.50
9560453   0357       57.50
9570736   0357      103.68
9572755   0357       61.70
9577605   0357      110.23
9601343   0357      154.25
9603154   0357      103.10
9603683   0357       61.70
9603870   0357       54.27
9604166   0357       57.50
9604592   0357      113.10
9607091   0357       78.57
9608547   0357       61.70
9609337   0357       57.50
9609338   0357      123.40
9612117   0357      123.47
9612530   0357      289.27
9612692   0357       61.70
9614364   0357      115.00
9615563   0357       61.70
9615964   0357       61.70
9617493   0357      115.00
9620242   0357      131.80
9620248   0357      141.00
9620376   0357       61.70
9620599   0357       65.90
9620701   0357       57.50
9620720   0357       57.50
9621777   0357       61.70
9622347   0357       61.70
9624370   0357       75.40
9624596   0357       57.50
9625361   0357       61.70
9625933   0357      123.40
9626082   0357       61.70
9626215   0357       57.50
9627150   0357      164.75
9627523   0357      123.40
9627724   0357       57.50
9629963   0357       65.90
9631462   0357       65.90
9634554   0357      112.77
9634674   0357       61.70
9636806   0357       57.50
9638320   0357       61.70
9639201   0357       57.50
9845319   0357       57.50
9846320   0357       65.90
9847068   0357       57.50
9847350   0357      119.46
9848693   0357       93.95
9850403   0357       61.70
9851111   0357       61.70
9851993   0357      110.88
10107724  3357       75.40
10120357  3357       61.70
10121866  3357       65.90
10125466  3357       57.50
10126656  3357       61.70
10141786  3357       65.90
10312414  3357       57.50
10373550  3357       61.70
10639752  3357       57.50
10726693  3357       61.70
10760806  3357       57.50
10764554  3357       65.90
10770124  3357       61.70
10772668  3357       57.50
10774121  3357       65.90
10775520  3357       57.50
10776516  3357       75.40
10776915  3357       57.50
10777645  3357       61.70
10778464  3357       57.50
10779723  3357      104.90
10784623  3357       61.70
10820078  3357       65.90
10840266  3357       61.70
10841061  3357       57.50
10841823  3357       75.40
10842205  3357       61.70
10843324  3357       61.70
10844575  3357       75.40
10844947  3357       61.70
10845717  3357       57.50
10845943  3357       75.40
10846474  3357       61.70
10846532  3357       65.90
10846629  3357       61.70
10846940  3357       61.70
10846985  3357       61.70
10847648  3357       57.50
10848158  3357      121.25
10849906  3357       61.70
10849907  3357       65.90
10860593  3357       61.70
10903693  3357       57.50
10959957  3357       61.70
10960021  3357       61.70
10963442  3357       65.90
10963957  3357       65.90
10964062  3357       61.70
1108218   3357       78.57
1112379   3357       78.84
1115136   3357      103.59
11163187  3357       57.50
11177533  3357       57.50
11260715  3357       61.70
11261772  3357       75.40
11262378  3357       61.70
11263756  3357       57.50
11264465  3357       61.70
11264550  3357       57.50
11265496  3357       61.70
11265527  3357       65.90
11266390  3357       61.70
11267811  3357       57.50
11267932  3357       57.50
11268437  3357       75.40
11269196  3357       70.50
1129535   3357       78.70
11414487  3357       65.90
11425214  3357       61.70
11425449  3357       61.70
11426462  3357       57.50
11428034  3357       57.50
11428889  3357       61.70
11429539  3357       61.70
11429792  3357       57.50
11429991  3357       61.70
11430700  3357       61.70
11433167  3357       61.70
11433865  3357       61.70
11433968  3357       61.70
11434350  3357       61.70
11546168  3357       57.50
11580362  3357       65.90
11584952  3357       61.70
11586448  3357       65.90
11589730  3357       61.70
11594236  3357       75.40
11594524  3357       57.50
11596252  3357       61.70
11597667  3357       61.70
11598121  3357       57.50
11598207  3357       57.50
11598956  3357       57.50
11633896  3357       57.50
11645810  3357       61.70
11651035  3357       61.70
11651090  3357       61.70
11652405  3357       61.70
11653864  3357       61.70
11694358  3357       57.50
11694758  3357       61.70
11695394  3357       57.50
11749469  3357       61.70
11783201  3357       65.90
11783366  3357       75.40
11784637  3357       57.50
11786325  3357       75.40
11786432  3357       57.50
11787653  3357       61.70
11787807  3357       61.70
11788587  3357       65.90
11788630  3357       65.90
11790273  3357       61.70
11790818  3357       61.70
11791177  3357       61.70
11792127  3357       61.70
11792506  3357       57.50
11792846  3357       61.70
11878930  3357       61.70
11879419  3357       65.90
11879750  3357       75.40
11881224  3357       75.40
11881668  3357       57.50
11881669  3357      103.10
11882080  3357       57.50
11882720  3357       75.40
11883300  3357       61.70
11949766  3357       75.40
12011761  3357       75.40
12018571  3357       57.50
12018729  3357       57.50
12018852  3357       61.70
12019816  3357       57.50
12020535  3357       70.50
12021559  3357       65.90
12021966  3357       61.70
12022428  3357       65.90
12023306  3357       70.50
12023981  3357       61.70
12024178  3357       61.70
12024179  3357       61.70
12025294  3357       61.70
12025488  3357       57.50
12025491  3357       57.50
12026565  3357       61.70
12027093  3357       61.70
12027260  3357      109.04
12027527  3357       57.50
12027928  3357       57.50
12027973  3357       65.90
12080554  3357       61.70
12241212  3357       57.50
12242270  3357       61.70
12243077  3357       57.50
12244707  3357       57.50
12247738  3357       61.70
12248400  3357       57.50
12248745  3357       61.70
12248755  3357       65.90
12248784  3357       57.50
12248960  3357       61.70
12249178  3357       75.40
12279667  3357       61.70
12314254  3357       70.50
1232375   3357       78.70
12369466  3357       61.70
12370670  3357       70.50
1239070   3357       78.57
12434895  3357       57.50
12435304  3357       61.70
12435757  3357       57.50
12435759  3357       61.70
12527456  3357       57.50
12534356  3357       61.70
12536172  3357       61.70
12536549  3357       70.50
1257983   3357       78.70
1258658   3357       78.84
1261562   3357       78.57
1262953   3357       94.00
1263302   3357       78.57
1263303   3357       78.84
12638103  3357       57.50
1265436   3357       78.84
1266723   3357       54.27
12691465  3357       61.70
1269356   3357       78.70
12698409  3357       57.50
12698965  3357       57.50
12700553  3357       57.50
12701276  3357       61.70
12701301  3357       57.50
12702273  3357       57.50
12704473  3357       57.50
12704482  3357       65.90
12704649  3357       61.70
12704927  3357       61.70
12705860  3357       61.70
12706171  3357       61.70
12706774  3357       65.90
12707136  3357       61.70
1272390   3357       78.57
1273369   3357       78.84
1277938   3357       78.57
1278407   3357       78.84
12848719  3357       61.70
12849330  3357       70.50
12851330  3357       61.70
12852888  3357       61.70
12858616  3357       61.70
12878256  3357       61.70
12884972  3357       61.70
12934142  3357       57.50
12934525  3357       57.50
12935305  3357       61.70
12935606  3357       61.70
13032012  3357       57.50
13032033  3357       61.70
13034237  3357       61.70
13035222  3357       75.40
13084488  3357       57.50
13084886  3357       57.50
13179920  3357       57.50
13180551  3357       61.70
1318484   3357       78.57
13187744  3357       61.70
13187816  3357       61.70
13188137  3357       57.50
13188604  3357       57.50
13264411  3357       61.70
13265462  3357       57.50
13265946  3357       61.70
13266369  3357       61.70
13268000  3357       57.50
13268185  3357       57.50
13268457  3357       57.50
13268537  3357       61.70
13343258  3357       57.50
13408041  3357       57.50
13510172  3357       57.50
13510180  3357       57.50
13519440  3357       57.50
13527636  3357       65.90
13566631  3357       75.40
13643981  3357       57.50
13643982  3357       57.50
13644051  3357       61.70
13644555  3357       57.50
13644665  3357       61.70
13644680  3357       65.90
13652653  3357       57.50
13674854  3357       65.90
13678214  3357       61.70
13678857  3357       57.50
13679940  3357       61.70
13724134  3357       61.70
13774187  3357       57.50
13774684  3357       61.70
13775452  3357       57.50
13775808  3357       57.50
13777181  3357       57.50
13785046  3357       57.50
13785661  3357       61.70
13785997  3357       57.50
13786181  3357       65.90
13787208  3357       61.70
13787741  3357       57.50
13842354  3357       61.70
13843775  3357       61.70
13856268  3357       61.70
13867427  3357       61.70
13868652  3357       61.70
13880177  3357       61.70
13880981  3357       61.70
13905892  3357       57.50
13986119  3357       61.70
13990906  3357       65.90
14003086  3357       57.50
14030527  3357       57.50
14031045  3357       61.70
14031497  3357       61.70
14093727  3357       61.70
14094806  3357       65.90
14143188  3357       57.50
14159223  3357       57.50
14176671  3357       61.70
14228153  3357       61.70
14270811  3357       57.50
14293118  3357       61.70
1431183   3357       78.84
14335445  3357       57.50
14335539  3357       61.70
14372299  3357       65.90
14372545  3357       57.50
14372818  3357       81.36
14376347  3357       61.70
14398946  3357       61.70
14399267  3357       57.50
14405196  3357       61.70
14405401  3357       61.70
14513487  3357       57.50
14590375  3357       57.50
14607589  3357       57.50
14648947  3357       61.70
14649126  3357       57.50
14825867  3357       61.70
14877620  3357       61.70
14877805  3357       65.90
14877859  3357       70.50
14879597  3357       61.70
14879704  3357       57.50
14880827  3357       65.90
14880972  3357       61.70
15170350  3357       57.50
15177340  3357       65.90
15177867  3357       57.50
15229138  3357       61.70
15272372  3357       57.50
15306151  3357       57.50
15306996  3357       57.50
15351139  3357       61.70
15352095  3357       61.70
15444190  3357       61.70
15444811  3357       65.90
15448608  3357       61.70
15597541  3357       57.50
15598043  3357       57.50
15598319  3357       61.70
15598510  3357       61.70
15598933  3357       57.50
15599928  3357       57.50
15599929  3357       61.70
15668151  3357       61.70
15668851  3357       57.50
15690244  3357       57.50
15729233  3357       61.70
15729536  3357       57.50
15778630  3357       61.70
15885754  3357       57.50
15959808  3357       57.50
15961650  3357       57.50
16001576  3357       57.50
16137706  3357       57.50
16138119  3357       61.70
1631390   3357       92.42
16324090  3357       61.70
16385667  3357       57.50
16387437  3357       61.70
16594051  3357       57.50
16641426  3357       57.50
16736267  3357       61.70
16770549  3357       61.70
16788972  3357       61.70
16796439  3357       57.50
16796669  3357       57.50
17011869  3357       61.70
17012587  3357       61.70
17019549  3357       61.70
17033230  3357       57.50
17033256  3357       57.50
17104175  3357       61.70
17104709  3357       61.70
17306742  3357       57.50
1737075   3357       78.57
17379215  3357       57.50
17380736  3357       57.50
17572385  3357       61.70
17574055  3357       57.50
17626132  3357       57.50
1763812   3357       94.00
1764349   3357       78.57
1765295   3357       78.57
1769938   3357       78.57
17727473  3357       57.50
17859806  3357       57.50
17859921  3357       57.50
17872590  3357       61.70
17942640  3357       61.70
17965237  3357       61.70
18054647  3357       61.70
18058393  3357       57.50
18059918  3357       61.70
18263579  3357       61.70
18263756  3357       61.70
18421508  3357       57.50
18422439  3357       61.70
18618969  3357       57.50
18655916  3357       61.70
18656459  3357       61.70
18785684  3357       57.50
18923581  3357       57.50
18928116  3357       57.50
18950730  3357       57.50
1906129   3357       78.84
19166206  3357       57.50
19262723  3357       61.70
1926999   3357       78.70
19324610  3357       61.70
19348247  3357       61.70
19424156  3357       61.70
19431369  3357       61.70
19436769  3357       61.70
19827450  3357       61.70
19850185  3357       57.50
19886649  3357       61.70
19973112  3357       61.70
20046577  3357       57.50
20046584  3357       57.50
20187870  3357       57.50
20189202  3357       70.50
20235584  3357       57.50
2030572   3357       78.57
2033664   3357       83.68
20348834  3357       57.50
20351464  3357       61.70
2101693   3357       92.49
21140944  3357       57.50
2130876   3357       78.57
21505687  3357       57.50
2157417   3357       83.68
2186056   3357       78.57
2189077   3357       78.57
2196831   3357       78.57
2198274   3357       79.00
2198799   3357       78.57
22326349  3357       57.50
2272067   3357       78.57
23156662  3357       78.84
2376223   3357       85.27
2380275   3357       78.70
2384661   3357       78.84
2529886   3357       78.84
2532585   3357       78.57
2533320   3357       78.57
2534786   3357       57.67
2535843   3357       78.70
2536373   3357       78.70
2536795   3357       78.84
2539607   3357       78.70
2539943   3357       78.57
2541142   3357       78.84
2541439   3357      107.52
2541709   3357       78.84
2543654   3357       78.84
2543813   3357       78.84
2543932   3357       78.57
2592064   3357       78.70
2592966   3357       85.64
2593377   3357       78.84
2593686   3357       78.57
2596405   3357       93.16
2597854   3357       78.84
2598033   3357       78.84
2598733   3357       78.70
2598872   3357       78.57
2601437   3357       78.84
2603046   3357       78.84
2605164   3357       78.84
2605823   3357       54.27
2607322   3357       84.91
2608233   3357       82.83
2608304   3357       78.57
2608554   3357       78.84
2684589   3357       78.84
2741170   3357       83.49
2854705   3357       78.57
2870837   3357       78.57
2910376   3357       78.57
2910432   3357       78.57
2911765   3357       78.57
2912407   3357       78.57
2912692   3357       83.68
2913757   3357       78.57
2913809   3357       78.57
2915293   3357       78.57
2915714   3357       78.84
2915780   3357       78.57
2916362   3357       78.84
2916467   3357       78.57
2916786   3357       78.57
2918280   3357       78.84
2992913   3357       78.57
3035349   3357       78.84
3080057   3357       83.68
3080311   3357       78.84
3080984   3357      114.89
3081351   3357       78.84
3082505   3357       94.59
3083006   3357       78.84
3083065   3357       78.57
3083457   3357       78.57
3083843   3357       78.57
3084868   3357       78.84
3084978   3357       78.57
3085009   3357       78.57
3085276   3357       78.73
3090485   3357       83.92
3156003   3357       89.62
3234299   3357       78.73
3245420   3357       78.84
3314884   3357       58.80
3315121   3357       78.57
3315781   3357       78.57
3317339   3357       83.70
3318589   3357       91.03
3318694   3357       94.95
3318719   3357       78.84
3320986   3357       78.84
3322128   3357       83.56
3322284   3357       78.57
3322381   3357       78.70
3324084   3357      109.59
3324110   3357      118.19
3329806   3357       78.84
3353242   3357       89.62
3528540   3357       85.67
3533360   3357      100.65
3535445   3357       78.57
3535838   3357       78.57
3538837   3357       85.54
3539352   3357       78.84
3541739   3357       78.84
3541975   3357       54.27
3542004   3357       65.90
3542015   3357       62.63
3554092   3357       78.70
3593839   3357       78.57
3598528   3357       78.84
3710064   3357      101.56
3759377   3357       78.57
3784066   3357       78.57
3784441   3357       87.53
3785251   3357       78.84
3792247   3357       78.84
3830110   3357       78.57
3855157   3357       54.27
3855577   3357       78.84
3856978   3357       78.57
3857004   3357       78.57
3857220   3357       78.84
3857667   3357       78.57
3857878   3357       78.70
3858323   3357       78.84
3858856   3357       65.90
3859230   3357       82.65
3864991   3357       91.58
3875055   3357       97.03
3877925   3357      120.84
3878006   3357       98.49
3963688   3357       93.39
3964093   3357      108.00
3964337   3357       78.57
3965704   3357       78.57
3969513   3357       79.13
4001934   3357      103.51
4064149   3357       84.66
4065177   3357       78.57
4065584   3357       61.70
4065648   3357      102.04
4066245   3357       78.57
4067118   3357       91.61
4067735   3357       90.84
4067795   3357       78.84
4068788   3357       78.57
4071074   3357      112.14
4071241   3357       92.82
4107436   3357       57.50
4191539   3357       78.57
4193094   3357       78.70
4194671   3357       84.88
4195654   3357       78.57
4199927   3357       54.27
4200911   3357       78.57
4238916   3357       78.57
430240    3357       78.57
4317775   3357      120.92
4373204   3357      124.38
4373479   3357       78.57
4375498   3357       83.68
4375998   3357       80.51
4376813   3357       86.24
4377201   3357       78.70
4378140   3357       78.57
4378236   3357       78.57
4378283   3357       78.57
4378759   3357      114.66
4379154   3357       78.57
4381341   3357       78.57
4381614   3357       89.68
4382400   3357       78.84
4383023   3357      104.81
4383200   3357       78.57
4385047   3357       78.84
4386936   3357       70.50
4387777   3357       84.02
4409485   3357      116.10
4409788   3357       78.57
4409789   3357       85.30
4414417   3357       89.24
4414541   3357       83.41
4414909   3357       78.84
4415675   3357       78.57
443869    3357       78.84
4609506   3357       84.52
4610129   3357       78.57
4720170   3357       57.50
4720923   3357       61.70
4721016   3357       57.50
4721639   3357       78.57
4722680   3357       78.57
4722814   3357       63.25
4723168   3357       78.57
4723403   3357       78.57
4724433   3357       78.84
4725919   3357       65.90
4727740   3357       57.50
4728331   3357       78.57
4729448   3357       56.05
4730168   3357      121.00
4730490   3357       78.57
4730823   3357      118.47
4731322   3357      117.06
4731494   3357       85.42
4732090   3357       90.88
4732618   3357       88.88
4734527   3357       57.50
4734940   3357       57.50
4735505   3357       78.57
4738424   3357       78.84
4739546   3357      104.14
4739796   3357       65.90
4754833   3357      106.19
4803744   3357      132.86
4805842   3357       61.70
4827213   3357       88.80
4853128   3357       73.28
4882144   3357       59.04
5017295   3357       57.50
5022967   3357       78.70
5237805   3357       61.70
5238236   3357       78.57
5239261   3357       91.29
5240821   3357       78.57
5242545   3357       88.51
5244302   3357       89.62
5244483   3357       57.50
5244484   3357       85.42
5244765   3357       78.57
5245261   3357       65.90
5248926   3357       90.27
5248954   3357       83.00
5249259   3357       61.70
5249817   3357       65.90
5250965   3357       78.84
5251153   3357      100.48
5251214   3357       90.48
5252606   3357       65.90
5253930   3357       78.57
5254613   3357      102.18
5254952   3357       78.57
5255567   3357       61.70
5255641   3357       65.90
5257069   3357       82.69
5257175   3357       78.84
5257421   3357       70.50
5257727   3357       61.70
5257774   3357       61.70
5259121   3357       78.57
5259785   3357       78.57
5261116   3357       57.50
5261139   3357       98.03
5261250   3357       78.57
5261418   3357       81.03
5261643   3357       98.06
5263470   3357       88.00
5344986   3357       57.50
5435450   3357       88.25
5436619   3357       65.90
5436795   3357       60.56
5438690   3357       86.26
5439480   3357       61.70
5439865   3357       70.50
5458236   3357       57.50
5461455   3357       78.84
5605414   3357      100.35
5658043   3357       98.15
5688352   3357       61.70
5765952   3357       61.70
5779173   3357       61.70
5915261   3357       78.84
5921128   3357      118.55
5921800   3357       57.50
5923624   3357       65.90
5925143   3357       65.90
5925949   3357       54.27
5929492   3357       61.70
5935536   3357      123.73
5938630   3357      102.64
5938995   3357       61.70
6044716   3357       61.70
6125595   3357       83.06
6127630   3357       91.09
6238388   3357       75.40
6394853   3357       70.17
6537141   3357       78.57
6573443   3357      102.07
6573855   3357       70.50
6573893   3357       57.50
6575243   3357       57.50
6575301   3357       61.70
6584406   3357       78.57
6602322   3357       57.50
6634354   3357       61.70
6689708   3357       61.70
6690236   3357       61.70
6701343   3357       61.70
6701344   3357      103.78
6701453   3357       61.70
673822    3357       78.57
6841910   3357       57.50
7211860   3357       65.90
7240399   3357       61.70
7300376   3357       86.26
7301470   3357       78.57
7305494   3357       78.84
7305781   3357       78.57
7308623   3357       92.28
7309317   3357       57.50
7309375   3357       57.50
7310425   3357       70.50
7310959   3357       78.84
7311233   3357       84.16
7311255   3357      101.88
7312149   3357       99.10
7313189   3357       78.57
7314050   3357       92.94
7314987   3357       70.50
7315048   3357       65.90
7315058   3357       95.33
7315331   3357       61.70
7316059   3357       70.50
7316139   3357       65.90
7316607   3357      107.52
7316959   3357       78.70
7317744   3357       78.57
7318041   3357       85.85
7319649   3357       65.90
7321787   3357       57.50
7322304   3357       57.50
7322780   3357       57.50
7322794   3357      110.89
7324725   3357       78.70
7325664   3357       78.11
7325721   3357       78.84
7325722   3357      114.56
7325778   3357       54.27
7328421   3357       57.50
7330948   3357       61.70
7331943   3357      144.27
7332202   3357       98.06
7332734   3357       78.84
7333145   3357      122.39
7333526   3357       98.06
7335642   3357       61.70
7337422   3357       77.17
7337778   3357       57.50
7338055   3357       70.50
7340200   3357       78.57
7340742   3357       83.56
7340989   3357       92.29
7342107   3357       57.50
7342680   3357       78.84
7343605   3357       57.50
7344290   3357       57.50
7344465   3357       57.50
7347856   3357       78.84
7348137   3357       57.50
7348986   3357      100.10
7349428   3357       75.40
7349843   3357       57.50
7350162   3357       80.71
7350273   3357       57.50
7351297   3357       67.92
7352317   3357       57.50
7353377   3357       61.70
7354064   3357       57.50
7354848   3357       54.27
7355928   3357       78.57
7359478   3357       65.90
7360346   3357       57.50
7360517   3357       61.70
7363171   3357       75.22
7363652   3357       61.70
7365166   3357       98.70
7365545   3357       57.50
7367276   3357       57.50
7368710   3357       57.50
7369018   3357       61.70
7371154   3357       61.70
7372156   3357       57.50
7372973   3357       87.68
7373089   3357       57.50
7373215   3357       70.50
7374243   3357       87.86
7374616   3357       78.84
7377030   3357       57.50
7377579   3357       61.70
7379256   3357       57.50
7380616   3357       57.50
7381553   3357       61.70
7382148   3357       86.94
7382532   3357       57.50
7384964   3357       61.70
7387544   3357       61.70
7388038   3357       57.50
7388080   3357       61.70
7388125   3357       65.90
7388199   3357       87.86
7389581   3357       61.70
7391472   3357       57.50
7392153   3357       65.90
7393061   3357       57.50
7393144   3357       57.50
7395742   3357       54.27
7396051   3357       61.70
7398038   3357       69.93
7400031   3357       61.70
7401094   3357       61.70
7401380   3357       93.62
7401853   3357       57.50
7403123   3357       57.50
7403188   3357       57.50
7403563   3357       57.50
7406353   3357       61.70
7408531   3357       61.70
7409730   3357       57.50
7410177   3357       75.40
7412535   3357       65.90
7412738   3357       57.50
7415285   3357       75.40
7415448   3357       61.70
7416870   3357       57.50
7417289   3357       57.50
7417791   3357       61.70
7418898   3357       57.50
7418939   3357       61.70
7419340   3357       57.50
7419740   3357       96.70
7419800   3357       61.70
7419866   3357       57.50
7420316   3357       61.70
7420429   3357       65.90
7423108   3357       65.90
7423415   3357       61.70
7423444   3357      109.78
7425063   3357       57.50
7425430   3357       61.70
7425900   3357       57.50
7426046   3357       61.70
7427359   3357       57.50
7427520   3357       61.70
7429274   3357       61.70
7432253   3357       65.90
7434591   3357       61.70
7435158   3357       88.09
7436077   3357       57.50
7436996   3357       61.70
7437806   3357       57.50
7437808   3357       57.50
7438450   3357       61.70
7439597   3357       70.50
7439617   3357       61.70
7439629   3357       61.70
7440809   3357       59.03
7442445   3357       61.70
7444497   3357       57.50
7444651   3357       65.90
7444842   3357       61.70
7444889   3357       70.50
7445661   3357       57.50
7446382   3357       65.90
7446644   3357       61.70
7447067   3357       61.70
7447334   3357       70.50
7447992   3357       57.50
7449457   3357       57.50
7455429   3357      103.56
7455588   3357       93.62
7461704   3357       61.70
7465820   3357       61.70
7465910   3357       61.70
7466779   3357      116.97
7466870   3357      110.32
7502836   3357       90.48
7548386   3357       74.23
7548420   3357       93.84
770342    3357       78.84
7917981   3357       61.70
7981510   3357      117.31
7982728   3357       57.50
7982865   3357       65.90
7983170   3357       57.50
7984159   3357       61.70
7985605   3357       62.45
7988969   3357      123.32
8054279   3357       85.30
8064487   3357       73.72
8069571   3357       92.59
8140450   3357       59.69
8594315   3357       61.70
8718789   3357       61.70
8734286   3357       65.90
9066082   3357       78.57
9100619   3357      123.32
9211039   3357       57.50
9261804   3357       65.90
9317884   3357       65.90
9433060   3357       61.70
9540404   3357       65.90
9540845   3357       70.50
9542018   3357       65.90
9542237   3357       57.50
9543174   3357       98.70
9543530   3357      100.06
9544179   3357       61.70
9544345   3357       57.50
9544429   3357      107.15
9544827   3357       65.90
9545198   3357       78.57
9545952   3357      100.24
9546474   3357       61.70
9547148   3357      106.91
9551389   3357       61.70
9552709   3357       85.40
9553039   3357      153.66
9553047   3357       57.50
9553149   3357       57.50
9555077   3357       85.56
9555609   3357       57.50
9555641   3357       61.70
9557148   3357       70.50
9557803   3357       57.50
9557875   3357       57.50
9557894   3357       99.25
9558628   3357       57.50
9560453   3357       57.50
9570736   3357      103.68
9572755   3357       61.70
9577605   3357      110.23
9601343   3357       61.70
9603154   3357      103.10
9603683   3357       61.70
9603870   3357       54.27
9604166   3357       57.50
9604592   3357       75.40
9607091   3357       78.57
9608547   3357       61.70
9609337   3357       57.50
9609338   3357       61.70
9612117   3357      123.47
9612530   3357      115.71
9612692   3357       61.70
9614364   3357       57.50
9615563   3357       61.70
9615964   3357       61.70
9617493   3357       57.50
9620242   3357       65.90
9620248   3357       70.50
9620376   3357       61.70
9620599   3357       65.90
9620701   3357       57.50
9620720   3357       57.50
9621777   3357       61.70
9622347   3357       61.70
9624370   3357       75.40
9624596   3357       57.50
9625361   3357       61.70
9625933   3357       61.70
9626082   3357       61.70
9626215   3357       57.50
9627150   3357       65.90
9627523   3357       61.70
9627724   3357       57.50
9629963   3357       65.90
9631462   3357       65.90
9634554   3357      112.77
9634674   3357       61.70
9636806   3357       57.50
9638320   3357       61.70
9639201   3357       57.50
9845319   3357       57.50
9846320   3357       65.90
9847068   3357       57.50
9847350   3357      119.46
9848693   3357       93.95
9850403   3357       61.70
9851111   3357       61.70
9851993   3357      110.88
