10107724  0357      150.14
10120357  0357      160.10
10121866  0357      299.93
10125466  0357      109.41
10126656  0357      106.73
10141786  0357      116.10
10312414  0357       94.65
10373550  0357      213.47
10639752  0357      109.41
10726693  0357      106.73
10760806  0357      109.41
10764554  0357      119.97
10770124  0357      106.73
10772668  0357      109.41
10774121  0357      119.97
10775520  0357      189.30
10776516  0357      150.14
10776915  0357      109.41
10777482  0357      109.41
10777645  0357      160.10
10778464  0357      109.41
10779723  0357      106.73
10784623  0357      103.30
10794552  0357      103.30
10820078  0357      119.97
10840266  0357      103.30
10841061  0357      102.19
10841823  0357      150.14
10842205  0357      106.73
10843324  0357      266.83
10844575  0357      300.28
10844947  0357      106.73
10845717  0357      109.41
10845943  0357      335.17
10846474  0357      103.30
10846532  0357      119.97
10846629  0357      106.73
10846940  0357      206.60
10846985  0357      103.30
10847648  0357      109.41
10848158  0357      134.42
10849906  0357      106.73
10849907  0357      119.97
10860593  0357      106.73
10903693  0357      109.41
10959957  0357      106.73
10960021  0357      106.73
10963442  0357      119.97
10963957  0357      119.97
10964062  0357      213.47
1108218   0357      144.16
1112379   0357      136.45
1115136   0357       91.87
11163187  0357      109.41
11177533  0357      109.41
11260715  0357      106.73
11261772  0357      150.14
11262378  0357      106.73
11263756  0357      109.41
11264041  0357      153.28
11264550  0357       94.65
11265496  0357      103.30
11265527  0357      119.97
11266390  0357      213.47
11267811  0357      189.30
11267932  0357      218.82
11268437  0357      150.14
11269196  0357      134.42
1129535   0357      127.22
11414487  0357      119.97
11425214  0357      106.73
11425449  0357      103.30
11426462  0357       94.65
11428034  0357       94.65
11428889  0357      258.25
11429539  0357      213.47
11429792  0357      109.41
11429991  0357      160.10
11430700  0357      106.73
11433167  0357      106.73
11433865  0357      213.47
11434350  0357      106.73
11546168  0357       94.65
11580362  0357      119.97
11584952  0357      106.73
11586448  0357      103.30
11589730  0357      206.60
11594236  0357      150.14
11594524  0357      109.41
11596252  0357      106.73
11597667  0357      106.73
11598121  0357      102.19
11598207  0357      109.41
11598956  0357      102.19
11633896  0357      102.19
11645810  0357      103.30
11651035  0357      106.73
11651090  0357      103.30
11652405  0357      106.73
11653864  0357      106.73
11694358  0357      109.41
11694758  0357      103.30
11695394  0357      218.82
11749469  0357      106.73
11783201  0357      119.97
11783366  0357      145.30
11784637  0357      109.41
11786325  0357      150.14
11786432  0357      104.63
11787653  0357      213.47
11787807  0357      106.73
11788587  0357      213.47
11788630  0357      119.97
11790273  0357      106.73
11790818  0357      160.10
11791177  0357      106.73
11792127  0357      106.73
11792506  0357      109.41
11792846  0357      106.73
118087    0357      241.03
11879419  0357      119.97
11879750  0357      119.97
11881224  0357      150.14
11881668  0357      273.52
11881669  0357      109.41
11882080  0357       94.65
11882720  0357      150.14
11883300  0357      213.47
11949766  0357      150.14
12011761  0357      300.28
12018571  0357      141.98
12018729  0357      109.41
12018852  0357      103.30
12019816  0357       94.65
12020535  0357      134.42
12021559  0357      119.97
12021966  0357      103.30
12022428  0357      119.97
12023306  0357      134.42
12023981  0357      160.10
12024178  0357      106.73
12024179  0357      106.73
12025294  0357      160.10
12025488  0357      109.41
12025491  0357      109.41
12026565  0357      106.73
12027093  0357      103.30
12027260  0357      106.73
12027527  0357      109.41
12027928  0357      109.41
12027973  0357      239.94
12080554  0357      103.30
1218058   0357      121.24
12241212  0357      164.11
12242270  0357      103.30
12243077  0357      109.41
12244707  0357      109.41
12247738  0357      160.10
12248400  0357      273.52
12248755  0357      119.97
12248784  0357      204.37
12248960  0357      106.73
12249178  0357      145.30
12279667  0357      106.73
12314254  0357      336.04
1232375   0357      194.98
12370670  0357      134.42
1239070   0357      144.16
12434895  0357      102.19
12435304  0357      103.30
12435757  0357      164.11
12435759  0357      154.95
12527456  0357       94.65
12534356  0357      106.73
12536172  0357      106.73
12536549  0357      134.42
1254062   0357      151.45
1257983   0357      128.56
1258658   0357      136.45
1259324   0357      151.45
1260432   0357      136.45
1261562   0357      151.45
1262953   0357       86.32
1263302   0357      158.44
1263303   0357      136.45
1263991   0357      188.95
1265436   0357      136.45
1266723   0357      116.95
12691465  0357      103.30
1269356   0357      257.11
12698409  0357      109.41
12698965  0357      109.41
12700553  0357       94.65
12701276  0357      103.30
12701301  0357      109.41
12702273  0357       94.65
12704473  0357      102.19
12704482  0357      239.94
12704649  0357      106.73
12704927  0357      106.73
12705860  0357      106.73
12706171  0357      106.73
12706774  0357      239.94
12707136  0357      106.73
1272390   0357      151.45
1273369   0357      125.35
1277938   0357      151.45
1278407   0357      136.45
12848719  0357      106.73
12849330  0357      134.42
12851330  0357      106.73
12852888  0357      106.73
12858616  0357      154.95
12878256  0357      106.73
12884972  0357      106.73
12934142  0357       94.65
12934525  0357      109.41
12935305  0357      106.73
12935606  0357      106.73
13032012  0357      211.80
13032033  0357      106.73
13034237  0357      106.73
13035222  0357      150.14
13084488  0357      102.19
13084886  0357       94.65
13180551  0357      106.73
1318484   0357      144.16
13187744  0357      206.60
13187816  0357      361.37
13188137  0357      102.19
13188604  0357      153.28
13264411  0357      106.73
13265462  0357      109.41
13265946  0357      160.10
13266369  0357      106.73
13268000  0357      218.82
13268185  0357      218.82
13268457  0357       94.65
13268537  0357      154.95
13346269  0357      273.52
13408041  0357      102.19
13510172  0357      102.19
13510180  0357      109.41
13527636  0357      119.97
13566631  0357      150.14
13643981  0357      218.82
13643982  0357      164.11
13644051  0357      106.73
13644555  0357      273.52
13644665  0357      106.73
13644680  0357      299.93
13652653  0357      109.41
13674854  0357      119.97
13678214  0357      103.30
13678857  0357      109.41
13679940  0357      103.30
13724134  0357      154.95
13774187  0357      109.41
13774684  0357      106.73
13775452  0357      109.41
13775808  0357      109.41
13777181  0357      164.11
13785046  0357      109.41
13785661  0357      106.73
13785997  0357       94.65
13786181  0357      106.73
13787208  0357      106.73
13787741  0357      109.41
13842354  0357      106.73
13843775  0357      106.73
13856268  0357      106.73
13867427  0357      154.95
13868652  0357      106.73
13880177  0357      109.41
13880981  0357      103.30
13905892  0357      109.41
13986119  0357      106.73
13990906  0357      179.96
14003086  0357       94.65
14030527  0357      109.41
14031045  0357      106.73
14031497  0357      258.25
1404429   0357       93.56
14093727  0357      160.10
14094806  0357      119.97
14143188  0357       94.65
14159223  0357      218.82
14176129  0357      103.30
14270811  0357      273.52
14293118  0357      154.95
1431183   0357      136.45
14335445  0357       94.65
14335539  0357      103.30
1433726   0357      136.45
14372299  0357      119.97
14372818  0357      175.08
14376347  0357      106.73
14398946  0357      106.73
14399267  0357      153.28
14405196  0357      106.73
14405401  0357      103.30
14513487  0357      109.41
14590375  0357      102.19
14607589  0357      153.28
14648947  0357      103.30
14649126  0357      109.41
14810540  0357      154.95
14825867  0357      106.73
14877620  0357      103.30
14877805  0357      119.97
14877859  0357      134.42
14879704  0357      164.11
14880827  0357      119.97
15170350  0357      102.19
15177340  0357      119.97
15177867  0357      218.82
15306151  0357      236.63
15306996  0357       94.65
15352095  0357      106.73
15444811  0357      119.97
15448608  0357      106.73
15597541  0357      109.41
15598043  0357      109.41
15598319  0357      106.73
15598510  0357      206.60
15598933  0357      109.41
15599928  0357      153.28
15668151  0357      206.60
15668851  0357      102.19
15729233  0357      160.10
15729536  0357      255.46
15778630  0357      154.95
15827139  0357      119.97
15959808  0357      109.41
16001576  0357      109.41
16137706  0357       94.65
16138119  0357      160.10
1631390   0357       81.59
16324090  0357      106.73
16594051  0357      102.19
16641426  0357       94.65
16736267  0357      106.73
16770549  0357      103.30
16788972  0357      206.60
17011869  0357      213.47
17012587  0357      266.83
17019549  0357      106.73
17033256  0357      109.41
17104175  0357      106.73
17306742  0357      109.41
1737075   0357      144.16
17379215  0357      153.28
17504786  0357      102.19
17572385  0357      213.47
17626132  0357      204.37
1763812   0357       86.32
1764349   0357      158.44
1765295   0357      480.85
1769938   0357      141.27
1778800   0357      187.12
17965237  0357      160.10
18058393  0357      109.41
18059918  0357      103.30
18263579  0357      160.10
18263756  0357      106.73
1834693   0357      116.95
18471327  0357      106.73
1854577   0357      136.45
18656459  0357      160.10
18785684  0357      109.41
18950730  0357      109.41
1906129   0357      136.45
19166206  0357      273.52
19262723  0357      106.73
1926999   0357      128.56
19324610  0357      206.60
19827450  0357      109.41
19850185  0357      273.52
19973112  0357      106.73
20187870  0357      204.37
20189202  0357      134.42
20235584  0357      204.37
2030572   0357      144.16
2033664   0357      111.76
20348834  0357      164.11
20351464  0357      213.47
21140944  0357      158.85
2130876   0357      158.44
2157417   0357      279.39
2186056   0357      144.16
2189077   0357      204.96
2196831   0357      151.45
2198274   0357      117.46
2198799   0357      144.16
2199826   0357      151.45
2272067   0357      158.44
23156662  0357      107.08
2376223   0357      110.42
2380275   0357      128.56
2384661   0357      136.45
2529886   0357      136.45
2532585   0357      158.44
2533320   0357      119.42
2533977   0357      148.37
2534786   0357       99.35
2535843   0357      128.56
2536373   0357      128.56
2536795   0357      124.30
2538821   0357      133.06
2539425   0357      125.35
2539607   0357      128.56
2539943   0357      158.44
2541142   0357      136.45
2541439   0357       92.49
2541709   0357      134.74
2543654   0357      136.45
2543932   0357      151.45
2592064   0357      128.57
2592966   0357      151.45
2593377   0357      122.47
2593686   0357      144.16
2596405   0357      105.89
2597854   0357      150.29
2598033   0357      165.50
2598872   0357      148.54
2601437   0357      135.11
2603046   0357      159.71
2605117   0357      112.93
2605164   0357      148.56
2605539   0357      130.93
2605823   0357      117.01
2607322   0357       81.61
2608233   0357       79.61
2608304   0357      138.88
2608554   0357      150.29
2684589   0357      136.45
2741170   0357      121.91
2854705   0357      144.16
2870837   0357      153.88
2910376   0357      158.44
2910432   0357      141.27
2911765   0357      144.16
2912407   0357      158.44
2912692   0357      111.76
2913757   0357      141.37
2913809   0357      158.44
2914272   0357      133.82
2915293   0357      158.44
2915714   0357      136.45
2915780   0357      158.01
2916102   0357       99.35
2916362   0357      153.85
2916467   0357      151.45
2916786   0357      144.16
2918280   0357      341.11
2919212   0357      136.45
2992913   0357      158.44
3035349   0357      136.45
3039370   0357      127.93
3080057   0357      167.63
3080311   0357      136.45
3080984   0357      106.73
3081351   0357      125.35
3082505   0357       86.69
3083006   0357      136.45
3083065   0357      158.44
3083457   0357      178.24
3083843   0357      151.45
3084868   0357      138.08
3084978   0357      128.54
3085009   0357      120.88
3085276   0357      120.34
3090485   0357       80.65
3156003   0357       80.82
3234299   0357      120.34
3245420   0357      136.45
3314884   0357       99.43
3315121   0357      158.44
3315781   0357      158.44
3317339   0357       80.73
3317520   0357      118.18
3318589   0357       84.71
3318694   0357       80.32
3318719   0357      138.08
3319659   0357      151.45
3320986   0357      136.45
3322128   0357      128.09
3322284   0357      144.16
3322381   0357      140.76
3324084   0357      103.30
3324110   0357      102.21
3324403   0357      111.76
3329806   0357      159.71
3353242   0357       84.39
3457632   0357       73.63
3528540   0357       82.33
3533360   0357       85.82
3534582   0357      102.89
3535445   0357      140.32
3535676   0357      140.42
3535838   0357      156.11
3538837   0357       82.21
3539352   0357      149.68
3541739   0357      112.46
3541975   0357      116.99
3542004   0357      119.97
3542015   0357       89.86
3554092   0357      128.56
3593839   0357      122.62
3598528   0357      142.30
3710064   0357       94.65
3759377   0357      163.57
3784066   0357       91.68
3784441   0357       84.26
3785251   0357      111.54
3792247   0357      121.24
3830110   0357      172.90
3855157   0357      117.01
3855577   0357      136.45
3856978   0357      158.05
3857004   0357      120.88
3857220   0357      110.60
3857667   0357      160.93
3857878   0357      152.93
3858323   0357      221.22
3858856   0357      119.97
3859230   0357      119.15
3864991   0357       81.22
3875055   0357      106.73
3877925   0357      239.94
3878006   0357       94.65
3963688   0357       91.96
3964093   0357      103.30
3964337   0357      184.21
3965704   0357      127.78
3969513   0357       76.32
4001934   0357       88.24
4064149   0357       73.51
4065177   0357      151.45
4065584   0357      106.73
4065648   0357       98.46
4066245   0357      149.96
4067118   0357       75.86
4067735   0357       94.65
4067795   0357      147.79
4068788   0357       75.93
4071074   0357      150.14
4071241   0357       76.46
4107436   0357       94.65
4191539   0357      101.58
4193094   0357      252.26
4194671   0357       81.58
4195654   0357      154.94
4199927   0357      111.40
4200911   0357      142.82
4238916   0357      182.38
430240    0357      158.44
4317775   0357      119.97
4373204   0357      119.97
4373479   0357       75.93
4375498   0357      144.55
4375998   0357      155.43
4376813   0357      104.63
4377201   0357      158.86
437803    0357      136.45
4378140   0357       79.22
4378236   0357      157.83
4378283   0357      111.54
4378759   0357      119.97
4379154   0357      171.38
4381341   0357      129.70
4381614   0357      109.41
4382400   0357      152.04
4383023   0357      119.97
4383200   0357      171.25
4385047   0357      165.91
4386936   0357       94.65
4387777   0357      236.63
439023    0357       79.57
4409485   0357      119.97
4409788   0357      147.04
4409789   0357      218.82
4414417   0357       86.09
4414541   0357      124.79
4414909   0357      159.66
4415675   0357      139.64
443869    0357      136.45
4609506   0357       81.37
4610129   0357      148.54
4720170   0357      164.11
4720923   0357      106.73
4721016   0357      109.41
4721639   0357      158.44
4722680   0357      156.04
4722814   0357      109.45
4723168   0357      141.37
4723276   0357       94.65
4723403   0357      155.15
4724433   0357      165.50
4725919   0357      239.94
4727740   0357       94.65
4728331   0357      143.84
4729448   0357      110.10
4729575   0357       64.90
4730168   0357      119.97
4730490   0357      130.51
4730823   0357       96.71
4731322   0357      119.97
4731494   0357       92.78
4732090   0357       77.54
4732618   0357      102.19
4734527   0357      102.19
4735505   0357      158.44
4738424   0357      136.45
4739546   0357      220.05
4739796   0357      119.97
4754833   0357      244.44
4803744   0357      119.97
4805842   0357      103.30
4827213   0357       76.82
4853128   0357      114.40
4882144   0357       94.39
5017295   0357       94.65
5022967   0357      159.37
5237805   0357      106.73
5238236   0357      163.57
5239261   0357       82.35
5240821   0357      109.78
5242545   0357      125.89
5244302   0357       82.57
5244483   0357       94.65
5244484   0357       92.78
5244765   0357       84.67
5245261   0357      119.97
5248926   0357       87.08
5248954   0357       95.42
5249259   0357      106.73
5249817   0357      119.97
5250965   0357      138.70
5251153   0357       92.54
5251214   0357       80.69
5252606   0357      239.94
5253930   0357      181.37
5254613   0357       98.59
5254952   0357      137.37
5255567   0357      106.73
5255641   0357      119.97
5257069   0357       79.76
5257175   0357      150.29
5257421   0357      134.42
5257727   0357      258.25
5257774   0357      103.30
5259121   0357      172.03
5259785   0357      120.22
5261116   0357      102.19
5261139   0357      106.73
5261250   0357      104.34
5261418   0357       78.15
5261643   0357      109.41
5263470   0357      123.34
5344986   0357      109.41
5435450   0357      102.19
5436619   0357      119.97
5436795   0357       92.62
5438690   0357      109.41
5439480   0357      103.30
5439865   0357      336.04
5458236   0357      102.19
5461455   0357      150.28
5605414   0357      206.60
5658043   0357      106.73
5688352   0357      106.73
5765952   0357      106.73
5779173   0357      106.73
5915261   0357      136.45
5921128   0357      103.30
5921800   0357      109.41
5923624   0357      119.97
5925143   0357      119.97
5925949   0357      116.95
5929492   0357      103.30
5935536   0357      299.93
5938630   0357      106.73
5938995   0357      106.73
6044716   0357      160.10
6125595   0357      273.52
6127630   0357       87.88
6238388   0357      150.14
6394853   0357       61.91
64800     0357      120.34
6537141   0357      144.26
6573443   0357       95.31
6573855   0357      134.42
6573893   0357      102.19
6575243   0357       94.65
6575301   0357      103.30
6584406   0357      304.07
6634354   0357      106.73
6689708   0357      106.73
6690236   0357      106.73
6701343   0357      103.30
6701344   0357      106.73
6701453   0357      103.30
673822    0357      151.45
6841910   0357      109.41
7076647   0357      106.73
7211860   0357      119.97
7240399   0357      106.73
7300376   0357      109.41
7301470   0357      159.21
7305494   0357      150.70
7305781   0357      127.78
7308623   0357       84.47
7309317   0357      109.41
7309375   0357       94.65
7310425   0357      134.42
7310959   0357      111.54
7311233   0357       80.88
7311255   0357      109.41
7312149   0357      106.73
7313189   0357      138.88
7314050   0357      109.41
7314987   0357      134.42
7315048   0357      119.97
7315058   0357      266.83
7315331   0357      106.73
7316059   0357      134.42
7316139   0357      119.97
7316607   0357       92.49
7316959   0357      207.76
7317744   0357      316.87
7318041   0357       90.26
7319649   0357      239.94
7321787   0357       94.65
7322304   0357       94.65
7322780   0357      102.19
7322794   0357      107.01
7324725   0357      140.76
7325664   0357       73.64
7325721   0357      152.80
7325722   0357      110.09
7325778   0357      115.63
7328421   0357      109.41
7330948   0357      103.30
7331943   0357       94.65
7332202   0357      109.41
7332734   0357      225.44
7333145   0357      119.97
7335642   0357      106.73
7337422   0357       69.68
7338055   0357      134.42
7340200   0357      144.16
7340742   0357      128.09
7340989   0357      109.41
7342107   0357       94.65
7342680   0357      136.45
7343605   0357      109.41
7344290   0357       94.65
7344465   0357      189.30
7347856   0357      110.61
7348137   0357      109.41
7348986   0357      106.73
7349428   0357      375.36
7349843   0357      109.41
7350162   0357       82.00
7350273   0357       94.65
7351297   0357       86.08
7352317   0357       94.65
7353364   0357      218.82
7353377   0357      106.73
7354064   0357      109.41
7354848   0357      115.63
7355837   0357      206.13
7355928   0357      119.41
7359478   0357      119.97
7360346   0357      102.19
7360517   0357      106.73
7363171   0357       67.80
7363652   0357      106.73
7365166   0357       97.26
7365545   0357       94.65
7367276   0357      109.41
7368710   0357      218.82
7369018   0357      106.73
7371154   0357      106.73
7372156   0357      109.41
7372973   0357       72.37
7373089   0357      102.19
7373215   0357      134.42
7374243   0357      102.19
7374616   0357      100.44
7377030   0357      102.19
7377579   0357      103.30
7379256   0357      189.30
7380616   0357      109.41
7381553   0357      106.73
7382148   0357       83.69
7382532   0357      109.41
7384964   0357      106.73
7387544   0357      213.47
7388038   0357      109.41
7388080   0357      106.73
7388125   0357      119.97
7388199   0357      153.28
7389581   0357      103.30
7391472   0357       94.65
7392153   0357      299.93
7393061   0357       94.65
7393144   0357      218.82
7395742   0357      116.98
7396051   0357      160.10
7398038   0357       66.93
7400031   0357      106.73
7401094   0357      106.73
7401380   0357      106.73
7401853   0357      109.41
7403123   0357      109.41
7403188   0357       94.65
7403563   0357       94.65
7406353   0357      106.73
7408531   0357      103.30
7409730   0357       94.65
7410177   0357      150.14
7412535   0357      119.97
7412738   0357      102.19
7415285   0357      150.14
7415448   0357      106.73
7416870   0357      109.41
7417289   0357      218.82
7417791   0357      213.47
7418898   0357      109.41
7418939   0357      109.41
7419340   0357       94.65
7419740   0357      109.41
7419800   0357      106.73
7419866   0357      236.63
7420316   0357      106.73
7420429   0357      119.97
7423108   0357      119.97
7423415   0357      106.73
7423444   0357      106.73
7425063   0357      109.41
7425430   0357      106.73
7425900   0357       94.65
7426046   0357      106.73
7427359   0357      109.41
7427520   0357      106.73
7429274   0357      103.30
7432253   0357      119.97
7434591   0357      258.25
7435158   0357      273.52
7436077   0357      189.30
7436996   0357      103.30
7437806   0357      109.41
7437808   0357      109.41
7438450   0357      106.73
7439597   0357      268.83
7439617   0357      103.30
7439629   0357      106.73
7440809   0357      105.91
7442445   0357      106.73
7444497   0357      164.11
7444651   0357      119.97
7444842   0357      106.73
7444889   0357      268.83
7445661   0357      102.19
7446382   0357      119.97
7446644   0357      103.30
7447067   0357      266.83
7447334   0357      134.42
7447992   0357      109.41
7449457   0357      102.19
7455429   0357      106.73
7455588   0357      106.73
7461704   0357      103.30
7465820   0357      266.83
7465910   0357      103.30
7466779   0357       95.28
7466870   0357      103.30
7502836   0357       80.68
7548386   0357      102.19
7548420   0357       94.65
770342    0357      136.45
7917981   0357      106.73
7981510   0357      119.97
7982728   0357      109.41
7982865   0357      116.10
7983170   0357      109.41
7984159   0357      103.30
7985605   0357      119.88
7988969   0357      106.73
8054279   0357      104.63
8064487   0357      132.71
8068577   0357       75.63
8069571   0357      103.30
8140450   0357       90.40
8594315   0357      106.73
8718789   0357      213.47
8734286   0357      119.97
9066082   0357      120.22
9100619   0357      106.73
9211039   0357       94.65
9261804   0357      119.97
9317884   0357      239.94
9433060   0357      106.73
9540404   0357      119.97
9540845   0357      201.62
9542018   0357      119.97
9542237   0357       94.65
9543174   0357      103.30
9543530   0357       81.92
9544179   0357      103.30
9544345   0357      102.19
9544429   0357      119.97
9544827   0357      119.97
9545198   0357      130.51
9545952   0357      175.39
9546474   0357      103.30
9547148   0357       94.65
9551389   0357      106.73
9552709   0357      109.41
9553039   0357      103.30
9553047   0357       94.65
9553149   0357      109.41
9555077   0357       93.92
9555609   0357      109.41
9555641   0357      106.73
9557148   0357      268.83
9557803   0357      102.19
9557875   0357      109.41
9557894   0357       88.29
9558628   0357      102.19
9560453   0357      109.41
9570736   0357      106.73
9572755   0357      103.30
9577605   0357      103.30
9601343   0357      266.83
9603154   0357      102.19
9603683   0357      106.73
9603870   0357      116.99
9604166   0357       94.65
9604592   0357      225.21
9607091   0357      120.88
9608547   0357      103.30
9609337   0357      109.41
9609338   0357      213.47
9612117   0357      119.97
9612530   0357      266.83
9612692   0357      103.30
9614364   0357      189.30
9615563   0357      103.30
9615964   0357      106.73
9617493   0357      189.30
9620242   0357      239.94
9620248   0357      268.83
9620376   0357      106.73
9620599   0357      119.97
9620701   0357       94.65
9620720   0357       94.65
9621777   0357      109.41
9622347   0357      106.73
9624370   0357      145.30
9624596   0357      109.41
9625361   0357      103.30
9625933   0357      206.60
9626082   0357      106.73
9626215   0357       94.65
9627150   0357      299.93
9627523   0357      206.60
9627724   0357      109.41
9629963   0357      119.97
9631462   0357      119.97
9634554   0357      103.30
9634674   0357      103.30
9636806   0357      109.41
9638320   0357      106.73
9639201   0357       94.65
9845319   0357      102.19
9846320   0357      119.97
9847068   0357       91.60
9847350   0357      103.30
9848693   0357       94.65
9850403   0357      103.30
9851111   0357      103.30
9851993   0357      106.73
10107724  3357      150.14
10120357  3357      106.73
10121866  3357      119.97
10125466  3357      109.41
10126656  3357      106.73
10141786  3357      116.10
10312414  3357       94.65
10373550  3357      106.73
10639752  3357      109.41
10726693  3357      106.73
10760806  3357      109.41
10764554  3357      119.97
10770124  3357      106.73
10772668  3357      109.41
10774121  3357      119.97
10775520  3357       94.65
10776516  3357      150.14
10776915  3357      109.41
10777482  3357      109.41
10777645  3357      106.73
10778464  3357      109.41
10779723  3357      106.73
10784623  3357      103.30
10794552  3357      103.30
10820078  3357      119.97
10840266  3357      103.30
10841061  3357      102.19
10841823  3357      150.14
10842205  3357      106.73
10843324  3357      106.73
10844575  3357      150.14
10844947  3357      106.73
10845717  3357      109.41
10845943  3357      335.17
10846474  3357      103.30
10846532  3357      119.97
10846629  3357      106.73
10846940  3357      103.30
10846985  3357      103.30
10847648  3357      109.41
10848158  3357      134.42
10849906  3357      106.73
10849907  3357      119.97
10860593  3357      106.73
10903693  3357      109.41
10959957  3357      106.73
10960021  3357      106.73
10963442  3357      119.97
10963957  3357      119.97
10964062  3357      106.73
1108218   3357      144.16
1112379   3357      136.45
1115136   3357       91.87
11163187  3357      109.41
11177533  3357      109.41
11260715  3357      106.73
11261772  3357      150.14
11262378  3357      106.73
11263756  3357      109.41
11264041  3357      102.19
11264550  3357       94.65
11265496  3357      103.30
11265527  3357      119.97
11266390  3357      106.73
11267811  3357       94.65
11267932  3357      109.41
11268437  3357      150.14
11269196  3357      134.42
1129535   3357      127.22
11414487  3357      119.97
11425214  3357      106.73
11425449  3357      103.30
11426462  3357       94.65
11428034  3357       94.65
11428889  3357      103.30
11429539  3357      106.73
11429792  3357      109.41
11429991  3357      106.73
11430700  3357      106.73
11433167  3357      106.73
11433865  3357      106.73
11434350  3357      106.73
11546168  3357       94.65
11580362  3357      119.97
11584952  3357      106.73
11586448  3357      103.30
11589730  3357      103.30
11594236  3357      150.14
11594524  3357      109.41
11596252  3357      106.73
11597667  3357      106.73
11598121  3357      102.19
11598207  3357      109.41
11598956  3357      102.19
11633896  3357      102.19
11645810  3357      103.30
11651035  3357      106.73
11651090  3357      103.30
11652405  3357      106.73
11653864  3357      106.73
11694358  3357      109.41
11694758  3357      103.30
11695394  3357      109.41
11749469  3357      106.73
11783201  3357      119.97
11783366  3357      145.30
11784637  3357      109.41
11786325  3357      150.14
11786432  3357      104.63
11787653  3357      106.73
11787807  3357      106.73
11788587  3357      106.73
11788630  3357      119.97
11790273  3357      106.73
11790818  3357      106.73
11791177  3357      106.73
11792127  3357      106.73
11792506  3357      109.41
11792846  3357      106.73
118087    3357      241.03
11879419  3357      119.97
11879750  3357      119.97
11881224  3357      150.14
11881668  3357      109.41
11881669  3357      109.41
11882080  3357       94.65
11882720  3357      150.14
11883300  3357      106.73
11949766  3357      150.14
12011761  3357      150.14
12018571  3357       94.65
12018729  3357      109.41
12018852  3357      103.30
12019816  3357       94.65
12020535  3357      134.42
12021559  3357      119.97
12021966  3357      103.30
12022428  3357      119.97
12023306  3357      134.42
12023981  3357      106.73
12024178  3357      106.73
12024179  3357      106.73
12025294  3357      106.73
12025488  3357      109.41
12025491  3357      109.41
12026565  3357      106.73
12027093  3357      103.30
12027260  3357      106.73
12027527  3357      109.41
12027928  3357      109.41
12027973  3357      119.97
12080554  3357      103.30
1218058   3357      121.24
12241212  3357      109.41
12242270  3357      103.30
12243077  3357      109.41
12244707  3357      109.41
12247738  3357      106.73
12248400  3357      109.41
12248755  3357      119.97
12248784  3357      102.19
12248960  3357      106.73
12249178  3357      145.30
12279667  3357      106.73
12314254  3357      134.42
1232375   3357      194.98
12370670  3357      134.42
1239070   3357      144.16
12434895  3357      102.19
12435304  3357      103.30
12435757  3357      109.41
12435759  3357      103.30
12527456  3357       94.65
12534356  3357      106.73
12536172  3357      106.73
12536549  3357      134.42
1254062   3357      151.45
1257983   3357      128.56
1258658   3357      136.45
1259324   3357      151.45
1260432   3357      136.45
1261562   3357      151.45
1262953   3357       86.32
1263302   3357      158.44
1263303   3357      136.45
1263991   3357      188.95
1265436   3357      136.45
1266723   3357      116.95
12691465  3357      103.30
1269356   3357      128.56
12698409  3357      109.41
12698965  3357      109.41
12700553  3357       94.65
12701276  3357      103.30
12701301  3357      109.41
12702273  3357       94.65
12704473  3357      102.19
12704482  3357      119.97
12704649  3357      106.73
12704927  3357      106.73
12705860  3357      106.73
12706171  3357      106.73
12706774  3357      119.97
12707136  3357      106.73
1272390   3357      151.45
1273369   3357      125.35
1277938   3357      151.45
1278407   3357      136.45
12848719  3357      106.73
12849330  3357      134.42
12851330  3357      106.73
12852888  3357      106.73
12858616  3357      103.30
12878256  3357      106.73
12884972  3357      106.73
12934142  3357       94.65
12934525  3357      109.41
12935305  3357      106.73
12935606  3357      106.73
13032012  3357      105.90
13032033  3357      106.73
13034237  3357      106.73
13035222  3357      150.14
13084488  3357      102.19
13084886  3357       94.65
13180551  3357      106.73
1318484   3357      144.16
13187744  3357      103.30
13187816  3357      240.91
13188137  3357      102.19
13188604  3357      102.19
13264411  3357      106.73
13265462  3357      109.41
13265946  3357      106.73
13266369  3357      106.73
13268000  3357      109.41
13268185  3357      109.41
13268457  3357       94.65
13268537  3357      103.30
13346269  3357      109.41
13408041  3357      102.19
13510172  3357      102.19
13510180  3357      109.41
13527636  3357      119.97
13566631  3357      150.14
13643981  3357      109.41
13643982  3357      109.41
13644051  3357      106.73
13644555  3357      109.41
13644665  3357      106.73
13644680  3357      119.97
13652653  3357      109.41
13674854  3357      119.97
13678214  3357      103.30
13678857  3357      109.41
13679940  3357      103.30
13724134  3357      103.30
13774187  3357      109.41
13774684  3357      106.73
13775452  3357      109.41
13775808  3357      109.41
13777181  3357      109.41
13785046  3357      109.41
13785661  3357      106.73
13785997  3357       94.65
13786181  3357      106.73
13787208  3357      106.73
13787741  3357      109.41
13842354  3357      106.73
13843775  3357      106.73
13856268  3357      106.73
13867427  3357      103.30
13868652  3357      106.73
13880177  3357      109.41
13880981  3357      103.30
13905892  3357      109.41
13986119  3357      106.73
13990906  3357      119.97
14003086  3357       94.65
14030527  3357      109.41
14031045  3357      106.73
14031497  3357      103.30
1404429   3357       93.56
14093727  3357      106.73
14094806  3357      119.97
14143188  3357       94.65
14159223  3357      109.41
14176129  3357      103.30
14270811  3357      109.41
14293118  3357      103.30
1431183   3357      136.45
14335445  3357       94.65
14335539  3357      103.30
1433726   3357      136.45
14372299  3357      119.97
14372818  3357       70.03
14376347  3357      106.73
14398946  3357      106.73
14399267  3357      102.19
14405196  3357      106.73
14405401  3357      103.30
14513487  3357      109.41
14590375  3357      102.19
14607589  3357      102.19
14648947  3357      103.30
14649126  3357      109.41
14810540  3357      103.30
14825867  3357      106.73
14877620  3357      103.30
14877805  3357      119.97
14877859  3357      134.42
14879704  3357      109.41
14880827  3357      119.97
15170350  3357      102.19
15177340  3357      119.97
15177867  3357      109.41
15306151  3357       94.65
15306996  3357       94.65
15352095  3357      106.73
15444811  3357      119.97
15448608  3357      106.73
15597541  3357      109.41
15598043  3357      109.41
15598319  3357      106.73
15598510  3357      103.30
15598933  3357      109.41
15599928  3357      102.19
15668151  3357      103.30
15668851  3357      102.19
15729233  3357      106.73
15729536  3357      102.19
15778630  3357      103.30
15827139  3357      119.97
15959808  3357      109.41
16001576  3357      109.41
16137706  3357       94.65
16138119  3357      106.73
1631390   3357       81.59
16324090  3357      106.73
16594051  3357      102.19
16641426  3357       94.65
16736267  3357      106.73
16770549  3357      103.30
16788972  3357      103.30
17011869  3357      106.73
17012587  3357      106.73
17019549  3357      106.73
17033256  3357      109.41
17104175  3357      106.73
17306742  3357      109.41
1737075   3357      144.16
17379215  3357      102.19
17504786  3357      102.19
17572385  3357      106.73
17626132  3357      102.19
1763812   3357       86.32
1764349   3357      158.44
1765295   3357      240.43
1769938   3357      141.27
1778800   3357      187.12
17965237  3357      106.73
18058393  3357      109.41
18059918  3357      103.30
18263579  3357      106.73
18263756  3357      106.73
1834693   3357      116.95
18471327  3357      106.73
1854577   3357      136.45
18656459  3357      106.73
18785684  3357      109.41
18950730  3357      109.41
1906129   3357      136.45
19166206  3357      109.41
19262723  3357      106.73
1926999   3357      128.56
19324610  3357      103.30
19827450  3357      109.41
19850185  3357      109.41
19973112  3357      106.73
20187870  3357      102.19
20189202  3357      134.42
20235584  3357      102.19
2030572   3357      144.16
2033664   3357      111.76
20348834  3357      109.41
20351464  3357      106.73
21140944  3357      105.90
2130876   3357      158.44
2157417   3357      111.76
2186056   3357      144.16
2189077   3357      204.96
2196831   3357      151.45
2198274   3357      117.46
2198799   3357      144.16
2199826   3357      151.45
2272067   3357      158.44
23156662  3357      107.08
2376223   3357      110.42
2380275   3357      128.56
2384661   3357      136.45
2529886   3357      136.45
2532585   3357      158.44
2533320   3357      119.42
2533977   3357      148.37
2534786   3357       99.35
2535843   3357      128.56
2536373   3357      128.56
2536795   3357      124.30
2538821   3357      133.06
2539425   3357      125.35
2539607   3357      128.56
2539943   3357      158.44
2541142   3357      136.45
2541439   3357       92.49
2541709   3357      134.74
2543654   3357      136.45
2543932   3357      151.45
2592064   3357      128.57
2592966   3357      151.45
2593377   3357      122.47
2593686   3357      144.16
2596405   3357      105.89
2597854   3357      150.29
2598033   3357      165.50
2598872   3357      148.54
2601437   3357      135.11
2603046   3357      159.71
2605117   3357      112.93
2605164   3357      148.56
2605539   3357      130.93
2605823   3357      117.01
2607322   3357       81.61
2608233   3357       79.61
2608304   3357      138.88
2608554   3357      150.29
2684589   3357      136.45
2741170   3357      121.91
2854705   3357      144.16
2870837   3357      153.88
2910376   3357      158.44
2910432   3357      141.27
2911765   3357      144.16
2912407   3357      158.44
2912692   3357      111.76
2913757   3357      141.37
2913809   3357      158.44
2914272   3357      133.82
2915293   3357      158.44
2915714   3357      136.45
2915780   3357      158.01
2916102   3357       99.35
2916362   3357      153.85
2916467   3357      151.45
2916786   3357      144.16
2918280   3357      136.45
2919212   3357      136.45
2992913   3357      158.44
3035349   3357      136.45
3039370   3357      127.93
3080057   3357      111.76
3080311   3357      136.45
3080984   3357      106.73
3081351   3357      125.35
3082505   3357       86.69
3083006   3357      136.45
3083065   3357      158.44
3083457   3357      178.24
3083843   3357      151.45
3084868   3357      138.08
3084978   3357      128.54
3085009   3357      120.88
3085276   3357      120.34
3090485   3357       80.65
3156003   3357       80.82
3234299   3357      120.34
3245420   3357      136.45
3314884   3357       99.43
3315121   3357      158.44
3315781   3357      158.44
3317339   3357       80.73
3317520   3357      118.18
3318589   3357       84.71
3318694   3357       80.32
3318719   3357      138.08
3319659   3357      151.45
3320986   3357      136.45
3322128   3357      128.09
3322284   3357      144.16
3322381   3357      140.76
3324084   3357      103.30
3324110   3357      102.21
3324403   3357      111.76
3329806   3357      159.71
3353242   3357       84.39
3457632   3357       73.63
3528540   3357       82.33
3533360   3357       85.82
3534582   3357      102.89
3535445   3357      140.32
3535676   3357      140.42
3535838   3357      156.11
3538837   3357       82.21
3539352   3357      149.68
3541739   3357      112.46
3541975   3357      116.99
3542004   3357      119.97
3542015   3357       89.86
3554092   3357      128.56
3593839   3357      122.62
3598528   3357      142.30
3710064   3357       94.65
3759377   3357      163.57
3784066   3357       91.68
3784441   3357       84.26
3785251   3357      111.54
3792247   3357      121.24
3830110   3357      172.90
3855157   3357      117.01
3855577   3357      136.45
3856978   3357      158.05
3857004   3357      120.88
3857220   3357      110.60
3857667   3357      160.93
3857878   3357      152.93
3858323   3357      110.61
3858856   3357      119.97
3859230   3357       79.43
3864991   3357       81.22
3875055   3357      106.73
3877925   3357      119.97
3878006   3357       94.65
3963688   3357       91.96
3964093   3357      103.30
3964337   3357      184.21
3965704   3357      127.78
3969513   3357       76.32
4001934   3357       88.24
4064149   3357       73.51
4065177   3357      151.45
4065584   3357      106.73
4065648   3357       98.46
4066245   3357      149.96
4067118   3357       75.86
4067735   3357       94.65
4067795   3357      147.79
4068788   3357       75.93
4071074   3357      150.14
4071241   3357       76.46
4107436   3357       94.65
4191539   3357      101.58
4193094   3357      100.90
4194671   3357       81.58
4195654   3357      154.94
4199927   3357      111.40
4200911   3357      142.82
4238916   3357      182.38
430240    3357      158.44
4317775   3357      119.97
4373204   3357      119.97
4373479   3357       75.93
4375498   3357      144.55
4375998   3357      155.43
4376813   3357      104.63
4377201   3357      158.86
437803    3357      136.45
4378140   3357       79.22
4378236   3357      157.83
4378283   3357      111.54
4378759   3357      119.97
4379154   3357      171.38
4381341   3357      129.70
4381614   3357      109.41
4382400   3357      101.36
4383023   3357      119.97
4383200   3357      171.25
4385047   3357      165.91
4386936   3357       94.65
4387777   3357       94.65
439023    3357       79.57
4409485   3357      119.97
4409788   3357      147.04
4409789   3357      109.41
4414417   3357       86.09
4414541   3357      124.79
4414909   3357      159.66
4415675   3357      139.64
443869    3357      136.45
4609506   3357       81.37
4610129   3357      148.54
4720170   3357      109.41
4720923   3357      106.73
4721016   3357      109.41
4721639   3357      158.44
4722680   3357      156.04
4722814   3357      109.45
4723168   3357      141.37
4723276   3357       94.65
4723403   3357      155.15
4724433   3357      165.50
4725919   3357      119.97
4727740   3357       94.65
4728331   3357      143.84
4729448   3357      110.10
4729575   3357       64.90
4730168   3357      119.97
4730490   3357      130.51
4730823   3357       96.71
4731322   3357      119.97
4731494   3357       92.78
4732090   3357       77.54
4732618   3357      102.19
4734527   3357      102.19
4735505   3357      158.44
4738424   3357      136.45
4739546   3357      220.05
4739796   3357      119.97
4754833   3357      244.44
4803744   3357      119.97
4805842   3357      103.30
4827213   3357       76.82
4853128   3357      114.40
4882144   3357       94.39
5017295   3357       94.65
5022967   3357      159.37
5237805   3357      106.73
5238236   3357      163.57
5239261   3357       82.35
5240821   3357      109.78
5242545   3357      125.89
5244302   3357       82.57
5244483   3357       94.65
5244484   3357       92.78
5244765   3357       84.67
5245261   3357      119.97
5248926   3357       87.08
5248954   3357       95.42
5249259   3357      106.73
5249817   3357      119.97
5250965   3357      138.70
5251153   3357       92.54
5251214   3357       80.69
5252606   3357      119.97
5253930   3357      181.37
5254613   3357       98.59
5254952   3357      137.37
5255567   3357      106.73
5255641   3357      119.97
5257069   3357       79.76
5257175   3357      150.29
5257421   3357      134.42
5257727   3357      103.30
5257774   3357      103.30
5259121   3357      172.03
5259785   3357      120.22
5261116   3357      102.19
5261139   3357      106.73
5261250   3357      104.34
5261418   3357       78.15
5261643   3357      109.41
5263470   3357      123.34
5344986   3357      109.41
5435450   3357      102.19
5436619   3357      119.97
5436795   3357       92.62
5438690   3357      109.41
5439480   3357      103.30
5439865   3357      134.42
5458236   3357      102.19
5461455   3357      150.28
5605414   3357      103.30
5658043   3357      106.73
5688352   3357      106.73
5765952   3357      106.73
5779173   3357      106.73
5915261   3357      136.45
5921128   3357      103.30
5921800   3357      109.41
5923624   3357      119.97
5925143   3357      119.97
5925949   3357      116.95
5929492   3357      103.30
5935536   3357      119.97
5938630   3357      106.73
5938995   3357      106.73
6044716   3357      106.73
6125595   3357      109.41
6127630   3357       87.88
6238388   3357      150.14
6394853   3357       61.91
64800     3357      120.34
6537141   3357      144.26
6573443   3357       95.31
6573855   3357      134.42
6573893   3357      102.19
6575243   3357       94.65
6575301   3357      103.30
6584406   3357      121.63
6634354   3357      106.73
6689708   3357      106.73
6690236   3357      106.73
6701343   3357      103.30
6701344   3357      106.73
6701453   3357      103.30
673822    3357      151.45
6841910   3357      109.41
7076647   3357      106.73
7211860   3357      119.97
7240399   3357      106.73
7300376   3357      109.41
7301470   3357      159.21
7305494   3357      150.70
7305781   3357      127.78
7308623   3357       84.47
7309317   3357      109.41
7309375   3357       94.65
7310425   3357      134.42
7310959   3357      111.54
7311233   3357       80.88
7311255   3357      109.41
7312149   3357      106.73
7313189   3357      138.88
7314050   3357      109.41
7314987   3357      134.42
7315048   3357      119.97
7315058   3357      106.73
7315331   3357      106.73
7316059   3357      134.42
7316139   3357      119.97
7316607   3357       92.49
7316959   3357      103.88
7317744   3357      158.44
7318041   3357       90.26
7319649   3357      119.97
7321787   3357       94.65
7322304   3357       94.65
7322780   3357      102.19
7322794   3357      107.01
7324725   3357      140.76
7325664   3357       73.64
7325721   3357      152.80
7325722   3357      110.09
7325778   3357      115.63
7328421   3357      109.41
7330948   3357      103.30
7331943   3357       94.65
7332202   3357      109.41
7332734   3357      150.29
7333145   3357      119.97
7335642   3357      106.73
7337422   3357       69.68
7338055   3357      134.42
7340200   3357      144.16
7340742   3357      128.09
7340989   3357      109.41
7342107   3357       94.65
7342680   3357      136.45
7343605   3357      109.41
7344290   3357       94.65
7344465   3357       94.65
7347856   3357      110.61
7348137   3357      109.41
7348986   3357      106.73
7349428   3357      150.14
7349843   3357      109.41
7350162   3357       82.00
7350273   3357       94.65
7351297   3357       86.08
7352317   3357       94.65
7353364   3357      109.41
7353377   3357      106.73
7354064   3357      109.41
7354848   3357      115.63
7355837   3357       82.45
7355928   3357      119.41
7359478   3357      119.97
7360346   3357      102.19
7360517   3357      106.73
7363171   3357       67.80
7363652   3357      106.73
7365166   3357       97.26
7365545   3357       94.65
7367276   3357      109.41
7368710   3357      109.41
7369018   3357      106.73
7371154   3357      106.73
7372156   3357      109.41
7372973   3357       72.37
7373089   3357      102.19
7373215   3357      134.42
7374243   3357      102.19
7374616   3357      100.44
7377030   3357      102.19
7377579   3357      103.30
7379256   3357       94.65
7380616   3357      109.41
7381553   3357      106.73
7382148   3357       83.69
7382532   3357      109.41
7384964   3357      106.73
7387544   3357      106.73
7388038   3357      109.41
7388080   3357      106.73
7388125   3357      119.97
7388199   3357      102.19
7389581   3357      103.30
7391472   3357       94.65
7392153   3357      119.97
7393061   3357       94.65
7393144   3357      109.41
7395742   3357      116.98
7396051   3357      106.73
7398038   3357       66.93
7400031   3357      106.73
7401094   3357      106.73
7401380   3357      106.73
7401853   3357      109.41
7403123   3357      109.41
7403188   3357       94.65
7403563   3357       94.65
7406353   3357      106.73
7408531   3357      103.30
7409730   3357       94.65
7410177   3357      150.14
7412535   3357      119.97
7412738   3357      102.19
7415285   3357      150.14
7415448   3357      106.73
7416870   3357      109.41
7417289   3357      109.41
7417791   3357      106.73
7418898   3357      109.41
7418939   3357      109.41
7419340   3357       94.65
7419740   3357      109.41
7419800   3357      106.73
7419866   3357       94.65
7420316   3357      106.73
7420429   3357      119.97
7423108   3357      119.97
7423415   3357      106.73
7423444   3357      106.73
7425063   3357      109.41
7425430   3357      106.73
7425900   3357       94.65
7426046   3357      106.73
7427359   3357      109.41
7427520   3357      106.73
7429274   3357      103.30
7432253   3357      119.97
7434591   3357      103.30
7435158   3357      109.41
7436077   3357       94.65
7436996   3357      103.30
7437806   3357      109.41
7437808   3357      109.41
7438450   3357      106.73
7439597   3357      134.42
7439617   3357      103.30
7439629   3357      106.73
7440809   3357      105.91
7442445   3357      106.73
7444497   3357      109.41
7444651   3357      119.97
7444842   3357      106.73
7444889   3357      134.42
7445661   3357      102.19
7446382   3357      119.97
7446644   3357      103.30
7447067   3357      106.73
7447334   3357      134.42
7447992   3357      109.41
7449457   3357      102.19
7455429   3357      106.73
7455588   3357      106.73
7461704   3357      103.30
7465820   3357      106.73
7465910   3357      103.30
7466779   3357       95.28
7466870   3357      103.30
7502836   3357       80.68
7548386   3357      102.19
7548420   3357       94.65
770342    3357      136.45
7917981   3357      106.73
7981510   3357      119.97
7982728   3357      109.41
7982865   3357      116.10
7983170   3357      109.41
7984159   3357      103.30
7985605   3357      119.88
7988969   3357      106.73
8054279   3357      104.63
8064487   3357       66.35
8068577   3357       75.63
8069571   3357      103.30
8140450   3357       90.40
8594315   3357      106.73
8718789   3357      106.73
8734286   3357      119.97
9066082   3357      120.22
9100619   3357      106.73
9211039   3357       94.65
9261804   3357      119.97
9317884   3357      119.97
9433060   3357      106.73
9540404   3357      119.97
9540845   3357      134.42
9542018   3357      119.97
9542237   3357       94.65
9543174   3357      103.30
9543530   3357       81.92
9544179   3357      103.30
9544345   3357      102.19
9544429   3357      119.97
9544827   3357      119.97
9545198   3357      130.51
9545952   3357      175.39
9546474   3357      103.30
9547148   3357       94.65
9551389   3357      106.73
9552709   3357      109.41
9553039   3357      103.30
9553047   3357       94.65
9553149   3357      109.41
9555077   3357       93.92
9555609   3357      109.41
9555641   3357      106.73
9557148   3357      134.42
9557803   3357      102.19
9557875   3357      109.41
9557894   3357       88.29
9558628   3357      102.19
9560453   3357      109.41
9570736   3357      106.73
9572755   3357      103.30
9577605   3357      103.30
9601343   3357      106.73
9603154   3357      102.19
9603683   3357      106.73
9603870   3357      116.99
9604166   3357       94.65
9604592   3357      150.14
9607091   3357      120.88
9608547   3357      103.30
9609337   3357      109.41
9609338   3357      106.73
9612117   3357      119.97
9612530   3357      106.73
9612692   3357      103.30
9614364   3357       94.65
9615563   3357      103.30
9615964   3357      106.73
9617493   3357       94.65
9620242   3357      119.97
9620248   3357      134.42
9620376   3357      106.73
9620599   3357      119.97
9620701   3357       94.65
9620720   3357       94.65
9621777   3357      109.41
9622347   3357      106.73
9624370   3357      145.30
9624596   3357      109.41
9625361   3357      103.30
9625933   3357      103.30
9626082   3357      106.73
9626215   3357       94.65
9627150   3357      119.97
9627523   3357      103.30
9627724   3357      109.41
9629963   3357      119.97
9631462   3357      119.97
9634554   3357      103.30
9634674   3357      103.30
9636806   3357      109.41
9638320   3357      106.73
9639201   3357       94.65
9845319   3357      102.19
9846320   3357      119.97
9847068   3357       91.60
9847350   3357      103.30
9848693   3357       94.65
9850403   3357      103.30
9851111   3357      103.30
9851993   3357      106.73
