10107724  0357       19.43
10120357  0357       29.19
10121866  0357       48.70
10125466  0357       19.04
10126656  0357       19.46
10141786  0357       19.48
10312414  0357       19.34
10373550  0357       38.92
10639752  0357       19.04
10726693  0357       19.46
10760806  0357       19.04
10764554  0357       19.48
10770124  0357       19.46
10772668  0357       19.04
10774121  0357       19.48
10775520  0357       38.68
10776516  0357       19.43
10776915  0357       19.04
10777482  0357       19.04
10777645  0357       29.19
10778464  0357       19.04
10779723  0357       19.46
10784623  0357       19.46
10794552  0357       19.46
10820078  0357       19.48
10840266  0357       19.46
10841061  0357       19.20
10841823  0357       19.43
10842205  0357       19.46
10843324  0357       48.65
10844575  0357       38.86
10844947  0357       19.46
10845717  0357       19.04
10845943  0357       98.48
10846474  0357       19.46
10846532  0357       19.48
10846629  0357       19.46
10846940  0357       38.92
10846985  0357       19.46
10847648  0357       19.04
10848158  0357       19.49
10849906  0357       19.46
10849907  0357       19.48
10860593  0357       19.46
10903693  0357       19.04
10959957  0357       19.46
10960021  0357       19.46
10963442  0357       19.48
10963957  0357       19.48
10964062  0357       38.92
1108218   0357       35.64
1112379   0357       35.76
1115136   0357       92.92
11163187  0357       19.04
11177533  0357       19.04
11260715  0357       19.46
11261772  0357       19.43
11262378  0357       19.46
11263756  0357       19.04
11264041  0357       28.80
11264550  0357       19.34
11265496  0357       19.46
11265527  0357       19.48
11266390  0357       38.92
11267811  0357       38.68
11267932  0357       38.08
11268437  0357       19.43
11269196  0357       19.49
1129535   0357       35.78
11414487  0357       19.48
11425214  0357       19.46
11425449  0357       19.46
11426462  0357       19.34
11428034  0357       19.34
11428889  0357       48.65
11429539  0357       38.92
11429792  0357       19.04
11429991  0357       29.19
11430700  0357       19.46
11433167  0357       19.46
11433865  0357       38.92
11434350  0357       19.46
11546168  0357       19.34
11580362  0357       19.48
11584952  0357       19.46
11586448  0357       19.46
11589730  0357       38.92
11594236  0357       19.43
11594524  0357       19.04
11596252  0357       19.46
11597667  0357       19.46
11598121  0357       19.20
11598207  0357       19.04
11598956  0357       19.20
11633896  0357       19.20
11645810  0357       19.46
11651035  0357       19.46
11651090  0357       19.46
11652405  0357       19.46
11653864  0357       19.46
11694358  0357       19.04
11694758  0357       19.46
11695394  0357       38.08
11749469  0357       19.46
11783201  0357       19.48
11783366  0357       19.43
11784637  0357       19.04
11786325  0357       19.43
11786432  0357       19.20
11787653  0357       38.92
11787807  0357       19.46
11788587  0357       38.96
11788630  0357       19.48
11790273  0357       19.46
11790818  0357       29.19
11791177  0357       19.46
11792506  0357       19.04
11792846  0357       19.46
118087    0357       25.25
11878930  0357       19.46
11879419  0357       19.48
11879750  0357       19.48
11881224  0357       19.43
11881668  0357       47.60
11881669  0357       19.04
11882080  0357       19.34
11882720  0357       19.43
11883300  0357       38.92
11949766  0357       19.43
12011761  0357       38.86
12018571  0357       29.01
12018729  0357       19.04
12018852  0357       19.46
12019816  0357       19.34
12020535  0357       19.49
12021559  0357       19.48
12021966  0357       19.46
12022428  0357       19.48
12023306  0357       19.49
12023981  0357       29.19
12024178  0357       19.46
12024179  0357       19.46
12025294  0357       29.19
12025488  0357       19.04
12025491  0357       19.04
12026565  0357       19.46
12027093  0357       19.46
12027260  0357       19.46
12027527  0357       19.04
12027928  0357       19.04
12027973  0357       38.96
12080554  0357       19.46
1218058   0357       35.76
12241212  0357       28.56
12242270  0357       19.46
12243077  0357       19.04
12244707  0357       19.04
12247738  0357       29.19
12248400  0357       47.60
12248755  0357       19.48
12248784  0357       38.40
12248960  0357       19.46
12249178  0357       19.43
12279667  0357       19.46
12314254  0357       48.72
1232375   0357       29.36
12370670  0357       19.49
1239070   0357       35.64
12434895  0357       19.20
12435304  0357       19.46
12435757  0357       28.56
12435759  0357       48.65
12527456  0357       19.34
12534356  0357       19.46
12536172  0357       19.46
12536549  0357       19.49
1254062   0357       35.50
1257983   0357       35.78
1258658   0357       35.76
1259324   0357       35.50
1260432   0357       35.76
1261562   0357       35.50
1262953   0357       84.72
1263302   0357       35.34
1263303   0357       35.76
1263991   0357       29.94
1265436   0357       35.76
1266723   0357       31.53
12691465  0357       19.46
1269356   0357       71.56
12698409  0357       19.04
12698965  0357       19.04
12700553  0357       19.34
12701276  0357       19.46
12701301  0357       19.04
12702273  0357       19.34
12704473  0357       19.20
12704482  0357       38.96
12704649  0357       19.46
12704927  0357       19.46
12705860  0357       19.46
12706171  0357       19.46
12706774  0357       38.96
12707136  0357       19.46
1272390   0357       35.50
1273369   0357       39.86
1277938   0357       35.50
1278407   0357       35.76
12848719  0357       19.46
12849330  0357       19.49
12851330  0357       19.46
12852888  0357       19.46
12858616  0357       29.19
12878256  0357       19.46
12884972  0357       19.46
12934142  0357       19.34
12934525  0357       19.04
12935305  0357       19.46
12935606  0357       19.46
13032012  0357       38.08
13032033  0357       19.46
13034237  0357       19.46
13035222  0357       19.43
13084488  0357       19.20
13084886  0357       19.34
13180551  0357       19.46
1318484   0357       35.64
13187744  0357       38.92
13187816  0357       72.84
13188137  0357       19.20
13188604  0357       28.80
13264411  0357       19.46
13265462  0357       19.04
13265946  0357       29.19
13266369  0357       19.46
13268000  0357       38.08
13268185  0357       38.08
13268457  0357       19.34
13268537  0357       29.19
13346269  0357       47.60
13408041  0357       19.20
13510172  0357       19.20
13510180  0357       19.04
13527636  0357       19.48
13566631  0357       19.43
13643981  0357       38.08
13643982  0357       28.56
13644051  0357       19.46
13644555  0357       47.60
13644665  0357       19.46
13644680  0357       48.70
13652653  0357       19.04
13674854  0357       19.48
13678214  0357       19.46
13678857  0357       19.04
13679940  0357       19.46
13724134  0357       29.19
13774187  0357       19.04
13774684  0357       19.46
13775452  0357       19.04
13775808  0357       19.04
13777181  0357       28.56
13785046  0357       19.04
13785661  0357       19.46
13785997  0357       19.34
13786181  0357       19.46
13787208  0357       19.46
13787741  0357       19.04
13842354  0357       19.46
13843775  0357       19.46
13856268  0357       19.46
13867427  0357       29.19
13868652  0357       19.46
13880177  0357       34.85
13880981  0357       19.46
13905892  0357       19.04
13986119  0357       19.46
13990906  0357       29.22
14003086  0357       19.34
14030527  0357       19.04
14031045  0357       19.46
14031497  0357       48.65
1404429   0357       35.73
14093727  0357       29.19
14094806  0357       19.48
14143188  0357       19.34
14159223  0357       38.08
14176129  0357       19.46
14270811  0357       47.60
14293118  0357       29.19
1431183   0357       35.76
14335445  0357       19.34
14335539  0357       19.46
1433726   0357       35.76
14372299  0357       19.48
14372818  0357      109.66
14376347  0357       19.46
14398946  0357       19.46
14399267  0357       28.80
14405196  0357       19.46
14405401  0357       19.46
14513487  0357       19.04
14590375  0357       19.20
14607589  0357       28.80
14648947  0357       19.46
14649126  0357       19.04
14810540  0357       29.19
14825867  0357       19.46
14877620  0357       19.46
14877805  0357       19.48
14877859  0357       19.49
14879704  0357       28.56
14880827  0357       19.48
15170350  0357       19.20
15177340  0357       19.48
15177867  0357       38.08
15306151  0357       48.35
15306996  0357       19.34
15352095  0357       19.46
15444811  0357       19.48
15448608  0357       19.46
15597541  0357       19.04
15598043  0357       19.04
15598319  0357       19.46
15598510  0357       38.92
15598933  0357       19.04
15599928  0357       28.80
15668151  0357       38.92
15668851  0357       19.20
15729233  0357       29.19
15729536  0357       48.00
15778630  0357       29.19
15827139  0357       19.48
15959808  0357       19.04
16001576  0357       19.04
16137706  0357       19.34
16138119  0357       29.19
1631390   0357       80.81
16324090  0357       19.46
16594051  0357       19.20
16641426  0357       19.34
16736267  0357       19.46
16770549  0357       19.46
16788972  0357       38.92
17011869  0357       38.92
17012587  0357       48.65
17019549  0357       19.46
17033256  0357       19.04
17104175  0357       19.46
17306742  0357       19.04
1737075   0357       35.64
17379215  0357       28.80
17504786  0357       19.20
17572385  0357       38.92
17626132  0357       38.40
1763812   0357       84.72
1764349   0357       35.34
1765295   0357       52.40
1769938   0357       35.64
17965237  0357       29.19
18058393  0357       19.04
18059918  0357       19.46
18263579  0357       29.19
18263756  0357       19.46
1834693   0357       31.53
18471327  0357       19.46
18656459  0357       29.19
18785684  0357       19.04
18950730  0357       19.04
1906129   0357       35.76
19166206  0357       47.60
19262723  0357       19.46
1926999   0357       35.78
19324610  0357       38.92
19827450  0357       19.04
19850185  0357       47.60
19973112  0357       19.46
20187870  0357       38.40
20189202  0357       19.49
20235584  0357       38.40
2030572   0357       35.64
2033664   0357       35.73
20348834  0357       28.56
20351464  0357       38.92
21140944  0357       28.56
2130876   0357       35.34
2157417   0357       89.33
2186056   0357       35.64
2189077   0357       29.75
2196831   0357       35.50
2198274   0357       39.88
2198799   0357       35.64
2199826   0357       35.50
2272067   0357       35.34
23156662  0357       39.86
2376223   0357       35.73
2380275   0357       35.78
2384661   0357       35.76
2529886   0357       35.76
2532585   0357       35.34
2533320   0357       39.74
2533977   0357       34.53
2534786   0357       31.87
2535843   0357       35.78
2536373   0357       35.78
2536795   0357       35.76
2538821   0357       39.74
2539607   0357       35.78
2539943   0357       35.34
2541142   0357       35.76
2541439   0357       84.69
2541709   0357       34.59
2543654   0357       35.76
2543932   0357       35.50
2592064   0357       35.78
2592966   0357       42.59
2593377   0357       35.76
2593686   0357       35.64
2596405   0357       49.24
2597854   0357       32.84
2598033   0357       32.84
2598872   0357       35.34
2601437   0357       35.76
2603046   0357       33.42
2605117   0357       35.78
2605164   0357       37.52
2605539   0357       24.51
2605823   0357       31.53
2607322   0357       44.23
2608233   0357       41.60
2608304   0357       35.34
2608554   0357       32.84
2684589   0357       35.76
2741170   0357       38.72
2854705   0357       35.64
2870837   0357       36.73
2910376   0357       35.34
2910432   0357       35.64
2911765   0357       35.64
2912407   0357       35.34
2912692   0357       35.73
2913757   0357       35.64
2913809   0357       35.34
2914272   0357       35.07
2915293   0357       35.34
2915714   0357       35.76
2915780   0357       33.91
2916102   0357       31.87
2916362   0357       34.01
2916467   0357       35.50
2916786   0357       35.64
2918280   0357       89.40
2992913   0357       35.34
3035349   0357       35.76
3039370   0357       32.82
3080057   0357       53.60
3080311   0357       35.76
3080984   0357       19.46
3081351   0357       39.86
3082505   0357       84.03
3083006   0357       35.76
3083065   0357       35.34
3083457   0357       32.63
3083843   0357       35.50
3084868   0357       34.01
3084978   0357       39.44
3085009   0357       35.64
3085276   0357       35.79
3090485   0357       41.60
3156003   0357       84.30
3234299   0357       35.79
3245420   0357       35.76
3314884   0357       31.53
3315121   0357       35.34
3315781   0357       35.34
3317339   0357       41.44
3317520   0357       35.76
3318589   0357       44.81
3318694   0357       41.63
3318719   0357       34.01
3319659   0357       35.50
3320986   0357       35.76
3322128   0357       41.04
3322284   0357       35.64
3322381   0357       34.62
3324084   0357       19.46
3324110   0357       84.69
3324403   0357       35.73
3329806   0357       33.42
3353242   0357       84.60
3457632   0357       80.62
3528540   0357       44.52
3533360   0357       43.68
3535445   0357       35.50
3535676   0357       36.94
3535838   0357       32.75
3538837   0357       47.45
3539352   0357       32.84
3541739   0357       35.76
3541975   0357       31.53
3542004   0357       19.48
3542015   0357       25.09
3554092   0357       35.78
3593839   0357       35.64
3598528   0357       35.18
3710064   0357       19.34
3759377   0357       33.33
3784066   0357       42.77
3784441   0357       41.92
3785251   0357       35.76
3792247   0357       35.76
3830110   0357       33.20
3855157   0357       31.53
3855577   0357       35.76
3856978   0357       36.85
3857004   0357       35.64
3857220   0357       35.76
3857667   0357       36.85
3857878   0357       33.42
3858323   0357       71.52
3858856   0357       19.48
3859230   0357       65.02
3864991   0357       35.73
3875055   0357       19.46
3877925   0357       38.96
3878006   0357       19.34
3963688   0357       40.76
3964093   0357       19.46
3964337   0357       32.48
3965704   0357       39.44
3969513   0357       41.15
4001934   0357       43.96
4064149   0357       37.74
4065177   0357       35.50
4065584   0357       19.46
4065648   0357       49.61
4066245   0357       33.33
4067118   0357       48.06
4067735   0357       19.34
4067795   0357       33.42
4068788   0357       41.26
4071074   0357       19.43
4071241   0357       80.49
4107436   0357       19.34
4191539   0357       35.64
4193094   0357       89.45
4194671   0357       42.18
4195654   0357       32.75
4199927   0357       31.66
4200911   0357       35.64
4238916   0357       31.53
430240    0357       35.34
4317775   0357       19.48
4373204   0357       19.48
4373479   0357       41.26
4375498   0357       32.82
4375998   0357       31.89
4376813   0357       19.20
4377201   0357       32.86
437803    0357       35.76
4378140   0357       41.34
4378236   0357       32.75
4378283   0357       35.76
4378759   0357       19.48
4379154   0357       35.61
4381341   0357       35.50
4381614   0357       19.04
4382400   0357       59.79
4383023   0357       19.48
4383200   0357       33.59
4385047   0357       32.75
4386936   0357       26.47
4387777   0357       48.35
439023    0357       31.85
4409485   0357       19.48
4409788   0357       35.34
4409789   0357       38.08
4414417   0357       43.95
4414541   0357       37.55
4414909   0357       33.42
4415675   0357       35.34
443869    0357       35.76
4609506   0357       41.92
4610129   0357       35.34
4720170   0357       28.56
4720923   0357       19.46
4721016   0357       19.04
4721639   0357       35.34
4722680   0357       40.83
4722814   0357       24.51
4723168   0357       41.53
4723276   0357       19.34
4723403   0357       34.49
4724433   0357       32.84
4725919   0357       38.96
4727740   0357       19.34
4728331   0357       36.85
4729448   0357       31.53
4729575   0357       35.99
4730168   0357       19.48
4730490   0357       35.50
4730823   0357       52.09
4731322   0357       19.48
4731494   0357       39.88
4732090   0357       45.44
4732618   0357       19.20
4734527   0357       19.20
4735505   0357       35.34
4738424   0357       35.76
4739546   0357       39.86
4739796   0357       19.48
4754833   0357       35.78
4803744   0357       19.48
4805842   0357       19.46
4827213   0357       45.11
4853128   0357       31.87
4882144   0357       35.88
5017295   0357       19.34
5022967   0357       32.75
5237805   0357       19.46
5238236   0357       33.33
5239261   0357       35.73
5240821   0357       39.74
5242545   0357       32.82
5244302   0357       84.46
5244483   0357       19.34
5244484   0357       39.88
5244765   0357       42.70
5245261   0357       19.48
5248926   0357       44.72
5248954   0357       43.84
5249259   0357       19.46
5249817   0357       19.48
5250965   0357       34.01
5251153   0357       84.72
5251214   0357       43.98
5252606   0357       38.96
5253930   0357       31.53
5254613   0357       92.24
5254952   0357       35.34
5255567   0357       19.46
5255641   0357       19.48
5257069   0357       44.64
5257175   0357       32.84
5257421   0357       19.49
5257727   0357       48.65
5257774   0357       19.46
5259121   0357       32.75
5259785   0357       39.60
5261116   0357       19.20
5261139   0357       19.46
5261250   0357       43.85
5261418   0357       43.76
5261643   0357       19.04
5263470   0357       36.96
5344986   0357       19.04
5435450   0357       19.20
5436619   0357       19.48
5436795   0357       31.53
5438690   0357       19.04
5439480   0357       19.46
5439865   0357       48.72
5458236   0357       19.20
5461455   0357       32.84
5605414   0357       38.92
5658043   0357       19.46
5688352   0357       19.46
5765952   0357       19.46
5779173   0357       19.46
5915261   0357       35.76
5921128   0357       19.46
5921800   0357       19.04
5923624   0357       19.48
5925143   0357       19.48
5925949   0357       31.53
5929492   0357       19.46
5935536   0357       48.70
5938630   0357       19.46
5938995   0357       19.46
6044716   0357       29.19
6125595   0357       47.60
6127630   0357       52.72
6238388   0357       19.43
6394853   0357       36.68
64800     0357       35.79
6537141   0357       41.53
6573443   0357       44.52
6573855   0357       19.49
6573893   0357       19.20
6575243   0357       19.34
6575301   0357       19.46
6584406   0357       88.75
6634354   0357       19.46
6689708   0357       19.46
6690236   0357       19.46
6701343   0357       19.46
6701344   0357       19.46
6701453   0357       19.46
673822    0357       35.50
6841910   0357       19.04
7076647   0357       19.46
7211860   0357       19.48
7240399   0357       19.46
7300376   0357       19.04
7301470   0357       36.85
7305494   0357       32.75
7305781   0357       39.44
7308623   0357       35.70
7309317   0357       19.04
7309375   0357       19.34
7310425   0357       19.49
7310959   0357       35.76
7311233   0357       43.93
7311255   0357       19.04
7312149   0357       19.46
7313189   0357       35.34
7314050   0357       19.04
7314987   0357       19.49
7315048   0357       19.48
7315058   0357       48.65
7315331   0357       19.46
7316059   0357       19.49
7316139   0357       19.48
7316607   0357       84.69
7316959   0357       71.56
7317744   0357       70.68
7318041   0357       43.96
7319649   0357       38.96
7321787   0357       19.34
7322304   0357       19.34
7322780   0357       19.20
7322794   0357       90.58
7324725   0357       34.62
7325664   0357       80.62
7325721   0357       32.26
7325722   0357       97.29
7325778   0357       31.83
7328421   0357       19.04
7330948   0357       19.46
7331943   0357       19.34
7332202   0357       19.04
7332734   0357       49.26
7333145   0357       19.48
7333526   0357       38.08
7335642   0357       19.46
7337422   0357       37.71
7338055   0357       19.49
7340200   0357       35.64
7340742   0357       41.04
7340989   0357       19.04
7342107   0357       19.34
7342680   0357       35.76
7343605   0357       19.04
7344290   0357       19.34
7344465   0357       38.68
7347856   0357       35.76
7348137   0357       19.04
7348986   0357       19.46
7349428   0357       48.58
7349843   0357       19.04
7350162   0357       45.19
7350273   0357       19.34
7351297   0357       39.77
7352317   0357       19.34
7353364   0357       38.08
7353377   0357       19.46
7354064   0357       19.04
7354848   0357       31.83
7355837   0357      126.55
7355928   0357       39.60
7359478   0357       19.48
7360346   0357       19.20
7360517   0357       19.46
7363171   0357       40.81
7363652   0357       19.46
7365166   0357       20.01
7365545   0357       19.34
7367276   0357       19.04
7368710   0357       38.08
7369018   0357       19.46
7371154   0357       19.46
7372156   0357       19.04
7372973   0357       71.97
7373089   0357       19.20
7373215   0357       19.49
7374243   0357       19.20
7374616   0357       39.86
7377030   0357       19.20
7377579   0357       19.46
7379256   0357       38.68
7380616   0357       19.04
7381553   0357       19.46
7382148   0357       43.96
7382532   0357       19.04
7384964   0357       19.46
7387544   0357       38.92
7388038   0357       19.04
7388080   0357       19.46
7388125   0357       19.48
7388199   0357       28.80
7389581   0357       19.46
7391472   0357       19.34
7392153   0357       48.70
7393061   0357       19.34
7393144   0357       38.08
7395742   0357       31.53
7396051   0357       29.19
7398038   0357       40.07
7400031   0357       19.46
7401094   0357       19.46
7401380   0357       19.46
7401853   0357       19.04
7403123   0357       19.04
7403188   0357       19.34
7403563   0357       19.34
7406353   0357       19.46
7408531   0357       19.46
7409730   0357       19.34
7410177   0357       19.43
7412535   0357       19.48
7412738   0357       19.20
7415285   0357       19.43
7415448   0357       19.46
7416870   0357       19.04
7417289   0357       38.08
7417791   0357       38.92
7418898   0357       19.04
7418939   0357       19.04
7419340   0357       19.34
7419740   0357       19.04
7419800   0357       19.46
7419866   0357       48.35
7420316   0357       19.46
7420429   0357       19.48
7423108   0357       19.48
7423415   0357       19.46
7423444   0357       19.46
7425063   0357       19.04
7425430   0357       19.46
7425900   0357       19.34
7426046   0357       19.46
7427359   0357       19.04
7427520   0357       19.46
7429274   0357       19.46
7432253   0357       19.48
7434591   0357       48.65
7435158   0357       47.60
7436077   0357       38.68
7436996   0357       19.46
7437806   0357       19.04
7437808   0357       19.04
7438450   0357       19.46
7439597   0357       38.98
7439617   0357       19.46
7439629   0357       19.46
7440809   0357       35.63
7442445   0357       19.46
7444497   0357       28.56
7444651   0357       19.48
7444842   0357       19.46
7444889   0357       38.98
7445661   0357       19.20
7446382   0357       19.48
7446644   0357       19.46
7447067   0357       48.65
7447334   0357       19.49
7447992   0357       19.04
7449457   0357       19.20
7455429   0357       19.46
7455588   0357       19.46
7461704   0357       19.46
7465820   0357       48.65
7465910   0357       19.46
7466779   0357       49.76
7466870   0357       19.46
7502836   0357       43.98
7548386   0357       19.20
7548420   0357       19.34
770342    0357       35.76
7917981   0357       19.46
7981510   0357       19.48
7982728   0357       19.04
7982865   0357       19.48
7983170   0357       19.04
7984159   0357       19.46
7985605   0357       28.61
7988969   0357       19.46
8054279   0357       19.20
8064487   0357       73.66
8068577   0357       44.17
8069571   0357       19.46
8140450   0357       31.66
8594315   0357       19.46
8718789   0357       38.92
8734286   0357       19.48
9066082   0357       39.60
9100619   0357       19.46
9211039   0357       19.34
9261804   0357       19.48
9317884   0357       38.96
9433060   0357       19.46
9540404   0357       19.48
9540845   0357       29.23
9542018   0357       19.48
9542237   0357       19.34
9543174   0357       19.46
9543530   0357       48.08
9544179   0357       19.46
9544345   0357       19.20
9544429   0357       19.48
9544827   0357       19.48
9545198   0357       35.50
9545952   0357       46.80
9546474   0357       19.46
9547148   0357       19.34
9551389   0357       19.46
9552709   0357       19.04
9553039   0357       19.46
9553047   0357       19.34
9553149   0357       19.04
9555077   0357       35.79
9555609   0357       19.04
9555641   0357       19.46
9557148   0357       38.98
9557803   0357       19.20
9557875   0357       19.04
9557894   0357       88.40
9558628   0357       19.20
9560453   0357       19.04
9570736   0357       19.46
9572755   0357       19.46
9577605   0357       19.46
9601343   0357       48.65
9603154   0357       19.20
9603683   0357       19.46
9603870   0357       31.53
9604166   0357       19.34
9604592   0357       29.15
9607091   0357       35.64
9608547   0357       19.46
9609337   0357       19.04
9609338   0357       38.92
9612117   0357       71.63
9612530   0357       48.65
9612692   0357       19.46
9614364   0357       38.68
9615563   0357       19.46
9615964   0357       19.46
9617493   0357       38.68
9620242   0357       38.96
9620248   0357       38.98
9620376   0357       19.46
9620599   0357       19.48
9620701   0357       19.34
9620720   0357       19.34
9621777   0357       19.04
9622347   0357       19.46
9624370   0357       19.43
9624596   0357       19.04
9625361   0357       19.46
9625933   0357       38.92
9626082   0357       19.46
9626215   0357       19.34
9627150   0357       48.70
9627523   0357       38.92
9627724   0357       19.04
9629963   0357       19.48
9631462   0357       19.48
9634554   0357       19.46
9634674   0357       19.46
9636806   0357       19.04
9638320   0357       19.46
9639201   0357       19.34
9845319   0357       19.20
9846320   0357       19.48
9847068   0357       19.34
9847350   0357       19.46
9848693   0357       19.34
9850403   0357       19.46
9851111   0357       19.46
9851993   0357       19.46
10107724  3357       19.43
10120357  3357       19.46
10121866  3357       19.48
10125466  3357       19.04
10126656  3357       19.46
10141786  3357       19.48
10312414  3357       19.34
10373550  3357       19.46
10639752  3357       19.04
10726693  3357       19.46
10760806  3357       19.04
10764554  3357       19.48
10770124  3357       19.46
10772668  3357       19.04
10774121  3357       19.48
10775520  3357       19.34
10776516  3357       19.43
10776915  3357       19.04
10777482  3357       19.04
10777645  3357       19.46
10778464  3357       19.04
10779723  3357       19.46
10784623  3357       19.46
10794552  3357       19.46
10820078  3357       19.48
10840266  3357       19.46
10841061  3357       19.20
10841823  3357       19.43
10842205  3357       19.46
10843324  3357       19.46
10844575  3357       19.43
10844947  3357       19.46
10845717  3357       19.04
10845943  3357       98.48
10846474  3357       19.46
10846532  3357       19.48
10846629  3357       19.46
10846940  3357       19.46
10846985  3357       19.46
10847648  3357       19.04
10848158  3357       19.49
10849906  3357       19.46
10849907  3357       19.48
10860593  3357       19.46
10903693  3357       19.04
10959957  3357       19.46
10960021  3357       19.46
10963442  3357       19.48
10963957  3357       19.48
10964062  3357       19.46
1108218   3357       35.64
1112379   3357       35.76
1115136   3357       92.92
11163187  3357       19.04
11177533  3357       19.04
11260715  3357       19.46
11261772  3357       19.43
11262378  3357       19.46
11263756  3357       19.04
11264041  3357       19.20
11264550  3357       19.34
11265496  3357       19.46
11265527  3357       19.48
11266390  3357       19.46
11267811  3357       19.34
11267932  3357       19.04
11268437  3357       19.43
11269196  3357       19.49
1129535   3357       35.78
11414487  3357       19.48
11425214  3357       19.46
11425449  3357       19.46
11426462  3357       19.34
11428034  3357       19.34
11428889  3357       19.46
11429539  3357       19.46
11429792  3357       19.04
11429991  3357       19.46
11430700  3357       19.46
11433167  3357       19.46
11433865  3357       19.46
11434350  3357       19.46
11546168  3357       19.34
11580362  3357       19.48
11584952  3357       19.46
11586448  3357       19.46
11589730  3357       19.46
11594236  3357       19.43
11594524  3357       19.04
11596252  3357       19.46
11597667  3357       19.46
11598121  3357       19.20
11598207  3357       19.04
11598956  3357       19.20
11633896  3357       19.20
11645810  3357       19.46
11651035  3357       19.46
11651090  3357       19.46
11652405  3357       19.46
11653864  3357       19.46
11694358  3357       19.04
11694758  3357       19.46
11695394  3357       19.04
11749469  3357       19.46
11783201  3357       19.48
11783366  3357       19.43
11784637  3357       19.04
11786325  3357       19.43
11786432  3357       19.20
11787653  3357       19.46
11787807  3357       19.46
11788587  3357       19.48
11788630  3357       19.48
11790273  3357       19.46
11790818  3357       19.46
11791177  3357       19.46
11792506  3357       19.04
11792846  3357       19.46
118087    3357       25.25
11878930  3357       19.46
11879419  3357       19.48
11879750  3357       19.48
11881224  3357       19.43
11881668  3357       19.04
11881669  3357       19.04
11882080  3357       19.34
11882720  3357       19.43
11883300  3357       19.46
11949766  3357       19.43
12011761  3357       19.43
12018571  3357       19.34
12018729  3357       19.04
12018852  3357       19.46
12019816  3357       19.34
12020535  3357       19.49
12021559  3357       19.48
12021966  3357       19.46
12022428  3357       19.48
12023306  3357       19.49
12023981  3357       19.46
12024178  3357       19.46
12024179  3357       19.46
12025294  3357       19.46
12025488  3357       19.04
12025491  3357       19.04
12026565  3357       19.46
12027093  3357       19.46
12027260  3357       19.46
12027527  3357       19.04
12027928  3357       19.04
12027973  3357       19.48
12080554  3357       19.46
1218058   3357       35.76
12241212  3357       19.04
12242270  3357       19.46
12243077  3357       19.04
12244707  3357       19.04
12247738  3357       19.46
12248400  3357       19.04
12248755  3357       19.48
12248784  3357       19.20
12248960  3357       19.46
12249178  3357       19.43
12279667  3357       19.46
12314254  3357       19.49
1232375   3357       29.36
12370670  3357       19.49
1239070   3357       35.64
12434895  3357       19.20
12435304  3357       19.46
12435757  3357       19.04
12435759  3357       19.46
12527456  3357       19.34
12534356  3357       19.46
12536172  3357       19.46
12536549  3357       19.49
1254062   3357       35.50
1257983   3357       35.78
1258658   3357       35.76
1259324   3357       35.50
1260432   3357       35.76
1261562   3357       35.50
1262953   3357       84.72
1263302   3357       35.34
1263303   3357       35.76
1263991   3357       29.94
1265436   3357       35.76
1266723   3357       31.53
12691465  3357       19.46
1269356   3357       35.78
12698409  3357       19.04
12698965  3357       19.04
12700553  3357       19.34
12701276  3357       19.46
12701301  3357       19.04
12702273  3357       19.34
12704473  3357       19.20
12704482  3357       19.48
12704649  3357       19.46
12704927  3357       19.46
12705860  3357       19.46
12706171  3357       19.46
12706774  3357       19.48
12707136  3357       19.46
1272390   3357       35.50
1273369   3357       39.86
1277938   3357       35.50
1278407   3357       35.76
12848719  3357       19.46
12849330  3357       19.49
12851330  3357       19.46
12852888  3357       19.46
12858616  3357       19.46
12878256  3357       19.46
12884972  3357       19.46
12934142  3357       19.34
12934525  3357       19.04
12935305  3357       19.46
12935606  3357       19.46
13032012  3357       19.04
13032033  3357       19.46
13034237  3357       19.46
13035222  3357       19.43
13084488  3357       19.20
13084886  3357       19.34
13180551  3357       19.46
1318484   3357       35.64
13187744  3357       19.46
13187816  3357       48.56
13188137  3357       19.20
13188604  3357       19.20
13264411  3357       19.46
13265462  3357       19.04
13265946  3357       19.46
13266369  3357       19.46
13268000  3357       19.04
13268185  3357       19.04
13268457  3357       19.34
13268537  3357       19.46
13346269  3357       19.04
13408041  3357       19.20
13510172  3357       19.20
13510180  3357       19.04
13527636  3357       19.48
13566631  3357       19.43
13643981  3357       19.04
13643982  3357       19.04
13644051  3357       19.46
13644555  3357       19.04
13644665  3357       19.46
13644680  3357       19.48
13652653  3357       19.04
13674854  3357       19.48
13678214  3357       19.46
13678857  3357       19.04
13679940  3357       19.46
13724134  3357       19.46
13774187  3357       19.04
13774684  3357       19.46
13775452  3357       19.04
13775808  3357       19.04
13777181  3357       19.04
13785046  3357       19.04
13785661  3357       19.46
13785997  3357       19.34
13786181  3357       19.46
13787208  3357       19.46
13787741  3357       19.04
13842354  3357       19.46
13843775  3357       19.46
13856268  3357       19.46
13867427  3357       19.46
13868652  3357       19.46
13880177  3357       34.85
13880981  3357       19.46
13905892  3357       19.04
13986119  3357       19.46
13990906  3357       19.48
14003086  3357       19.34
14030527  3357       19.04
14031045  3357       19.46
14031497  3357       19.46
1404429   3357       35.73
14093727  3357       19.46
14094806  3357       19.48
14143188  3357       19.34
14159223  3357       19.04
14176129  3357       19.46
14270811  3357       19.04
14293118  3357       19.46
1431183   3357       35.76
14335445  3357       19.34
14335539  3357       19.46
1433726   3357       35.76
14372299  3357       19.48
14372818  3357       43.86
14376347  3357       19.46
14398946  3357       19.46
14399267  3357       19.20
14405196  3357       19.46
14405401  3357       19.46
14513487  3357       19.04
14590375  3357       19.20
14607589  3357       19.20
14648947  3357       19.46
14649126  3357       19.04
14810540  3357       19.46
14825867  3357       19.46
14877620  3357       19.46
14877805  3357       19.48
14877859  3357       19.49
14879704  3357       19.04
14880827  3357       19.48
15170350  3357       19.20
15177340  3357       19.48
15177867  3357       19.04
15306151  3357       19.34
15306996  3357       19.34
15352095  3357       19.46
15444811  3357       19.48
15448608  3357       19.46
15597541  3357       19.04
15598043  3357       19.04
15598319  3357       19.46
15598510  3357       19.46
15598933  3357       19.04
15599928  3357       19.20
15668151  3357       19.46
15668851  3357       19.20
15729233  3357       19.46
15729536  3357       19.20
15778630  3357       19.46
15827139  3357       19.48
15959808  3357       19.04
16001576  3357       19.04
16137706  3357       19.34
16138119  3357       19.46
1631390   3357       80.81
16324090  3357       19.46
16594051  3357       19.20
16641426  3357       19.34
16736267  3357       19.46
16770549  3357       19.46
16788972  3357       19.46
17011869  3357       19.46
17012587  3357       19.46
17019549  3357       19.46
17033256  3357       19.04
17104175  3357       19.46
17306742  3357       19.04
1737075   3357       35.64
17379215  3357       19.20
17504786  3357       19.20
17572385  3357       19.46
17626132  3357       19.20
1763812   3357       84.72
1764349   3357       35.34
1765295   3357       26.20
1769938   3357       35.64
17965237  3357       19.46
18058393  3357       19.04
18059918  3357       19.46
18263579  3357       19.46
18263756  3357       19.46
1834693   3357       31.53
18471327  3357       19.46
18656459  3357       19.46
18785684  3357       19.04
18950730  3357       19.04
1906129   3357       35.76
19166206  3357       19.04
19262723  3357       19.46
1926999   3357       35.78
19324610  3357       19.46
19827450  3357       19.04
19850185  3357       19.04
19973112  3357       19.46
20187870  3357       19.20
20189202  3357       19.49
20235584  3357       19.20
2030572   3357       35.64
2033664   3357       35.73
20348834  3357       19.04
20351464  3357       19.46
21140944  3357       19.04
2130876   3357       35.34
2157417   3357       35.73
2186056   3357       35.64
2189077   3357       29.75
2196831   3357       35.50
2198274   3357       39.88
2198799   3357       35.64
2199826   3357       35.50
2272067   3357       35.34
23156662  3357       39.86
2376223   3357       35.73
2380275   3357       35.78
2384661   3357       35.76
2529886   3357       35.76
2532585   3357       35.34
2533320   3357       39.74
2533977   3357       34.53
2534786   3357       31.87
2535843   3357       35.78
2536373   3357       35.78
2536795   3357       35.76
2538821   3357       39.74
2539607   3357       35.78
2539943   3357       35.34
2541142   3357       35.76
2541439   3357       84.69
2541709   3357       34.59
2543654   3357       35.76
2543932   3357       35.50
2592064   3357       35.78
2592966   3357       42.59
2593377   3357       35.76
2593686   3357       35.64
2596405   3357       49.24
2597854   3357       32.84
2598033   3357       32.84
2598872   3357       35.34
2601437   3357       35.76
2603046   3357       33.42
2605117   3357       35.78
2605164   3357       37.52
2605539   3357       24.51
2605823   3357       31.53
2607322   3357       44.23
2608233   3357       41.60
2608304   3357       35.34
2608554   3357       32.84
2684589   3357       35.76
2741170   3357       38.72
2854705   3357       35.64
2870837   3357       36.73
2910376   3357       35.34
2910432   3357       35.64
2911765   3357       35.64
2912407   3357       35.34
2912692   3357       35.73
2913757   3357       35.64
2913809   3357       35.34
2914272   3357       35.07
2915293   3357       35.34
2915714   3357       35.76
2915780   3357       33.91
2916102   3357       31.87
2916362   3357       34.01
2916467   3357       35.50
2916786   3357       35.64
2918280   3357       35.76
2992913   3357       35.34
3035349   3357       35.76
3039370   3357       32.82
3080057   3357       35.73
3080311   3357       35.76
3080984   3357       19.46
3081351   3357       39.86
3082505   3357       84.03
3083006   3357       35.76
3083065   3357       35.34
3083457   3357       32.63
3083843   3357       35.50
3084868   3357       34.01
3084978   3357       39.44
3085009   3357       35.64
3085276   3357       35.79
3090485   3357       41.60
3156003   3357       84.30
3234299   3357       35.79
3245420   3357       35.76
3314884   3357       31.53
3315121   3357       35.34
3315781   3357       35.34
3317339   3357       41.44
3317520   3357       35.76
3318589   3357       44.81
3318694   3357       41.63
3318719   3357       34.01
3319659   3357       35.50
3320986   3357       35.76
3322128   3357       41.04
3322284   3357       35.64
3322381   3357       34.62
3324084   3357       19.46
3324110   3357       84.69
3324403   3357       35.73
3329806   3357       33.42
3353242   3357       84.60
3457632   3357       80.62
3528540   3357       44.52
3533360   3357       43.68
3535445   3357       35.50
3535676   3357       36.94
3535838   3357       32.75
3538837   3357       47.45
3539352   3357       32.84
3541739   3357       35.76
3541975   3357       31.53
3542004   3357       19.48
3542015   3357       25.09
3554092   3357       35.78
3593839   3357       35.64
3598528   3357       35.18
3710064   3357       19.34
3759377   3357       33.33
3784066   3357       42.77
3784441   3357       41.92
3785251   3357       35.76
3792247   3357       35.76
3830110   3357       33.20
3855157   3357       31.53
3855577   3357       35.76
3856978   3357       36.85
3857004   3357       35.64
3857220   3357       35.76
3857667   3357       36.85
3857878   3357       33.42
3858323   3357       35.76
3858856   3357       19.48
3859230   3357       43.35
3864991   3357       35.73
3875055   3357       19.46
3877925   3357       19.48
3878006   3357       19.34
3963688   3357       40.76
3964093   3357       19.46
3964337   3357       32.48
3965704   3357       39.44
3969513   3357       41.15
4001934   3357       43.96
4064149   3357       37.74
4065177   3357       35.50
4065584   3357       19.46
4065648   3357       49.61
4066245   3357       33.33
4067118   3357       48.06
4067735   3357       19.34
4067795   3357       33.42
4068788   3357       41.26
4071074   3357       19.43
4071241   3357       80.49
4107436   3357       19.34
4191539   3357       35.64
4193094   3357       35.78
4194671   3357       42.18
4195654   3357       32.75
4199927   3357       31.66
4200911   3357       35.64
4238916   3357       31.53
430240    3357       35.34
4317775   3357       19.48
4373204   3357       19.48
4373479   3357       41.26
4375498   3357       32.82
4375998   3357       31.89
4376813   3357       19.20
4377201   3357       32.86
437803    3357       35.76
4378140   3357       41.34
4378236   3357       32.75
4378283   3357       35.76
4378759   3357       19.48
4379154   3357       35.61
4381341   3357       35.50
4381614   3357       19.04
4382400   3357       39.86
4383023   3357       19.48
4383200   3357       33.59
4385047   3357       32.75
4386936   3357       26.47
4387777   3357       19.34
439023    3357       31.85
4409485   3357       19.48
4409788   3357       35.34
4409789   3357       19.04
4414417   3357       43.95
4414541   3357       37.55
4414909   3357       33.42
4415675   3357       35.34
443869    3357       35.76
4609506   3357       41.92
4610129   3357       35.34
4720170   3357       19.04
4720923   3357       19.46
4721016   3357       19.04
4721639   3357       35.34
4722680   3357       40.83
4722814   3357       24.51
4723168   3357       41.53
4723276   3357       19.34
4723403   3357       34.49
4724433   3357       32.84
4725919   3357       19.48
4727740   3357       19.34
4728331   3357       36.85
4729448   3357       31.53
4729575   3357       35.99
4730168   3357       19.48
4730490   3357       35.50
4730823   3357       52.09
4731322   3357       19.48
4731494   3357       39.88
4732090   3357       45.44
4732618   3357       19.20
4734527   3357       19.20
4735505   3357       35.34
4738424   3357       35.76
4739546   3357       39.86
4739796   3357       19.48
4754833   3357       35.78
4803744   3357       19.48
4805842   3357       19.46
4827213   3357       45.11
4853128   3357       31.87
4882144   3357       35.88
5017295   3357       19.34
5022967   3357       32.75
5237805   3357       19.46
5238236   3357       33.33
5239261   3357       35.73
5240821   3357       39.74
5242545   3357       32.82
5244302   3357       84.46
5244483   3357       19.34
5244484   3357       39.88
5244765   3357       42.70
5245261   3357       19.48
5248926   3357       44.72
5248954   3357       43.84
5249259   3357       19.46
5249817   3357       19.48
5250965   3357       34.01
5251153   3357       84.72
5251214   3357       43.98
5252606   3357       19.48
5253930   3357       31.53
5254613   3357       92.24
5254952   3357       35.34
5255567   3357       19.46
5255641   3357       19.48
5257069   3357       44.64
5257175   3357       32.84
5257421   3357       19.49
5257727   3357       19.46
5257774   3357       19.46
5259121   3357       32.75
5259785   3357       39.60
5261116   3357       19.20
5261139   3357       19.46
5261250   3357       43.85
5261418   3357       43.76
5261643   3357       19.04
5263470   3357       36.96
5344986   3357       19.04
5435450   3357       19.20
5436619   3357       19.48
5436795   3357       31.53
5438690   3357       19.04
5439480   3357       19.46
5439865   3357       19.49
5458236   3357       19.20
5461455   3357       32.84
5605414   3357       19.46
5658043   3357       19.46
5688352   3357       19.46
5765952   3357       19.46
5779173   3357       19.46
5915261   3357       35.76
5921128   3357       19.46
5921800   3357       19.04
5923624   3357       19.48
5925143   3357       19.48
5925949   3357       31.53
5929492   3357       19.46
5935536   3357       19.48
5938630   3357       19.46
5938995   3357       19.46
6044716   3357       19.46
6125595   3357       19.04
6127630   3357       52.72
6238388   3357       19.43
6394853   3357       36.68
64800     3357       35.79
6537141   3357       41.53
6573443   3357       44.52
6573855   3357       19.49
6573893   3357       19.20
6575243   3357       19.34
6575301   3357       19.46
6584406   3357       35.50
6634354   3357       19.46
6689708   3357       19.46
6690236   3357       19.46
6701343   3357       19.46
6701344   3357       19.46
6701453   3357       19.46
673822    3357       35.50
6841910   3357       19.04
7076647   3357       19.46
7211860   3357       19.48
7240399   3357       19.46
7300376   3357       19.04
7301470   3357       36.85
7305494   3357       32.75
7305781   3357       39.44
7308623   3357       35.70
7309317   3357       19.04
7309375   3357       19.34
7310425   3357       19.49
7310959   3357       35.76
7311233   3357       43.93
7311255   3357       19.04
7312149   3357       19.46
7313189   3357       35.34
7314050   3357       19.04
7314987   3357       19.49
7315048   3357       19.48
7315058   3357       19.46
7315331   3357       19.46
7316059   3357       19.49
7316139   3357       19.48
7316607   3357       84.69
7316959   3357       35.78
7317744   3357       35.34
7318041   3357       43.96
7319649   3357       19.48
7321787   3357       19.34
7322304   3357       19.34
7322780   3357       19.20
7322794   3357       90.58
7324725   3357       34.62
7325664   3357       80.62
7325721   3357       32.26
7325722   3357       97.29
7325778   3357       31.83
7328421   3357       19.04
7330948   3357       19.46
7331943   3357       19.34
7332202   3357       19.04
7332734   3357       32.84
7333145   3357       19.48
7333526   3357       19.04
7335642   3357       19.46
7337422   3357       37.71
7338055   3357       19.49
7340200   3357       35.64
7340742   3357       41.04
7340989   3357       19.04
7342107   3357       19.34
7342680   3357       35.76
7343605   3357       19.04
7344290   3357       19.34
7344465   3357       19.34
7347856   3357       35.76
7348137   3357       19.04
7348986   3357       19.46
7349428   3357       19.43
7349843   3357       19.04
7350162   3357       45.19
7350273   3357       19.34
7351297   3357       39.77
7352317   3357       19.34
7353364   3357       19.04
7353377   3357       19.46
7354064   3357       19.04
7354848   3357       31.83
7355837   3357       50.62
7355928   3357       39.60
7359478   3357       19.48
7360346   3357       19.20
7360517   3357       19.46
7363171   3357       40.81
7363652   3357       19.46
7365166   3357       20.01
7365545   3357       19.34
7367276   3357       19.04
7368710   3357       19.04
7369018   3357       19.46
7371154   3357       19.46
7372156   3357       19.04
7372973   3357       71.97
7373089   3357       19.20
7373215   3357       19.49
7374243   3357       19.20
7374616   3357       39.86
7377030   3357       19.20
7377579   3357       19.46
7379256   3357       19.34
7380616   3357       19.04
7381553   3357       19.46
7382148   3357       43.96
7382532   3357       19.04
7384964   3357       19.46
7387544   3357       19.46
7388038   3357       19.04
7388080   3357       19.46
7388125   3357       19.48
7388199   3357       19.20
7389581   3357       19.46
7391472   3357       19.34
7392153   3357       19.48
7393061   3357       19.34
7393144   3357       19.04
7395742   3357       31.53
7396051   3357       19.46
7398038   3357       40.07
7400031   3357       19.46
7401094   3357       19.46
7401380   3357       19.46
7401853   3357       19.04
7403123   3357       19.04
7403188   3357       19.34
7403563   3357       19.34
7406353   3357       19.46
7408531   3357       19.46
7409730   3357       19.34
7410177   3357       19.43
7412535   3357       19.48
7412738   3357       19.20
7415285   3357       19.43
7415448   3357       19.46
7416870   3357       19.04
7417289   3357       19.04
7417791   3357       19.46
7418898   3357       19.04
7418939   3357       19.04
7419340   3357       19.34
7419740   3357       19.04
7419800   3357       19.46
7419866   3357       19.34
7420316   3357       19.46
7420429   3357       19.48
7423108   3357       19.48
7423415   3357       19.46
7423444   3357       19.46
7425063   3357       19.04
7425430   3357       19.46
7425900   3357       19.34
7426046   3357       19.46
7427359   3357       19.04
7427520   3357       19.46
7429274   3357       19.46
7432253   3357       19.48
7434591   3357       19.46
7435158   3357       19.04
7436077   3357       19.34
7436996   3357       19.46
7437806   3357       19.04
7437808   3357       19.04
7438450   3357       19.46
7439597   3357       19.49
7439617   3357       19.46
7439629   3357       19.46
7440809   3357       35.63
7442445   3357       19.46
7444497   3357       19.04
7444651   3357       19.48
7444842   3357       19.46
7444889   3357       19.49
7445661   3357       19.20
7446382   3357       19.48
7446644   3357       19.46
7447067   3357       19.46
7447334   3357       19.49
7447992   3357       19.04
7449457   3357       19.20
7455429   3357       19.46
7455588   3357       19.46
7461704   3357       19.46
7465820   3357       19.46
7465910   3357       19.46
7466779   3357       49.76
7466870   3357       19.46
7502836   3357       43.98
7548386   3357       19.20
7548420   3357       19.34
770342    3357       35.76
7917981   3357       19.46
7981510   3357       19.48
7982728   3357       19.04
7982865   3357       19.48
7983170   3357       19.04
7984159   3357       19.46
7985605   3357       28.61
7988969   3357       19.46
8054279   3357       19.20
8064487   3357       36.83
8068577   3357       44.17
8069571   3357       19.46
8140450   3357       31.66
8594315   3357       19.46
8718789   3357       19.46
8734286   3357       19.48
9066082   3357       39.60
9100619   3357       19.46
9211039   3357       19.34
9261804   3357       19.48
9317884   3357       19.48
9433060   3357       19.46
9540404   3357       19.48
9540845   3357       19.49
9542018   3357       19.48
9542237   3357       19.34
9543174   3357       19.46
9543530   3357       48.08
9544179   3357       19.46
9544345   3357       19.20
9544429   3357       19.48
9544827   3357       19.48
9545198   3357       35.50
9545952   3357       46.80
9546474   3357       19.46
9547148   3357       19.34
9551389   3357       19.46
9552709   3357       19.04
9553039   3357       19.46
9553047   3357       19.34
9553149   3357       19.04
9555077   3357       35.79
9555609   3357       19.04
9555641   3357       19.46
9557148   3357       19.49
9557803   3357       19.20
9557875   3357       19.04
9557894   3357       88.40
9558628   3357       19.20
9560453   3357       19.04
9570736   3357       19.46
9572755   3357       19.46
9577605   3357       19.46
9601343   3357       19.46
9603154   3357       19.20
9603683   3357       19.46
9603870   3357       31.53
9604166   3357       19.34
9604592   3357       19.43
9607091   3357       35.64
9608547   3357       19.46
9609337   3357       19.04
9609338   3357       19.46
9612117   3357       71.63
9612530   3357       19.46
9612692   3357       19.46
9614364   3357       19.34
9615563   3357       19.46
9615964   3357       19.46
9617493   3357       19.34
9620242   3357       19.48
9620248   3357       19.49
9620376   3357       19.46
9620599   3357       19.48
9620701   3357       19.34
9620720   3357       19.34
9621777   3357       19.04
9622347   3357       19.46
9624370   3357       19.43
9624596   3357       19.04
9625361   3357       19.46
9625933   3357       19.46
9626082   3357       19.46
9626215   3357       19.34
9627150   3357       19.48
9627523   3357       19.46
9627724   3357       19.04
9629963   3357       19.48
9631462   3357       19.48
9634554   3357       19.46
9634674   3357       19.46
9636806   3357       19.04
9638320   3357       19.46
9639201   3357       19.34
9845319   3357       19.20
9846320   3357       19.48
9847068   3357       19.34
9847350   3357       19.46
9848693   3357       19.34
9850403   3357       19.46
9851111   3357       19.46
9851993   3357       19.46
