10107724  0357       35.95
10120357  0357       44.00
10121866  0357       78.54
10125466  0357       23.95
10126656  0357       29.34
10141786  0357       31.42
10312414  0357       27.42
10373550  0357       58.67
10639752  0357       23.95
10726693  0357       29.34
10760806  0357       23.95
10764554  0357       31.42
10770124  0357       29.34
10772668  0357       23.95
10774121  0357       31.42
10775520  0357       54.83
10776516  0357       35.95
10776915  0357       23.95
10777482  0357       23.95
10777645  0357       44.00
10778464  0357       23.95
10779723  0357       29.34
10820078  0357       31.42
10841061  0357       25.63
10841823  0357       35.95
10842205  0357       29.34
10843324  0357       73.34
10844575  0357       71.90
10844947  0357       29.34
10845717  0357       23.95
10845943  0357       29.34
10846532  0357       31.42
10846629  0357       29.34
10847648  0357       23.95
10848158  0357       33.60
10849906  0357       29.34
10849907  0357       31.42
10860593  0357       29.34
10903693  0357       23.95
10959957  0357       29.34
10960021  0357       29.34
10963442  0357       31.42
10963957  0357       31.42
10964062  0357       58.67
1108218   0357       27.45
1112379   0357       29.37
1115136   0357       29.37
11163187  0357       23.95
11177533  0357       23.95
11260715  0357       29.34
11261772  0357       35.95
11262378  0357       29.34
11263756  0357       23.95
11264041  0357       38.45
11264550  0357       27.42
11265527  0357       31.42
11266390  0357       58.67
11267811  0357       54.83
11267932  0357       47.90
11268437  0357       35.95
11269196  0357       33.60
1129535   0357       31.45
11414487  0357       31.42
11425214  0357       29.34
11426462  0357       27.42
11428034  0357       27.42
11429539  0357       58.67
11429792  0357       23.95
11429991  0357       44.00
11430700  0357       29.34
11433167  0357       29.34
11433865  0357       58.67
11434350  0357       29.34
11546168  0357       27.42
11580362  0357       31.42
11584952  0357       29.34
11594236  0357       35.95
11594524  0357       23.95
11596252  0357       29.34
11597667  0357       29.34
11598121  0357       25.63
11598207  0357       23.95
11598956  0357       25.63
11633896  0357       25.63
11651035  0357       29.34
11652405  0357       29.34
11653864  0357       29.34
11694358  0357       23.95
11695394  0357       47.90
11749469  0357       29.34
11783201  0357       31.42
11784637  0357       23.95
11786325  0357       35.95
11786432  0357       27.43
11787653  0357       58.67
11787807  0357       29.34
11788587  0357       62.83
11788630  0357       31.42
11790273  0357       29.34
11790818  0357       44.00
11791177  0357       29.34
11792127  0357       29.34
11792506  0357       23.95
11792846  0357       29.34
118087    0357       13.49
11879419  0357       31.42
11879750  0357       31.42
11881224  0357       35.95
11881668  0357       59.88
11881669  0357       23.95
11882080  0357       27.42
11882720  0357       35.95
11883300  0357       58.67
11949766  0357       35.95
12011761  0357       71.90
12018571  0357       41.12
12018729  0357       23.95
12019816  0357       27.42
12020535  0357       33.60
12021559  0357       31.42
12022428  0357       31.42
12023306  0357       33.60
12023981  0357       44.00
12024178  0357       29.34
12024179  0357       29.34
12025294  0357       44.00
12025488  0357       23.95
12025491  0357       23.95
12026565  0357       29.34
12027260  0357       29.34
12027527  0357       23.95
12027928  0357       23.95
12027973  0357       62.83
1218058   0357       33.42
12241212  0357       35.93
12243077  0357       23.95
12244707  0357       23.95
12247738  0357       44.00
12248400  0357       59.88
12248755  0357       31.42
12248784  0357       51.26
12248960  0357       29.34
12279667  0357       29.34
12314254  0357       84.00
1232375   0357       21.08
12370670  0357       33.60
1239070   0357       27.45
12434895  0357       25.63
12435757  0357       35.93
12435759  0357       44.00
12527456  0357       27.42
12534356  0357       29.34
12536172  0357       29.34
12536549  0357       33.60
1254062   0357       25.66
1257983   0357       31.45
1258658   0357       29.37
1259324   0357       25.66
1260432   0357       29.37
1261562   0357       25.66
1262953   0357       29.37
1263302   0357       23.98
1263303   0357       29.37
1263991   0357       22.02
1265436   0357       29.37
1266723   0357       19.19
1269356   0357       62.90
12698409  0357       23.95
12698965  0357       23.95
12700553  0357       27.42
12701301  0357       23.95
12702273  0357       27.42
12704473  0357       25.63
12704482  0357       62.83
12704649  0357       29.34
12704927  0357       29.34
12705860  0357       29.34
12706171  0357       29.34
12706774  0357       62.83
12707136  0357       29.34
1272390   0357       25.66
1273369   0357       29.37
1277938   0357       25.66
1278407   0357       29.37
12848719  0357       29.34
12849330  0357       33.60
12851330  0357       29.34
12852888  0357       29.34
12878256  0357       29.34
12884972  0357       29.34
12934142  0357       27.42
12934525  0357       23.95
12935305  0357       29.34
12935606  0357       29.34
13032033  0357       29.34
13034237  0357       29.34
13035222  0357       35.95
13084488  0357       25.63
13084886  0357       27.42
13180551  0357       29.34
1318484   0357       27.45
13187816  0357       38.45
13188137  0357       25.63
13188604  0357       38.45
13264411  0357       29.34
13265462  0357       23.95
13265946  0357       44.00
13266369  0357       29.34
13268000  0357       47.90
13268185  0357       47.90
13268457  0357       27.42
13346269  0357       59.88
13408041  0357       25.63
13510172  0357       25.63
13510180  0357       23.95
13527636  0357       31.42
13566631  0357       35.95
13643981  0357       47.90
13643982  0357       35.93
13644051  0357       29.34
13644555  0357       59.88
13644665  0357       29.34
13644680  0357       78.54
13652653  0357       23.95
13674854  0357       31.42
13678857  0357       23.95
13774187  0357       23.95
13774684  0357       29.34
13775452  0357       23.95
13775808  0357       23.95
13777181  0357       35.93
13785046  0357       23.95
13785661  0357       29.34
13785997  0357       27.42
13786181  0357       29.34
13787208  0357       29.34
13787741  0357       23.95
13842354  0357       29.34
13843775  0357       29.34
13856268  0357       29.34
13868652  0357       29.34
13880177  0357       23.95
13905892  0357       23.95
13986119  0357       29.34
13990906  0357       47.12
14003086  0357       27.42
14030527  0357       23.95
14031045  0357       29.34
1404429   0357       35.98
14093727  0357       44.00
14094806  0357       31.42
14143188  0357       27.42
14159223  0357       47.90
14270811  0357       59.88
1431183   0357       29.37
14335445  0357       27.42
1433726   0357       29.37
14372299  0357       31.42
14372818  0357       74.07
14376347  0357       29.34
14398946  0357       29.34
14399267  0357       38.45
14405196  0357       29.34
14513487  0357       23.95
14590375  0357       25.63
14607589  0357       38.45
14649126  0357       23.95
14825867  0357       29.34
14877805  0357       31.42
14877859  0357       33.60
14879704  0357       35.93
14880827  0357       31.42
15170350  0357       25.63
15177340  0357       31.42
15177867  0357       47.90
15306151  0357       68.54
15306996  0357       27.42
15352095  0357       29.34
15444811  0357       31.42
15448608  0357       29.34
15597541  0357       23.95
15598043  0357       23.95
15598319  0357       29.34
15598933  0357       23.95
15599928  0357       38.45
15668851  0357       25.63
15729233  0357       44.00
15729536  0357       64.08
15827139  0357       31.42
15959808  0357       23.95
16001576  0357       23.95
16137706  0357       27.42
16138119  0357       44.00
1631390   0357       28.80
16324090  0357       29.34
16594051  0357       25.63
16641426  0357       27.42
16736267  0357       29.34
17011869  0357       58.67
17012587  0357       73.34
17019549  0357       29.34
17033256  0357       23.95
17104175  0357       29.34
17306742  0357       23.95
1737075   0357       27.45
17379215  0357       38.45
17504786  0357       25.63
17572385  0357       58.67
17626132  0357       51.26
1763812   0357       29.37
1764349   0357       23.98
1765295   0357       25.13
1769938   0357       27.45
1778800   0357       20.53
17965237  0357       44.00
18058393  0357       23.95
18263579  0357       44.00
18263756  0357       29.34
1834693   0357       19.19
18471327  0357       29.34
1854577   0357       29.37
18656459  0357       44.00
18785684  0357       23.95
18950730  0357       23.95
1906129   0357       29.37
19166206  0357       59.88
19262723  0357       29.34
1926999   0357       31.45
19827450  0357       23.95
19850185  0357       59.88
19973112  0357       29.34
20187870  0357       51.26
20189202  0357       33.60
20235584  0357       51.26
2030572   0357       27.45
2033664   0357       35.98
20348834  0357       35.93
20351464  0357       58.67
2130876   0357       23.98
2157417   0357       89.96
2186056   0357       27.45
2189077   0357       17.97
2196831   0357       25.66
2198274   0357       31.45
2198799   0357       27.45
2199826   0357       25.66
2272067   0357       23.98
23156662  0357       34.24
2376223   0357       35.98
2380275   0357       31.45
2384661   0357       29.37
2529886   0357       29.37
2532585   0357       23.98
2533320   0357       31.08
2533977   0357       27.59
2534786   0357       23.50
2535843   0357       31.45
2536373   0357       31.45
2536795   0357       32.61
2538821   0357       27.45
2539425   0357       29.37
2539607   0357       31.45
2539943   0357       23.98
2541142   0357       29.37
2541439   0357       35.98
2541709   0357       31.16
2543654   0357       29.37
2543932   0357       25.66
2592064   0357       31.44
2592966   0357       31.45
2593377   0357       33.10
2593686   0357       27.45
2596405   0357       29.01
2597854   0357       29.01
2598033   0357       24.96
2598872   0357       26.62
2601437   0357       29.37
2603046   0357       25.83
2605117   0357       35.61
2605164   0357       25.85
2605539   0357       23.49
2605823   0357       19.18
2607322   0357       42.09
2608233   0357       38.58
2608304   0357       29.20
2608554   0357       29.01
2684589   0357       29.37
2741170   0357       31.59
2854705   0357       27.45
2870837   0357       25.34
2910376   0357       23.98
2910432   0357       27.45
2911765   0357       27.45
2912407   0357       23.98
2912692   0357       35.98
2913757   0357       27.42
2913809   0357       23.98
2914272   0357       30.86
2915293   0357       23.98
2915714   0357       29.37
2915780   0357       24.97
2916102   0357       23.50
2916362   0357       26.73
2916467   0357       25.66
2916786   0357       27.45
2918280   0357       73.42
2919212   0357       29.37
2992913   0357       23.98
3035349   0357       29.37
3039370   0357       34.54
3080057   0357       53.98
3080311   0357       29.37
3080984   0357       29.34
3081351   0357       29.37
3082505   0357       30.10
3083006   0357       29.37
3083065   0357       23.98
3083457   0357       21.80
3083843   0357       25.66
3084868   0357       30.93
3084978   0357       29.00
3085009   0357       33.65
3085276   0357       33.63
3090485   0357       38.14
3156003   0357       23.98
3234299   0357       33.63
3245420   0357       29.37
3314884   0357       23.86
3315121   0357       23.98
3315781   0357       23.98
3317339   0357       35.64
3317520   0357       34.24
3318589   0357       50.52
3318694   0357       43.68
3318719   0357       30.93
3319659   0357       25.66
3320986   0357       29.37
3322128   0357       29.01
3322284   0357       27.45
3322381   0357       29.52
3324110   0357       45.34
3324403   0357       35.98
3329806   0357       25.83
3353242   0357       27.45
3457632   0357       20.52
3528540   0357       42.53
3533360   0357       47.21
3534582   0357       38.29
3535445   0357       28.63
3535676   0357       28.69
3535838   0357       27.11
3538837   0357       40.77
3539352   0357       29.18
3541739   0357       35.76
3541975   0357       19.18
3542004   0357       31.42
3542015   0357       31.56
3554092   0357       31.45
3593839   0357       33.19
3598528   0357       28.47
3710064   0357       27.42
3759377   0357       24.15
3784066   0357       33.30
3784441   0357       41.31
3785251   0357       36.01
3792247   0357       33.42
3830110   0357       22.57
3855157   0357       19.18
3855577   0357       29.37
3856978   0357       23.33
3857004   0357       33.65
3857220   0357       36.27
3857667   0357       23.33
3857878   0357       27.64
3858323   0357       72.51
3858856   0357       31.42
3859230   0357       61.16
3864991   0357       44.13
3875055   0357       29.34
3877925   0357       62.83
3878006   0357       27.42
3963688   0357       45.68
3964337   0357       20.38
3965704   0357       29.20
3969513   0357       36.05
4001934   0357       44.61
4064149   0357       36.96
4065177   0357       25.66
4065584   0357       29.34
4065648   0357       41.40
4066245   0357       28.09
4067118   0357       36.75
4067735   0357       27.42
4067795   0357       29.01
4068788   0357       33.32
4071074   0357       35.95
4071241   0357       23.68
4107436   0357       27.42
4191539   0357       35.64
4193094   0357       97.06
4194671   0357       39.90
4195654   0357       27.11
4199927   0357       20.52
4200911   0357       27.45
4238916   0357       21.95
430240    0357       23.98
4317775   0357       31.42
4373204   0357       31.42
4373479   0357       33.32
4375498   0357       30.57
4375998   0357       28.73
4376813   0357       27.43
4377201   0357       26.70
437803    0357       29.37
4378140   0357       31.50
4378236   0357       27.11
4378283   0357       36.01
4378759   0357       31.42
4379154   0357       21.95
4381341   0357       31.46
4381614   0357       23.95
4382400   0357       53.64
4383023   0357       31.42
4383200   0357       22.57
4385047   0357       24.96
4386936   0357       27.42
4387777   0357       68.54
439023    0357       28.80
4409485   0357       31.42
4409788   0357       27.02
4409789   0357       47.90
4414417   0357       41.81
4414541   0357       32.16
4414909   0357       25.85
4415675   0357       29.00
443869    0357       29.37
4609506   0357       41.31
4610129   0357       26.62
4720170   0357       35.93
4720923   0357       29.34
4721016   0357       23.95
4721639   0357       23.98
4722680   0357       21.80
4722814   0357       29.22
4723168   0357       24.15
4723276   0357       27.42
4723403   0357       25.83
4724433   0357       24.96
4725919   0357       62.83
4727740   0357       27.42
4728331   0357       27.11
4729448   0357       21.02
4729575   0357       35.41
4730168   0357       31.42
4730490   0357       31.25
4730823   0357       51.05
4731322   0357       31.42
4731494   0357       38.03
4732090   0357       31.50
4732618   0357       25.63
4734527   0357       25.63
4735505   0357       23.98
4738424   0357       29.37
4739546   0357       40.34
4739796   0357       31.42
4754833   0357       40.84
4803744   0357       31.42
4827213   0357       37.70
4853128   0357       31.83
4882144   0357       21.97
5017295   0357       27.42
5022967   0357       26.70
5237805   0357       29.34
5238236   0357       24.15
5239261   0357       43.83
5240821   0357       33.65
5242545   0357       35.54
5244302   0357       25.66
5244483   0357       27.42
5244484   0357       38.03
5244765   0357       35.24
5245261   0357       31.42
5248926   0357       37.93
5248954   0357       33.19
5249259   0357       29.34
5249817   0357       31.42
5250965   0357       30.77
5251153   0357       36.01
5251214   0357       38.29
5252606   0357       62.83
5253930   0357       22.22
5254613   0357       33.87
5254952   0357       29.60
5255567   0357       29.34
5255641   0357       31.42
5257069   0357       37.53
5257175   0357       29.01
5257421   0357       33.60
5259121   0357       23.33
5259785   0357       31.03
5261116   0357       25.63
5261139   0357       29.34
5261250   0357       32.14
5261418   0357       38.94
5261643   0357       23.95
5263470   0357       33.21
5344986   0357       23.95
5435450   0357       25.63
5436619   0357       31.42
5436795   0357       23.59
5438690   0357       23.95
5439865   0357       84.00
5458236   0357       25.63
5461455   0357       29.02
5658043   0357       29.34
5688352   0357       29.34
5765952   0357       29.34
5779173   0357       29.34
5915261   0357       29.37
5921800   0357       23.95
5923624   0357       31.42
5925143   0357       31.42
5925949   0357       19.19
5935536   0357       78.54
5938630   0357       29.34
5938995   0357       29.34
6044716   0357       44.00
6125595   0357       59.88
6127630   0357       42.53
6238388   0357       35.95
6394853   0357       25.99
64800     0357       33.63
6537141   0357       24.15
6573443   0357       50.08
6573855   0357       33.60
6573893   0357       25.63
6575243   0357       27.42
6584406   0357       84.04
6634354   0357       29.34
6689708   0357       29.34
6690236   0357       29.34
6701344   0357       29.34
673822    0357       25.66
6841910   0357       23.95
7076647   0357       29.34
7211860   0357       31.42
7240399   0357       29.34
7300376   0357       23.95
7301470   0357       23.33
7305494   0357       29.01
7305781   0357       29.20
7308623   0357       43.41
7309317   0357       23.95
7309375   0357       27.42
7310425   0357       33.60
7310959   0357       36.01
7311233   0357       41.65
7311255   0357       23.95
7312149   0357       29.34
7313189   0357       29.20
7314050   0357       23.95
7314987   0357       33.60
7315048   0357       31.42
7315058   0357       73.34
7315331   0357       29.34
7316059   0357       33.60
7316139   0357       31.42
7316607   0357       35.98
7316959   0357       76.05
7317744   0357       47.97
7318041   0357       35.76
7319649   0357       62.83
7321787   0357       27.42
7322304   0357       27.42
7322780   0357       25.63
7322794   0357       32.22
7324725   0357       29.52
7325664   0357       20.52
7325721   0357       29.01
7325722   0357       42.09
7325778   0357       19.20
7328421   0357       23.95
7331943   0357       27.42
7332202   0357       23.95
7332734   0357       43.52
7333145   0357       31.42
7335642   0357       29.34
7337422   0357       32.71
7338055   0357       33.60
7340200   0357       27.45
7340742   0357       29.01
7340989   0357       23.95
7342107   0357       27.42
7342680   0357       29.37
7343605   0357       23.95
7344290   0357       27.42
7344465   0357       54.83
7347856   0357       36.26
7348137   0357       23.95
7348986   0357       29.34
7349428   0357       89.88
7349843   0357       23.95
7350162   0357       37.42
7350273   0357       27.42
7351297   0357       25.27
7352317   0357       27.42
7353364   0357       47.90
7353377   0357       29.34
7354064   0357       23.95
7354848   0357       19.20
7355837   0357       98.44
7355928   0357       31.25
7359478   0357       31.42
7360346   0357       25.63
7360517   0357       29.34
7363171   0357       28.92
7363652   0357       29.34
7365166   0357       29.34
7365545   0357       27.42
7367276   0357       23.95
7368710   0357       47.90
7369018   0357       29.34
7371154   0357       29.34
7372156   0357       23.95
7372973   0357       24.20
7373089   0357       25.63
7373215   0357       33.60
7374243   0357       25.63
7374616   0357       36.01
7377030   0357       25.63
7379256   0357       54.83
7380616   0357       23.95
7381553   0357       29.34
7382148   0357       44.61
7382532   0357       23.95
7384964   0357       29.34
7387544   0357       58.67
7388038   0357       23.95
7388080   0357       29.34
7388125   0357       31.42
7388199   0357       38.45
7391472   0357       27.42
7392153   0357       78.54
7393061   0357       27.42
7393144   0357       47.90
7395742   0357       19.18
7396051   0357       44.00
7398038   0357       26.23
7400031   0357       29.34
7401094   0357       29.34
7401380   0357       29.34
7401853   0357       23.95
7403123   0357       23.95
7403188   0357       27.42
7403563   0357       27.42
7406353   0357       29.34
7409730   0357       27.42
7410177   0357       35.95
7412535   0357       31.42
7412738   0357       25.63
7415285   0357       35.95
7415448   0357       29.34
7416870   0357       23.95
7417289   0357       47.90
7417791   0357       58.67
7418898   0357       23.95
7418939   0357       23.95
7419340   0357       27.42
7419740   0357       23.95
7419800   0357       29.34
7419866   0357       68.54
7420316   0357       29.34
7420429   0357       31.42
7423108   0357       31.42
7423415   0357       29.34
7423444   0357       29.34
7425063   0357       23.95
7425430   0357       29.34
7425900   0357       27.42
7426046   0357       29.34
7427359   0357       23.95
7427520   0357       29.34
7432253   0357       31.42
7435158   0357       59.88
7436077   0357       54.83
7437806   0357       23.95
7437808   0357       23.95
7438450   0357       29.34
7439597   0357       67.20
7439629   0357       29.34
7440809   0357       19.18
7442445   0357       29.34
7444497   0357       35.93
7444651   0357       31.42
7444842   0357       29.34
7444889   0357       67.20
7445661   0357       25.63
7446382   0357       31.42
7447067   0357       73.34
7447334   0357       33.60
7447992   0357       23.95
7449457   0357       25.63
7455429   0357       29.34
7455588   0357       29.34
7465820   0357       73.34
7466779   0357       46.74
7502836   0357       38.30
7548386   0357       25.63
7548420   0357       27.42
770342    0357       29.37
7917981   0357       29.34
7981510   0357       31.42
7982728   0357       23.95
7983170   0357       23.95
7985605   0357       23.48
7988969   0357       29.34
8054279   0357       27.43
8064487   0357       61.90
8068577   0357       33.15
8140450   0357       26.12
8594315   0357       29.34
8718789   0357       58.67
8734286   0357       31.42
9066082   0357       31.03
9100619   0357       29.34
9211039   0357       27.42
9261804   0357       31.42
9317884   0357       62.83
9433060   0357       29.34
9540404   0357       31.42
9540845   0357       50.40
9542018   0357       31.42
9542237   0357       27.42
9543530   0357       43.20
9544345   0357       25.63
9544429   0357       31.42
9544827   0357       31.42
9545198   0357       31.25
9545952   0357       35.25
9547148   0357       27.42
9551389   0357       29.34
9552709   0357       23.95
9553047   0357       27.42
9553149   0357       23.95
9555077   0357       40.68
9555609   0357       23.95
9555641   0357       29.34
9557148   0357       67.20
9557803   0357       25.63
9557875   0357       23.95
9557894   0357       29.00
9558628   0357       25.63
9560453   0357       23.95
9570736   0357       29.34
9601343   0357       73.34
9603154   0357       25.63
9603683   0357       29.34
9603870   0357       19.18
9604166   0357       27.42
9604592   0357       53.93
9607091   0357       33.65
9609337   0357       23.95
9609338   0357       58.67
9612117   0357       31.42
9612530   0357       73.34
9614364   0357       54.83
9615964   0357       29.34
9617493   0357       54.83
9620242   0357       62.83
9620248   0357       67.20
9620376   0357       29.34
9620599   0357       31.42
9620701   0357       27.42
9620720   0357       27.42
9621777   0357       23.95
9622347   0357       29.34
9624596   0357       23.95
9626082   0357       29.34
9626215   0357       27.42
9627150   0357       78.54
9627724   0357       23.95
9629963   0357       31.42
9631462   0357       31.42
9636806   0357       23.95
9638320   0357       29.34
9639201   0357       27.42
9845319   0357       25.63
9846320   0357       31.42
9848693   0357       27.42
9851993   0357       29.34
10107724  3357       35.95
10120357  3357       29.34
10121866  3357       31.42
10125466  3357       23.95
10126656  3357       29.34
10141786  3357       31.42
10312414  3357       27.42
10373550  3357       29.34
10639752  3357       23.95
10726693  3357       29.34
10760806  3357       23.95
10764554  3357       31.42
10770124  3357       29.34
10772668  3357       23.95
10774121  3357       31.42
10775520  3357       27.42
10776516  3357       35.95
10776915  3357       23.95
10777482  3357       23.95
10777645  3357       29.34
10778464  3357       23.95
10779723  3357       29.34
10820078  3357       31.42
10841061  3357       25.63
10841823  3357       35.95
10842205  3357       29.34
10843324  3357       29.34
10844575  3357       35.95
10844947  3357       29.34
10845717  3357       23.95
10845943  3357       29.34
10846532  3357       31.42
10846629  3357       29.34
10847648  3357       23.95
10848158  3357       33.60
10849906  3357       29.34
10849907  3357       31.42
10860593  3357       29.34
10903693  3357       23.95
10959957  3357       29.34
10960021  3357       29.34
10963442  3357       31.42
10963957  3357       31.42
10964062  3357       29.34
1108218   3357       27.45
1112379   3357       29.37
1115136   3357       29.37
11163187  3357       23.95
11177533  3357       23.95
11260715  3357       29.34
11261772  3357       35.95
11262378  3357       29.34
11263756  3357       23.95
11264041  3357       25.63
11264550  3357       27.42
11265527  3357       31.42
11266390  3357       29.34
11267811  3357       27.42
11267932  3357       23.95
11268437  3357       35.95
11269196  3357       33.60
1129535   3357       31.45
11414487  3357       31.42
11425214  3357       29.34
11426462  3357       27.42
11428034  3357       27.42
11429539  3357       29.34
11429792  3357       23.95
11429991  3357       29.34
11430700  3357       29.34
11433167  3357       29.34
11433865  3357       29.34
11434350  3357       29.34
11546168  3357       27.42
11580362  3357       31.42
11584952  3357       29.34
11594236  3357       35.95
11594524  3357       23.95
11596252  3357       29.34
11597667  3357       29.34
11598121  3357       25.63
11598207  3357       23.95
11598956  3357       25.63
11633896  3357       25.63
11651035  3357       29.34
11652405  3357       29.34
11653864  3357       29.34
11694358  3357       23.95
11695394  3357       23.95
11749469  3357       29.34
11783201  3357       31.42
11784637  3357       23.95
11786325  3357       35.95
11786432  3357       27.43
11787653  3357       29.34
11787807  3357       29.34
11788587  3357       31.42
11788630  3357       31.42
11790273  3357       29.34
11790818  3357       29.34
11791177  3357       29.34
11792127  3357       29.34
11792506  3357       23.95
11792846  3357       29.34
118087    3357       13.49
11879419  3357       31.42
11879750  3357       31.42
11881224  3357       35.95
11881668  3357       23.95
11881669  3357       23.95
11882080  3357       27.42
11882720  3357       35.95
11883300  3357       29.34
11949766  3357       35.95
12011761  3357       35.95
12018571  3357       27.42
12018729  3357       23.95
12019816  3357       27.42
12020535  3357       33.60
12021559  3357       31.42
12022428  3357       31.42
12023306  3357       33.60
12023981  3357       29.34
12024178  3357       29.34
12024179  3357       29.34
12025294  3357       29.34
12025488  3357       23.95
12025491  3357       23.95
12026565  3357       29.34
12027260  3357       29.34
12027527  3357       23.95
12027928  3357       23.95
12027973  3357       31.42
1218058   3357       33.42
12241212  3357       23.95
12243077  3357       23.95
12244707  3357       23.95
12247738  3357       29.34
12248400  3357       23.95
12248755  3357       31.42
12248784  3357       25.63
12248960  3357       29.34
12279667  3357       29.34
12314254  3357       33.60
1232375   3357       21.08
12370670  3357       33.60
1239070   3357       27.45
12434895  3357       25.63
12435757  3357       23.95
12435759  3357       29.34
12527456  3357       27.42
12534356  3357       29.34
12536172  3357       29.34
12536549  3357       33.60
1254062   3357       25.66
1257983   3357       31.45
1258658   3357       29.37
1259324   3357       25.66
1260432   3357       29.37
1261562   3357       25.66
1262953   3357       29.37
1263302   3357       23.98
1263303   3357       29.37
1263991   3357       22.02
1265436   3357       29.37
1266723   3357       19.19
1269356   3357       31.45
12698409  3357       23.95
12698965  3357       23.95
12700553  3357       27.42
12701301  3357       23.95
12702273  3357       27.42
12704473  3357       25.63
12704482  3357       31.42
12704649  3357       29.34
12704927  3357       29.34
12705860  3357       29.34
12706171  3357       29.34
12706774  3357       31.42
12707136  3357       29.34
1272390   3357       25.66
1273369   3357       29.37
1277938   3357       25.66
1278407   3357       29.37
12848719  3357       29.34
12849330  3357       33.60
12851330  3357       29.34
12852888  3357       29.34
12878256  3357       29.34
12884972  3357       29.34
12934142  3357       27.42
12934525  3357       23.95
12935305  3357       29.34
12935606  3357       29.34
13032033  3357       29.34
13034237  3357       29.34
13035222  3357       35.95
13084488  3357       25.63
13084886  3357       27.42
13180551  3357       29.34
1318484   3357       27.45
13187816  3357       25.63
13188137  3357       25.63
13188604  3357       25.63
13264411  3357       29.34
13265462  3357       23.95
13265946  3357       29.34
13266369  3357       29.34
13268000  3357       23.95
13268185  3357       23.95
13268457  3357       27.42
13346269  3357       23.95
13408041  3357       25.63
13510172  3357       25.63
13510180  3357       23.95
13527636  3357       31.42
13566631  3357       35.95
13643981  3357       23.95
13643982  3357       23.95
13644051  3357       29.34
13644555  3357       23.95
13644665  3357       29.34
13644680  3357       31.42
13652653  3357       23.95
13674854  3357       31.42
13678857  3357       23.95
13774187  3357       23.95
13774684  3357       29.34
13775452  3357       23.95
13775808  3357       23.95
13777181  3357       23.95
13785046  3357       23.95
13785661  3357       29.34
13785997  3357       27.42
13786181  3357       29.34
13787208  3357       29.34
13787741  3357       23.95
13842354  3357       29.34
13843775  3357       29.34
13856268  3357       29.34
13868652  3357       29.34
13880177  3357       23.95
13905892  3357       23.95
13986119  3357       29.34
13990906  3357       31.42
14003086  3357       27.42
14030527  3357       23.95
14031045  3357       29.34
1404429   3357       35.98
14093727  3357       29.34
14094806  3357       31.42
14143188  3357       27.42
14159223  3357       23.95
14270811  3357       23.95
1431183   3357       29.37
14335445  3357       27.42
1433726   3357       29.37
14372299  3357       31.42
14372818  3357       29.63
14376347  3357       29.34
14398946  3357       29.34
14399267  3357       25.63
14405196  3357       29.34
14513487  3357       23.95
14590375  3357       25.63
14607589  3357       25.63
14649126  3357       23.95
14825867  3357       29.34
14877805  3357       31.42
14877859  3357       33.60
14879704  3357       23.95
14880827  3357       31.42
15170350  3357       25.63
15177340  3357       31.42
15177867  3357       23.95
15306151  3357       27.42
15306996  3357       27.42
15352095  3357       29.34
15444811  3357       31.42
15448608  3357       29.34
15597541  3357       23.95
15598043  3357       23.95
15598319  3357       29.34
15598933  3357       23.95
15599928  3357       25.63
15668851  3357       25.63
15729233  3357       29.34
15729536  3357       25.63
15827139  3357       31.42
15959808  3357       23.95
16001576  3357       23.95
16137706  3357       27.42
16138119  3357       29.34
1631390   3357       28.80
16324090  3357       29.34
16594051  3357       25.63
16641426  3357       27.42
16736267  3357       29.34
17011869  3357       29.34
17012587  3357       29.34
17019549  3357       29.34
17033256  3357       23.95
17104175  3357       29.34
17306742  3357       23.95
1737075   3357       27.45
17379215  3357       25.63
17504786  3357       25.63
17572385  3357       29.34
17626132  3357       25.63
1763812   3357       29.37
1764349   3357       23.98
1765295   3357       12.57
1769938   3357       27.45
1778800   3357       20.53
17965237  3357       29.34
18058393  3357       23.95
18263579  3357       29.34
18263756  3357       29.34
1834693   3357       19.19
18471327  3357       29.34
1854577   3357       29.37
18656459  3357       29.34
18785684  3357       23.95
18950730  3357       23.95
1906129   3357       29.37
19166206  3357       23.95
19262723  3357       29.34
1926999   3357       31.45
19827450  3357       23.95
19850185  3357       23.95
19973112  3357       29.34
20187870  3357       25.63
20189202  3357       33.60
20235584  3357       25.63
2030572   3357       27.45
2033664   3357       35.98
20348834  3357       23.95
20351464  3357       29.34
2130876   3357       23.98
2157417   3357       35.98
2186056   3357       27.45
2189077   3357       17.97
2196831   3357       25.66
2198274   3357       31.45
2198799   3357       27.45
2199826   3357       25.66
2272067   3357       23.98
23156662  3357       34.24
2376223   3357       35.98
2380275   3357       31.45
2384661   3357       29.37
2529886   3357       29.37
2532585   3357       23.98
2533320   3357       31.08
2533977   3357       27.59
2534786   3357       23.50
2535843   3357       31.45
2536373   3357       31.45
2536795   3357       32.61
2538821   3357       27.45
2539425   3357       29.37
2539607   3357       31.45
2539943   3357       23.98
2541142   3357       29.37
2541439   3357       35.98
2541709   3357       31.16
2543654   3357       29.37
2543932   3357       25.66
2592064   3357       31.44
2592966   3357       31.45
2593377   3357       33.10
2593686   3357       27.45
2596405   3357       29.01
2597854   3357       29.01
2598033   3357       24.96
2598872   3357       26.62
2601437   3357       29.37
2603046   3357       25.83
2605117   3357       35.61
2605164   3357       25.85
2605539   3357       23.49
2605823   3357       19.18
2607322   3357       42.09
2608233   3357       38.58
2608304   3357       29.20
2608554   3357       29.01
2684589   3357       29.37
2741170   3357       31.59
2854705   3357       27.45
2870837   3357       25.34
2910376   3357       23.98
2910432   3357       27.45
2911765   3357       27.45
2912407   3357       23.98
2912692   3357       35.98
2913757   3357       27.42
2913809   3357       23.98
2914272   3357       30.86
2915293   3357       23.98
2915714   3357       29.37
2915780   3357       24.97
2916102   3357       23.50
2916362   3357       26.73
2916467   3357       25.66
2916786   3357       27.45
2918280   3357       29.37
2919212   3357       29.37
2992913   3357       23.98
3035349   3357       29.37
3039370   3357       34.54
3080057   3357       35.98
3080311   3357       29.37
3080984   3357       29.34
3081351   3357       29.37
3082505   3357       30.10
3083006   3357       29.37
3083065   3357       23.98
3083457   3357       21.80
3083843   3357       25.66
3084868   3357       30.93
3084978   3357       29.00
3085009   3357       33.65
3085276   3357       33.63
3090485   3357       38.14
3156003   3357       23.98
3234299   3357       33.63
3245420   3357       29.37
3314884   3357       23.86
3315121   3357       23.98
3315781   3357       23.98
3317339   3357       35.64
3317520   3357       34.24
3318589   3357       50.52
3318694   3357       43.68
3318719   3357       30.93
3319659   3357       25.66
3320986   3357       29.37
3322128   3357       29.01
3322284   3357       27.45
3322381   3357       29.52
3324110   3357       45.34
3324403   3357       35.98
3329806   3357       25.83
3353242   3357       27.45
3457632   3357       20.52
3528540   3357       42.53
3533360   3357       47.21
3534582   3357       38.29
3535445   3357       28.63
3535676   3357       28.69
3535838   3357       27.11
3538837   3357       40.77
3539352   3357       29.18
3541739   3357       35.76
3541975   3357       19.18
3542004   3357       31.42
3542015   3357       31.56
3554092   3357       31.45
3593839   3357       33.19
3598528   3357       28.47
3710064   3357       27.42
3759377   3357       24.15
3784066   3357       33.30
3784441   3357       41.31
3785251   3357       36.01
3792247   3357       33.42
3830110   3357       22.57
3855157   3357       19.18
3855577   3357       29.37
3856978   3357       23.33
3857004   3357       33.65
3857220   3357       36.27
3857667   3357       23.33
3857878   3357       27.64
3858323   3357       36.26
3858856   3357       31.42
3859230   3357       40.77
3864991   3357       44.13
3875055   3357       29.34
3877925   3357       31.42
3878006   3357       27.42
3963688   3357       45.68
3964337   3357       20.38
3965704   3357       29.20
3969513   3357       36.05
4001934   3357       44.61
4064149   3357       36.96
4065177   3357       25.66
4065584   3357       29.34
4065648   3357       41.40
4066245   3357       28.09
4067118   3357       36.75
4067735   3357       27.42
4067795   3357       29.01
4068788   3357       33.32
4071074   3357       35.95
4071241   3357       23.68
4107436   3357       27.42
4191539   3357       35.64
4193094   3357       38.82
4194671   3357       39.90
4195654   3357       27.11
4199927   3357       20.52
4200911   3357       27.45
4238916   3357       21.95
430240    3357       23.98
4317775   3357       31.42
4373204   3357       31.42
4373479   3357       33.32
4375498   3357       30.57
4375998   3357       28.73
4376813   3357       27.43
4377201   3357       26.70
437803    3357       29.37
4378140   3357       31.50
4378236   3357       27.11
4378283   3357       36.01
4378759   3357       31.42
4379154   3357       21.95
4381341   3357       31.46
4381614   3357       23.95
4382400   3357       35.76
4383023   3357       31.42
4383200   3357       22.57
4385047   3357       24.96
4386936   3357       27.42
4387777   3357       27.42
439023    3357       28.80
4409485   3357       31.42
4409788   3357       27.02
4409789   3357       23.95
4414417   3357       41.81
4414541   3357       32.16
4414909   3357       25.85
4415675   3357       29.00
443869    3357       29.37
4609506   3357       41.31
4610129   3357       26.62
4720170   3357       23.95
4720923   3357       29.34
4721016   3357       23.95
4721639   3357       23.98
4722680   3357       21.80
4722814   3357       29.22
4723168   3357       24.15
4723276   3357       27.42
4723403   3357       25.83
4724433   3357       24.96
4725919   3357       31.42
4727740   3357       27.42
4728331   3357       27.11
4729448   3357       21.02
4729575   3357       35.41
4730168   3357       31.42
4730490   3357       31.25
4730823   3357       51.05
4731322   3357       31.42
4731494   3357       38.03
4732090   3357       31.50
4732618   3357       25.63
4734527   3357       25.63
4735505   3357       23.98
4738424   3357       29.37
4739546   3357       40.34
4739796   3357       31.42
4754833   3357       40.84
4803744   3357       31.42
4827213   3357       37.70
4853128   3357       31.83
4882144   3357       21.97
5017295   3357       27.42
5022967   3357       26.70
5237805   3357       29.34
5238236   3357       24.15
5239261   3357       43.83
5240821   3357       33.65
5242545   3357       35.54
5244302   3357       25.66
5244483   3357       27.42
5244484   3357       38.03
5244765   3357       35.24
5245261   3357       31.42
5248926   3357       37.93
5248954   3357       33.19
5249259   3357       29.34
5249817   3357       31.42
5250965   3357       30.77
5251153   3357       36.01
5251214   3357       38.29
5252606   3357       31.42
5253930   3357       22.22
5254613   3357       33.87
5254952   3357       29.60
5255567   3357       29.34
5255641   3357       31.42
5257069   3357       37.53
5257175   3357       29.01
5257421   3357       33.60
5259121   3357       23.33
5259785   3357       31.03
5261116   3357       25.63
5261139   3357       29.34
5261250   3357       32.14
5261418   3357       38.94
5261643   3357       23.95
5263470   3357       33.21
5344986   3357       23.95
5435450   3357       25.63
5436619   3357       31.42
5436795   3357       23.59
5438690   3357       23.95
5439865   3357       33.60
5458236   3357       25.63
5461455   3357       29.02
5658043   3357       29.34
5688352   3357       29.34
5765952   3357       29.34
5779173   3357       29.34
5915261   3357       29.37
5921800   3357       23.95
5923624   3357       31.42
5925143   3357       31.42
5925949   3357       19.19
5935536   3357       31.42
5938630   3357       29.34
5938995   3357       29.34
6044716   3357       29.34
6125595   3357       23.95
6127630   3357       42.53
6238388   3357       35.95
6394853   3357       25.99
64800     3357       33.63
6537141   3357       24.15
6573443   3357       50.08
6573855   3357       33.60
6573893   3357       25.63
6575243   3357       27.42
6584406   3357       33.62
6634354   3357       29.34
6689708   3357       29.34
6690236   3357       29.34
6701344   3357       29.34
673822    3357       25.66
6841910   3357       23.95
7076647   3357       29.34
7211860   3357       31.42
7240399   3357       29.34
7300376   3357       23.95
7301470   3357       23.33
7305494   3357       29.01
7305781   3357       29.20
7308623   3357       43.41
7309317   3357       23.95
7309375   3357       27.42
7310425   3357       33.60
7310959   3357       36.01
7311233   3357       41.65
7311255   3357       23.95
7312149   3357       29.34
7313189   3357       29.20
7314050   3357       23.95
7314987   3357       33.60
7315048   3357       31.42
7315058   3357       29.34
7315331   3357       29.34
7316059   3357       33.60
7316139   3357       31.42
7316607   3357       35.98
7316959   3357       38.03
7317744   3357       23.98
7318041   3357       35.76
7319649   3357       31.42
7321787   3357       27.42
7322304   3357       27.42
7322780   3357       25.63
7322794   3357       32.22
7324725   3357       29.52
7325664   3357       20.52
7325721   3357       29.01
7325722   3357       42.09
7325778   3357       19.20
7328421   3357       23.95
7331943   3357       27.42
7332202   3357       23.95
7332734   3357       29.01
7333145   3357       31.42
7335642   3357       29.34
7337422   3357       32.71
7338055   3357       33.60
7340200   3357       27.45
7340742   3357       29.01
7340989   3357       23.95
7342107   3357       27.42
7342680   3357       29.37
7343605   3357       23.95
7344290   3357       27.42
7344465   3357       27.42
7347856   3357       36.26
7348137   3357       23.95
7348986   3357       29.34
7349428   3357       35.95
7349843   3357       23.95
7350162   3357       37.42
7350273   3357       27.42
7351297   3357       25.27
7352317   3357       27.42
7353364   3357       23.95
7353377   3357       29.34
7354064   3357       23.95
7354848   3357       19.20
7355837   3357       39.37
7355928   3357       31.25
7359478   3357       31.42
7360346   3357       25.63
7360517   3357       29.34
7363171   3357       28.92
7363652   3357       29.34
7365166   3357       29.34
7365545   3357       27.42
7367276   3357       23.95
7368710   3357       23.95
7369018   3357       29.34
7371154   3357       29.34
7372156   3357       23.95
7372973   3357       24.20
7373089   3357       25.63
7373215   3357       33.60
7374243   3357       25.63
7374616   3357       36.01
7377030   3357       25.63
7379256   3357       27.42
7380616   3357       23.95
7381553   3357       29.34
7382148   3357       44.61
7382532   3357       23.95
7384964   3357       29.34
7387544   3357       29.34
7388038   3357       23.95
7388080   3357       29.34
7388125   3357       31.42
7388199   3357       25.63
7391472   3357       27.42
7392153   3357       31.42
7393061   3357       27.42
7393144   3357       23.95
7395742   3357       19.18
7396051   3357       29.34
7398038   3357       26.23
7400031   3357       29.34
7401094   3357       29.34
7401380   3357       29.34
7401853   3357       23.95
7403123   3357       23.95
7403188   3357       27.42
7403563   3357       27.42
7406353   3357       29.34
7409730   3357       27.42
7410177   3357       35.95
7412535   3357       31.42
7412738   3357       25.63
7415285   3357       35.95
7415448   3357       29.34
7416870   3357       23.95
7417289   3357       23.95
7417791   3357       29.34
7418898   3357       23.95
7418939   3357       23.95
7419340   3357       27.42
7419740   3357       23.95
7419800   3357       29.34
7419866   3357       27.42
7420316   3357       29.34
7420429   3357       31.42
7423108   3357       31.42
7423415   3357       29.34
7423444   3357       29.34
7425063   3357       23.95
7425430   3357       29.34
7425900   3357       27.42
7426046   3357       29.34
7427359   3357       23.95
7427520   3357       29.34
7432253   3357       31.42
7435158   3357       23.95
7436077   3357       27.42
7437806   3357       23.95
7437808   3357       23.95
7438450   3357       29.34
7439597   3357       33.60
7439629   3357       29.34
7440809   3357       19.18
7442445   3357       29.34
7444497   3357       23.95
7444651   3357       31.42
7444842   3357       29.34
7444889   3357       33.60
7445661   3357       25.63
7446382   3357       31.42
7447067   3357       29.34
7447334   3357       33.60
7447992   3357       23.95
7449457   3357       25.63
7455429   3357       29.34
7455588   3357       29.34
7465820   3357       29.34
7466779   3357       46.74
7502836   3357       38.30
7548386   3357       25.63
7548420   3357       27.42
770342    3357       29.37
7917981   3357       29.34
7981510   3357       31.42
7982728   3357       23.95
7983170   3357       23.95
7985605   3357       23.48
7988969   3357       29.34
8054279   3357       27.43
8064487   3357       30.95
8068577   3357       33.15
8140450   3357       26.12
8594315   3357       29.34
8718789   3357       29.34
8734286   3357       31.42
9066082   3357       31.03
9100619   3357       29.34
9211039   3357       27.42
9261804   3357       31.42
9317884   3357       31.42
9433060   3357       29.34
9540404   3357       31.42
9540845   3357       33.60
9542018   3357       31.42
9542237   3357       27.42
9543530   3357       43.20
9544345   3357       25.63
9544429   3357       31.42
9544827   3357       31.42
9545198   3357       31.25
9545952   3357       35.25
9547148   3357       27.42
9551389   3357       29.34
9552709   3357       23.95
9553047   3357       27.42
9553149   3357       23.95
9555077   3357       40.68
9555609   3357       23.95
9555641   3357       29.34
9557148   3357       33.60
9557803   3357       25.63
9557875   3357       23.95
9557894   3357       29.00
9558628   3357       25.63
9560453   3357       23.95
9570736   3357       29.34
9601343   3357       29.34
9603154   3357       25.63
9603683   3357       29.34
9603870   3357       19.18
9604166   3357       27.42
9604592   3357       35.95
9607091   3357       33.65
9609337   3357       23.95
9609338   3357       29.34
9612117   3357       31.42
9612530   3357       29.34
9614364   3357       27.42
9615964   3357       29.34
9617493   3357       27.42
9620242   3357       31.42
9620248   3357       33.60
9620376   3357       29.34
9620599   3357       31.42
9620701   3357       27.42
9620720   3357       27.42
9621777   3357       23.95
9622347   3357       29.34
9624596   3357       23.95
9626082   3357       29.34
9626215   3357       27.42
9627150   3357       31.42
9627724   3357       23.95
9629963   3357       31.42
9631462   3357       31.42
9636806   3357       23.95
9638320   3357       29.34
9639201   3357       27.42
9845319   3357       25.63
9846320   3357       31.42
9848693   3357       27.42
9851993   3357       29.34
