10107724  0357       22.21
10120357  0357       33.36
10121866  0357       55.66
10125466  0357       21.76
10126656  0357       22.24
10141786  0357       22.26
10312414  0357       22.10
10373550  0357       44.48
10639752  0357       21.76
10726693  0357       22.24
10760806  0357       21.76
10764554  0357       22.26
10770124  0357       22.24
10772668  0357       21.76
10774121  0357       22.26
10775520  0357       44.21
10776516  0357       22.21
10776915  0357       21.76
10777482  0357       21.76
10777645  0357       33.36
10778464  0357       21.76
10779723  0357       22.24
10820078  0357       22.26
10841061  0357       21.94
10841823  0357       22.21
10842205  0357       22.24
10843324  0357       55.60
10844575  0357       44.42
10844947  0357       22.24
10845717  0357       21.76
10845943  0357       22.24
10846532  0357       22.26
10846629  0357       22.24
10847648  0357       21.76
10848158  0357       22.27
10849906  0357       22.24
10849907  0357       22.26
10860593  0357       22.24
10903693  0357       21.76
10959957  0357       22.24
10960021  0357       22.24
10963442  0357       22.26
10963957  0357       22.26
10964062  0357       44.48
1108218   0357       22.10
1112379   0357       22.24
1115136   0357       22.24
11163187  0357       21.76
11177533  0357       21.76
11260715  0357       22.24
11261772  0357       22.21
11262378  0357       22.24
11263756  0357       21.76
11264041  0357       32.92
11264550  0357       22.10
11265527  0357       22.26
11266390  0357       44.48
11267811  0357       44.21
11267932  0357       43.52
11268437  0357       22.21
11269196  0357       22.27
1129535   0357       22.26
11414487  0357       22.26
11425214  0357       22.24
11426462  0357       22.10
11428034  0357       22.10
11429539  0357       44.48
11429792  0357       21.76
11429991  0357       33.36
11430700  0357       22.24
11433167  0357       22.24
11433865  0357       44.48
11434350  0357       22.24
11546168  0357       22.10
11580362  0357       22.26
11584952  0357       22.24
11594236  0357       22.21
11594524  0357       21.76
11596252  0357       22.24
11597667  0357       22.24
11598121  0357       21.94
11598207  0357       21.76
11598956  0357       21.94
11633896  0357       21.94
11651035  0357       22.24
11652405  0357       22.24
11653864  0357       22.24
11694358  0357       21.76
11695394  0357       43.52
11749469  0357       22.24
11783201  0357       22.26
11784637  0357       21.76
11786325  0357       22.21
11786432  0357       22.66
11787653  0357       44.48
11787807  0357       22.24
11788587  0357       40.32
11788630  0357       22.26
11790273  0357       22.24
11790818  0357       33.36
11791177  0357       22.24
11792127  0357       22.24
11792506  0357       21.76
11792846  0357       22.24
118087    0357        8.95
11879419  0357       22.26
11879750  0357       22.26
11881224  0357       22.21
11881668  0357       54.40
11881669  0357       21.76
11882080  0357       22.10
11882720  0357       22.21
11883300  0357       44.48
11949766  0357       22.21
12011761  0357       44.42
12018571  0357       33.16
12018729  0357       21.76
12019816  0357       22.10
12020535  0357       22.27
12021559  0357       22.26
12022428  0357       22.26
12023306  0357       22.27
12023981  0357       33.36
12024178  0357       22.24
12024179  0357       22.24
12025294  0357       33.36
12025488  0357       21.76
12025491  0357       21.76
12026565  0357       22.24
12027260  0357       22.24
12027527  0357       21.76
12027928  0357       21.76
12027973  0357       44.53
1218058   0357       22.24
12241212  0357       32.64
12243077  0357       21.76
12244707  0357       21.76
12247738  0357       33.36
12248400  0357       54.40
12248755  0357       22.26
12248784  0357       43.89
12248960  0357       22.24
12279667  0357       22.24
12314254  0357       55.68
1232375   0357       13.06
12370670  0357       22.27
1239070   0357       22.10
12434895  0357       21.94
12435757  0357       32.64
12435759  0357       33.36
12527456  0357       22.10
12534356  0357       22.24
12536172  0357       22.24
12536549  0357       22.27
1254062   0357       21.94
1257983   0357       22.26
1258658   0357       22.24
1259324   0357       21.94
1260432   0357       22.24
1261562   0357       21.94
1262953   0357       22.24
1263302   0357       21.76
1263303   0357       22.24
1263991   0357       13.64
1265436   0357       22.24
1266723   0357       15.23
1269356   0357       44.53
12698409  0357       21.76
12698965  0357       21.76
12700553  0357       22.10
12701301  0357       21.76
12702273  0357       22.10
12704473  0357       21.94
12704482  0357       44.53
12704649  0357       22.24
12704927  0357       22.24
12705860  0357       22.24
12706171  0357       22.24
12706774  0357       44.53
12707136  0357       22.24
1272390   0357       21.94
1273369   0357       22.24
1277938   0357       21.94
1278407   0357       22.24
12848719  0357       22.24
12849330  0357       22.27
12851330  0357       22.24
12852888  0357       22.24
12878256  0357       22.24
12884972  0357       22.24
12934142  0357       22.10
12934525  0357       21.76
12935305  0357       22.24
12935606  0357       22.24
13032033  0357       22.24
13034237  0357       22.24
13035222  0357       22.21
13084488  0357       21.94
13084886  0357       22.10
13180551  0357       22.24
1318484   0357       22.10
13187816  0357       32.92
13188137  0357       21.94
13188604  0357       32.92
13264411  0357       22.24
13265462  0357       21.76
13265946  0357       33.36
13266369  0357       22.24
13268000  0357       43.52
13268185  0357       43.52
13268457  0357       22.10
13346269  0357       54.40
13408041  0357       21.94
13510172  0357       21.94
13510180  0357       21.76
13527636  0357       22.26
13566631  0357       22.21
13643981  0357       43.52
13643982  0357       32.64
13644051  0357       22.24
13644555  0357       54.40
13644665  0357       22.24
13644680  0357       55.66
13652653  0357       21.76
13674854  0357       22.26
13678857  0357       21.76
13774187  0357       21.76
13774684  0357       22.24
13775452  0357       21.76
13775808  0357       21.76
13777181  0357       32.64
13785046  0357       21.76
13785661  0357       22.24
13785997  0357       22.10
13786181  0357       22.24
13787208  0357       22.24
13787741  0357       21.76
13842354  0357       22.24
13843775  0357       22.24
13856268  0357       22.24
13868652  0357       22.24
13880177  0357       21.76
13905892  0357       21.76
13986119  0357       22.24
13990906  0357       33.40
14003086  0357       22.10
14030527  0357       21.76
14031045  0357       22.24
1404429   0357       22.21
14093727  0357       33.36
14094806  0357       22.26
14143188  0357       22.10
14159223  0357       43.52
14270811  0357       54.40
1431183   0357       22.24
14335445  0357       22.10
1433726   0357       22.24
14372299  0357       22.26
14372818  0357       61.27
14376347  0357       22.24
14398946  0357       22.24
14399267  0357       32.92
14405196  0357       22.24
14513487  0357       21.76
14590375  0357       21.94
14607589  0357       32.92
14649126  0357       21.76
14825867  0357       22.24
14877805  0357       22.26
14877859  0357       22.27
14879704  0357       32.64
14880827  0357       22.26
15170350  0357       21.94
15177340  0357       22.26
15177867  0357       43.52
15306151  0357       55.26
15306996  0357       22.10
15352095  0357       22.24
15444811  0357       22.26
15448608  0357       22.24
15597541  0357       21.76
15598043  0357       21.76
15598319  0357       22.24
15598933  0357       21.76
15599928  0357       32.92
15668851  0357       21.94
15729233  0357       33.36
15729536  0357       54.86
15827139  0357       22.26
15959808  0357       21.76
16001576  0357       21.76
16137706  0357       22.10
16138119  0357       33.36
1631390   0357       15.55
16324090  0357       22.24
16594051  0357       21.94
16641426  0357       22.10
16736267  0357       22.24
17011869  0357       44.48
17012587  0357       55.60
17019549  0357       22.24
17033256  0357       21.76
17104175  0357       22.24
17306742  0357       21.76
1737075   0357       22.10
17379215  0357       32.92
17504786  0357       21.94
17572385  0357       44.48
17626132  0357       43.89
1763812   0357       22.24
1764349   0357       21.76
1765295   0357       19.80
1769938   0357       22.10
1778800   0357       15.37
17965237  0357       33.36
18058393  0357       21.76
18263579  0357       33.36
18263756  0357       22.24
1834693   0357       15.23
18471327  0357       22.24
1854577   0357       22.24
18656459  0357       33.36
18785684  0357       21.76
18950730  0357       21.76
1906129   0357       22.24
19166206  0357       54.40
19262723  0357       22.24
1926999   0357       22.26
19827450  0357       21.76
19850185  0357       54.40
19973112  0357       22.24
20187870  0357       43.89
20189202  0357       22.27
20235584  0357       43.89
2030572   0357       22.10
2033664   0357       22.21
20348834  0357       32.64
20351464  0357       44.48
2130876   0357       21.76
2157417   0357       55.52
2186056   0357       22.10
2189077   0357       13.45
2196831   0357       21.94
2198274   0357       22.26
2198799   0357       22.10
2199826   0357       21.94
2272067   0357       21.76
23156662  0357       22.24
2376223   0357       22.21
2380275   0357       22.26
2384661   0357       22.24
2529886   0357       22.24
2532585   0357       21.76
2533320   0357       22.10
2533977   0357       18.23
2534786   0357       15.57
2535843   0357       22.26
2536373   0357       22.26
2536795   0357       22.24
2538821   0357       22.10
2539425   0357       22.24
2539607   0357       22.26
2539943   0357       21.76
2541142   0357       22.24
2541439   0357       22.21
2541709   0357       18.29
2543654   0357       22.24
2543932   0357       21.94
2592064   0357       22.26
2592966   0357       30.04
2593377   0357       22.24
2593686   0357       22.10
2596405   0357       16.54
2597854   0357       16.54
2598033   0357       16.54
2598872   0357       21.76
2601437   0357       22.24
2603046   0357       17.12
2605117   0357       22.26
2605164   0357       17.12
2605539   0357        8.21
2605823   0357       15.23
2607322   0357       31.91
2608233   0357       28.91
2608304   0357       21.76
2608554   0357       16.54
2684589   0357       22.24
2741170   0357       18.32
2854705   0357       22.10
2870837   0357       16.33
2910376   0357       21.76
2910432   0357       22.10
2911765   0357       22.10
2912407   0357       21.76
2912692   0357       22.21
2913757   0357       22.10
2913809   0357       21.76
2914272   0357       18.77
2915293   0357       21.76
2915714   0357       22.24
2915780   0357       17.61
2916102   0357       15.57
2916362   0357       17.71
2916467   0357       21.94
2916786   0357       22.10
2918280   0357       55.60
2919212   0357       22.24
2992913   0357       21.76
3035349   0357       22.24
3039370   0357       16.52
3080057   0357       33.31
3080311   0357       22.24
3080984   0357       22.24
3081351   0357       22.24
3082505   0357       18.77
3083006   0357       22.24
3083065   0357       21.76
3083457   0357       16.33
3083843   0357       21.94
3084868   0357       17.71
3084978   0357       21.76
3085009   0357       22.10
3085276   0357       22.27
3090485   0357       28.91
3156003   0357       21.76
3234299   0357       22.27
3245420   0357       22.24
3314884   0357       15.23
3315121   0357       21.76
3315781   0357       21.76
3317339   0357       28.74
3317520   0357       22.24
3318589   0357       32.58
3318694   0357       28.95
3318719   0357       17.71
3319659   0357       21.94
3320986   0357       22.24
3322128   0357       16.54
3322284   0357       22.10
3322381   0357       18.32
3324110   0357       22.21
3324403   0357       22.21
3329806   0357       17.12
3353242   0357       22.10
3457632   0357       15.36
3528540   0357       32.25
3533360   0357       31.29
3534582   0357       22.26
3535445   0357       21.94
3535676   0357       16.54
3535838   0357       16.45
3538837   0357       30.91
3539352   0357       16.54
3541739   0357       22.24
3541975   0357       15.23
3542004   0357       22.26
3542015   0357        8.79
3554092   0357       22.26
3593839   0357       22.10
3598528   0357       18.88
3710064   0357       22.10
3759377   0357       17.03
3784066   0357       30.25
3784441   0357       29.28
3785251   0357       22.24
3792247   0357       22.24
3830110   0357       16.90
3855157   0357       15.23
3855577   0357       22.24
3856978   0357       16.45
3857004   0357       22.10
3857220   0357       22.24
3857667   0357       16.45
3857878   0357       17.12
3858323   0357       44.48
3858856   0357       22.26
3859230   0357       46.37
3864991   0357       22.21
3875055   0357       22.24
3877925   0357       44.53
3878006   0357       22.10
3963688   0357       27.24
3964337   0357       16.18
3965704   0357       21.76
3969513   0357       32.51
4001934   0357       31.62
4064149   0357       26.33
4065177   0357       21.94
4065584   0357       22.24
4065648   0357       33.38
4066245   0357       17.03
4067118   0357       22.24
4067735   0357       22.10
4067795   0357       17.12
4068788   0357       28.53
4071074   0357       22.21
4071241   0357       15.23
4107436   0357       22.10
4191539   0357       22.10
4193094   0357       55.66
4194671   0357       34.29
4195654   0357       16.45
4199927   0357       15.36
4200911   0357       22.10
4238916   0357       15.23
430240    0357       21.76
4317775   0357       22.26
4373204   0357       22.26
4373479   0357       28.53
4375498   0357       16.52
4375998   0357       15.59
4376813   0357       22.66
4377201   0357       16.56
437803    0357       22.24
4378140   0357       28.61
4378236   0357       16.45
4378283   0357       22.24
4378759   0357       22.26
4379154   0357       15.21
4381341   0357       21.94
4381614   0357       21.76
4382400   0357       33.36
4383023   0357       22.26
4383200   0357       17.29
4385047   0357       16.45
4386936   0357       22.10
4387777   0357       55.26
439023    0357       15.55
4409485   0357       22.26
4409788   0357       21.76
4409789   0357       43.52
4414417   0357       30.42
4414541   0357       17.15
4414909   0357       17.12
4415675   0357       21.76
443869    0357       22.24
4609506   0357       29.28
4610129   0357       21.76
4720170   0357       32.64
4720923   0357       22.24
4721016   0357       21.76
4721639   0357       21.76
4722680   0357       16.33
4722814   0357        8.21
4723168   0357       17.03
4723276   0357       22.10
4723403   0357       18.19
4724433   0357       16.54
4725919   0357       44.53
4727740   0357       22.10
4728331   0357       16.45
4729448   0357       15.23
4729575   0357       15.59
4730168   0357       22.26
4730490   0357       21.94
4730823   0357       31.54
4731322   0357       22.26
4731494   0357       22.26
4732090   0357       28.61
4732618   0357       21.94
4734527   0357       21.94
4735505   0357       21.76
4738424   0357       22.24
4739546   0357       22.24
4739796   0357       22.26
4754833   0357       22.26
4803744   0357       22.26
4827213   0357       27.49
4853128   0357       15.57
4882144   0357       15.48
5017295   0357       22.10
5022967   0357       16.45
5237805   0357       22.24
5238236   0357       17.03
5239261   0357       22.21
5240821   0357       22.10
5242545   0357       16.52
5244302   0357       21.94
5244483   0357       22.10
5244484   0357       22.26
5244765   0357       30.17
5245261   0357       22.26
5248926   0357       32.48
5248954   0357       22.10
5249259   0357       22.24
5249817   0357       22.26
5250965   0357       17.71
5251153   0357       22.24
5251214   0357       22.26
5252606   0357       44.53
5253930   0357       15.23
5254613   0357       30.83
5254952   0357       21.76
5255567   0357       22.24
5255641   0357       22.26
5257069   0357       32.38
5257175   0357       16.54
5257421   0357       22.27
5259121   0357       16.45
5259785   0357       21.94
5261116   0357       21.94
5261139   0357       22.24
5261250   0357       19.35
5261418   0357       31.39
5261643   0357       21.76
5263470   0357       16.56
5344986   0357       21.76
5435450   0357       21.94
5436619   0357       22.26
5436795   0357       15.23
5438690   0357       21.76
5439865   0357       55.68
5458236   0357       21.94
5461455   0357       16.54
5658043   0357       22.24
5688352   0357       22.24
5765952   0357       22.24
5779173   0357       22.24
5915261   0357       22.24
5921800   0357       21.76
5923624   0357       22.26
5925143   0357       22.26
5925949   0357       15.23
5935536   0357       55.66
5938630   0357       22.24
5938995   0357       22.24
6044716   0357       33.36
6125595   0357       54.40
6127630   0357       32.25
6238388   0357       22.21
6394853   0357       25.02
64800     0357       22.27
6537141   0357       17.03
6573443   0357       32.25
6573855   0357       22.27
6573893   0357       21.94
6575243   0357       22.10
6584406   0357       54.86
6634354   0357       22.24
6689708   0357       22.24
6690236   0357       22.24
6701344   0357       22.24
673822    0357       21.94
6841910   0357       21.76
7076647   0357       22.24
7211860   0357       22.26
7240399   0357       22.24
7300376   0357       21.76
7301470   0357       16.45
7305494   0357       16.45
7305781   0357       21.76
7308623   0357       32.92
7309317   0357       21.76
7309375   0357       22.10
7310425   0357       22.27
7310959   0357       22.24
7311233   0357       31.58
7311255   0357       21.76
7312149   0357       22.24
7313189   0357       21.76
7314050   0357       21.76
7314987   0357       22.27
7315048   0357       22.26
7315058   0357       55.60
7315331   0357       22.24
7316059   0357       22.27
7316139   0357       22.26
7316607   0357       22.21
7316959   0357       44.53
7317744   0357       43.52
7318041   0357       22.24
7319649   0357       44.53
7321787   0357       22.10
7322304   0357       22.10
7322780   0357       21.94
7322794   0357       28.04
7324725   0357       18.32
7325664   0357       15.36
7325721   0357       15.96
7325722   0357       31.91
7325778   0357       15.53
7328421   0357       21.76
7331943   0357       22.10
7332202   0357       21.76
7332734   0357       24.81
7333145   0357       22.26
7335642   0357       22.24
7337422   0357       26.54
7338055   0357       22.27
7340200   0357       22.10
7340742   0357       16.54
7340989   0357       21.76
7342107   0357       22.10
7342680   0357       22.24
7343605   0357       21.76
7344290   0357       22.10
7344465   0357       44.21
7347856   0357       22.24
7348137   0357       21.76
7348986   0357       22.24
7349428   0357       55.52
7349843   0357       21.76
7350162   0357       33.02
7350273   0357       22.10
7351297   0357       26.83
7352317   0357       22.10
7353364   0357       43.52
7353377   0357       22.24
7354064   0357       21.76
7354848   0357       15.53
7355837   0357       97.01
7355928   0357       21.94
7359478   0357       22.26
7360346   0357       21.94
7360517   0357       22.24
7363171   0357       25.61
7363652   0357       22.24
7365166   0357       22.87
7365545   0357       22.10
7367276   0357       21.76
7368710   0357       43.52
7369018   0357       22.24
7371154   0357       22.24
7372156   0357       21.76
7372973   0357        6.71
7373089   0357       21.94
7373215   0357       22.27
7374243   0357       21.94
7374616   0357       22.24
7377030   0357       21.94
7379256   0357       44.21
7380616   0357       21.76
7381553   0357       22.24
7382148   0357       31.62
7382532   0357       21.76
7384964   0357       22.24
7387544   0357       44.48
7388038   0357       21.76
7388080   0357       22.24
7388125   0357       22.26
7388199   0357       32.92
7391472   0357       22.10
7392153   0357       55.66
7393061   0357       22.10
7393144   0357       43.52
7395742   0357       15.23
7396051   0357       33.36
7398038   0357       15.57
7400031   0357       22.24
7401094   0357       22.24
7401380   0357       22.24
7401853   0357       21.76
7403123   0357       21.76
7403188   0357       22.10
7403563   0357       22.10
7406353   0357       22.24
7409730   0357       22.10
7410177   0357       22.21
7412535   0357       22.26
7412738   0357       21.94
7415285   0357       22.21
7415448   0357       22.24
7416870   0357       21.76
7417289   0357       43.52
7417791   0357       44.48
7418898   0357       21.76
7418939   0357       21.76
7419340   0357       22.10
7419740   0357       21.76
7419800   0357       22.24
7419866   0357       55.26
7420316   0357       22.24
7420429   0357       22.26
7423108   0357       22.26
7423415   0357       22.24
7423444   0357       22.24
7425063   0357       21.76
7425430   0357       22.24
7425900   0357       22.10
7426046   0357       22.24
7427359   0357       21.76
7427520   0357       22.24
7432253   0357       22.26
7435158   0357       54.40
7436077   0357       44.21
7437806   0357       21.76
7437808   0357       21.76
7438450   0357       22.24
7439597   0357       44.54
7439629   0357       22.24
7440809   0357       15.23
7442445   0357       22.24
7444497   0357       32.64
7444651   0357       22.26
7444842   0357       22.24
7444889   0357       44.54
7445661   0357       21.94
7446382   0357       22.26
7447067   0357       55.60
7447334   0357       22.27
7447992   0357       21.76
7449457   0357       21.94
7455429   0357       22.24
7455588   0357       22.24
7465820   0357       55.60
7466779   0357       28.87
7502836   0357       22.26
7548386   0357       21.94
7548420   0357       22.10
770342    0357       22.24
7917981   0357       22.24
7981510   0357       22.26
7982728   0357       21.76
7983170   0357       21.76
7985605   0357        8.21
7988969   0357       22.24
8054279   0357       22.66
8064487   0357       49.37
8068577   0357       15.57
8140450   0357       15.36
8594315   0357       22.24
8718789   0357       44.48
8734286   0357       22.26
9066082   0357       21.94
9100619   0357       22.24
9211039   0357       22.10
9261804   0357       22.26
9317884   0357       44.53
9433060   0357       22.24
9540404   0357       22.26
9540845   0357       33.41
9542018   0357       22.26
9542237   0357       22.10
9543530   0357       22.26
9544345   0357       21.94
9544429   0357       22.26
9544827   0357       22.26
9545198   0357       21.94
9545952   0357       37.52
9547148   0357       22.10
9551389   0357       22.24
9552709   0357       21.76
9553047   0357       22.10
9553149   0357       21.76
9555077   0357       22.27
9555609   0357       21.76
9555641   0357       22.24
9557148   0357       44.54
9557803   0357       21.94
9557875   0357       21.76
9557894   0357       21.76
9558628   0357       21.94
9560453   0357       21.76
9570736   0357       22.24
9601343   0357       55.60
9603154   0357       21.94
9603683   0357       22.24
9603870   0357       15.23
9604166   0357       22.10
9604592   0357       33.31
9607091   0357       22.10
9609337   0357       21.76
9609338   0357       44.48
9612117   0357       22.26
9612530   0357       55.60
9614364   0357       44.21
9615964   0357       22.24
9617493   0357       44.21
9620242   0357       44.53
9620248   0357       44.54
9620376   0357       22.24
9620599   0357       22.26
9620701   0357       22.10
9620720   0357       22.10
9621777   0357       21.76
9622347   0357       22.24
9624596   0357       21.76
9626082   0357       22.24
9626215   0357       22.10
9627150   0357       55.66
9627724   0357       21.76
9629963   0357       22.26
9631462   0357       22.26
9636806   0357       21.76
9638320   0357       22.24
9639201   0357       22.10
9845319   0357       21.94
9846320   0357       22.26
9848693   0357       22.10
9851993   0357       22.24
10107724  3357       22.21
10120357  3357       22.24
10121866  3357       22.26
10125466  3357       21.76
10126656  3357       22.24
10141786  3357       22.26
10312414  3357       22.10
10373550  3357       22.24
10639752  3357       21.76
10726693  3357       22.24
10760806  3357       21.76
10764554  3357       22.26
10770124  3357       22.24
10772668  3357       21.76
10774121  3357       22.26
10775520  3357       22.10
10776516  3357       22.21
10776915  3357       21.76
10777482  3357       21.76
10777645  3357       22.24
10778464  3357       21.76
10779723  3357       22.24
10820078  3357       22.26
10841061  3357       21.94
10841823  3357       22.21
10842205  3357       22.24
10843324  3357       22.24
10844575  3357       22.21
10844947  3357       22.24
10845717  3357       21.76
10845943  3357       22.24
10846532  3357       22.26
10846629  3357       22.24
10847648  3357       21.76
10848158  3357       22.27
10849906  3357       22.24
10849907  3357       22.26
10860593  3357       22.24
10903693  3357       21.76
10959957  3357       22.24
10960021  3357       22.24
10963442  3357       22.26
10963957  3357       22.26
10964062  3357       22.24
1108218   3357       22.10
1112379   3357       22.24
1115136   3357       22.24
11163187  3357       21.76
11177533  3357       21.76
11260715  3357       22.24
11261772  3357       22.21
11262378  3357       22.24
11263756  3357       21.76
11264041  3357       21.94
11264550  3357       22.10
11265527  3357       22.26
11266390  3357       22.24
11267811  3357       22.10
11267932  3357       21.76
11268437  3357       22.21
11269196  3357       22.27
1129535   3357       22.26
11414487  3357       22.26
11425214  3357       22.24
11426462  3357       22.10
11428034  3357       22.10
11429539  3357       22.24
11429792  3357       21.76
11429991  3357       22.24
11430700  3357       22.24
11433167  3357       22.24
11433865  3357       22.24
11434350  3357       22.24
11546168  3357       22.10
11580362  3357       22.26
11584952  3357       22.24
11594236  3357       22.21
11594524  3357       21.76
11596252  3357       22.24
11597667  3357       22.24
11598121  3357       21.94
11598207  3357       21.76
11598956  3357       21.94
11633896  3357       21.94
11651035  3357       22.24
11652405  3357       22.24
11653864  3357       22.24
11694358  3357       21.76
11695394  3357       21.76
11749469  3357       22.24
11783201  3357       22.26
11784637  3357       21.76
11786325  3357       22.21
11786432  3357       22.66
11787653  3357       22.24
11787807  3357       22.24
11788587  3357       20.16
11788630  3357       22.26
11790273  3357       22.24
11790818  3357       22.24
11791177  3357       22.24
11792127  3357       22.24
11792506  3357       21.76
11792846  3357       22.24
118087    3357        8.95
11879419  3357       22.26
11879750  3357       22.26
11881224  3357       22.21
11881668  3357       21.76
11881669  3357       21.76
11882080  3357       22.10
11882720  3357       22.21
11883300  3357       22.24
11949766  3357       22.21
12011761  3357       22.21
12018571  3357       22.10
12018729  3357       21.76
12019816  3357       22.10
12020535  3357       22.27
12021559  3357       22.26
12022428  3357       22.26
12023306  3357       22.27
12023981  3357       22.24
12024178  3357       22.24
12024179  3357       22.24
12025294  3357       22.24
12025488  3357       21.76
12025491  3357       21.76
12026565  3357       22.24
12027260  3357       22.24
12027527  3357       21.76
12027928  3357       21.76
12027973  3357       22.26
1218058   3357       22.24
12241212  3357       21.76
12243077  3357       21.76
12244707  3357       21.76
12247738  3357       22.24
12248400  3357       21.76
12248755  3357       22.26
12248784  3357       21.94
12248960  3357       22.24
12279667  3357       22.24
12314254  3357       22.27
1232375   3357       13.06
12370670  3357       22.27
1239070   3357       22.10
12434895  3357       21.94
12435757  3357       21.76
12435759  3357       22.24
12527456  3357       22.10
12534356  3357       22.24
12536172  3357       22.24
12536549  3357       22.27
1254062   3357       21.94
1257983   3357       22.26
1258658   3357       22.24
1259324   3357       21.94
1260432   3357       22.24
1261562   3357       21.94
1262953   3357       22.24
1263302   3357       21.76
1263303   3357       22.24
1263991   3357       13.64
1265436   3357       22.24
1266723   3357       15.23
1269356   3357       22.26
12698409  3357       21.76
12698965  3357       21.76
12700553  3357       22.10
12701301  3357       21.76
12702273  3357       22.10
12704473  3357       21.94
12704482  3357       22.26
12704649  3357       22.24
12704927  3357       22.24
12705860  3357       22.24
12706171  3357       22.24
12706774  3357       22.26
12707136  3357       22.24
1272390   3357       21.94
1273369   3357       22.24
1277938   3357       21.94
1278407   3357       22.24
12848719  3357       22.24
12849330  3357       22.27
12851330  3357       22.24
12852888  3357       22.24
12878256  3357       22.24
12884972  3357       22.24
12934142  3357       22.10
12934525  3357       21.76
12935305  3357       22.24
12935606  3357       22.24
13032033  3357       22.24
13034237  3357       22.24
13035222  3357       22.21
13084488  3357       21.94
13084886  3357       22.10
13180551  3357       22.24
1318484   3357       22.10
13187816  3357       21.94
13188137  3357       21.94
13188604  3357       21.94
13264411  3357       22.24
13265462  3357       21.76
13265946  3357       22.24
13266369  3357       22.24
13268000  3357       21.76
13268185  3357       21.76
13268457  3357       22.10
13346269  3357       21.76
13408041  3357       21.94
13510172  3357       21.94
13510180  3357       21.76
13527636  3357       22.26
13566631  3357       22.21
13643981  3357       21.76
13643982  3357       21.76
13644051  3357       22.24
13644555  3357       21.76
13644665  3357       22.24
13644680  3357       22.26
13652653  3357       21.76
13674854  3357       22.26
13678857  3357       21.76
13774187  3357       21.76
13774684  3357       22.24
13775452  3357       21.76
13775808  3357       21.76
13777181  3357       21.76
13785046  3357       21.76
13785661  3357       22.24
13785997  3357       22.10
13786181  3357       22.24
13787208  3357       22.24
13787741  3357       21.76
13842354  3357       22.24
13843775  3357       22.24
13856268  3357       22.24
13868652  3357       22.24
13880177  3357       21.76
13905892  3357       21.76
13986119  3357       22.24
13990906  3357       22.26
14003086  3357       22.10
14030527  3357       21.76
14031045  3357       22.24
1404429   3357       22.21
14093727  3357       22.24
14094806  3357       22.26
14143188  3357       22.10
14159223  3357       21.76
14270811  3357       21.76
1431183   3357       22.24
14335445  3357       22.10
1433726   3357       22.24
14372299  3357       22.26
14372818  3357       24.51
14376347  3357       22.24
14398946  3357       22.24
14399267  3357       21.94
14405196  3357       22.24
14513487  3357       21.76
14590375  3357       21.94
14607589  3357       21.94
14649126  3357       21.76
14825867  3357       22.24
14877805  3357       22.26
14877859  3357       22.27
14879704  3357       21.76
14880827  3357       22.26
15170350  3357       21.94
15177340  3357       22.26
15177867  3357       21.76
15306151  3357       22.10
15306996  3357       22.10
15352095  3357       22.24
15444811  3357       22.26
15448608  3357       22.24
15597541  3357       21.76
15598043  3357       21.76
15598319  3357       22.24
15598933  3357       21.76
15599928  3357       21.94
15668851  3357       21.94
15729233  3357       22.24
15729536  3357       21.94
15827139  3357       22.26
15959808  3357       21.76
16001576  3357       21.76
16137706  3357       22.10
16138119  3357       22.24
1631390   3357       15.55
16324090  3357       22.24
16594051  3357       21.94
16641426  3357       22.10
16736267  3357       22.24
17011869  3357       22.24
17012587  3357       22.24
17019549  3357       22.24
17033256  3357       21.76
17104175  3357       22.24
17306742  3357       21.76
1737075   3357       22.10
17379215  3357       21.94
17504786  3357       21.94
17572385  3357       22.24
17626132  3357       21.94
1763812   3357       22.24
1764349   3357       21.76
1765295   3357        9.90
1769938   3357       22.10
1778800   3357       15.37
17965237  3357       22.24
18058393  3357       21.76
18263579  3357       22.24
18263756  3357       22.24
1834693   3357       15.23
18471327  3357       22.24
1854577   3357       22.24
18656459  3357       22.24
18785684  3357       21.76
18950730  3357       21.76
1906129   3357       22.24
19166206  3357       21.76
19262723  3357       22.24
1926999   3357       22.26
19827450  3357       21.76
19850185  3357       21.76
19973112  3357       22.24
20187870  3357       21.94
20189202  3357       22.27
20235584  3357       21.94
2030572   3357       22.10
2033664   3357       22.21
20348834  3357       21.76
20351464  3357       22.24
2130876   3357       21.76
2157417   3357       22.21
2186056   3357       22.10
2189077   3357       13.45
2196831   3357       21.94
2198274   3357       22.26
2198799   3357       22.10
2199826   3357       21.94
2272067   3357       21.76
23156662  3357       22.24
2376223   3357       22.21
2380275   3357       22.26
2384661   3357       22.24
2529886   3357       22.24
2532585   3357       21.76
2533320   3357       22.10
2533977   3357       18.23
2534786   3357       15.57
2535843   3357       22.26
2536373   3357       22.26
2536795   3357       22.24
2538821   3357       22.10
2539425   3357       22.24
2539607   3357       22.26
2539943   3357       21.76
2541142   3357       22.24
2541439   3357       22.21
2541709   3357       18.29
2543654   3357       22.24
2543932   3357       21.94
2592064   3357       22.26
2592966   3357       30.04
2593377   3357       22.24
2593686   3357       22.10
2596405   3357       16.54
2597854   3357       16.54
2598033   3357       16.54
2598872   3357       21.76
2601437   3357       22.24
2603046   3357       17.12
2605117   3357       22.26
2605164   3357       17.12
2605539   3357        8.21
2605823   3357       15.23
2607322   3357       31.91
2608233   3357       28.91
2608304   3357       21.76
2608554   3357       16.54
2684589   3357       22.24
2741170   3357       18.32
2854705   3357       22.10
2870837   3357       16.33
2910376   3357       21.76
2910432   3357       22.10
2911765   3357       22.10
2912407   3357       21.76
2912692   3357       22.21
2913757   3357       22.10
2913809   3357       21.76
2914272   3357       18.77
2915293   3357       21.76
2915714   3357       22.24
2915780   3357       17.61
2916102   3357       15.57
2916362   3357       17.71
2916467   3357       21.94
2916786   3357       22.10
2918280   3357       22.24
2919212   3357       22.24
2992913   3357       21.76
3035349   3357       22.24
3039370   3357       16.52
3080057   3357       22.21
3080311   3357       22.24
3080984   3357       22.24
3081351   3357       22.24
3082505   3357       18.77
3083006   3357       22.24
3083065   3357       21.76
3083457   3357       16.33
3083843   3357       21.94
3084868   3357       17.71
3084978   3357       21.76
3085009   3357       22.10
3085276   3357       22.27
3090485   3357       28.91
3156003   3357       21.76
3234299   3357       22.27
3245420   3357       22.24
3314884   3357       15.23
3315121   3357       21.76
3315781   3357       21.76
3317339   3357       28.74
3317520   3357       22.24
3318589   3357       32.58
3318694   3357       28.95
3318719   3357       17.71
3319659   3357       21.94
3320986   3357       22.24
3322128   3357       16.54
3322284   3357       22.10
3322381   3357       18.32
3324110   3357       22.21
3324403   3357       22.21
3329806   3357       17.12
3353242   3357       22.10
3457632   3357       15.36
3528540   3357       32.25
3533360   3357       31.29
3534582   3357       22.26
3535445   3357       21.94
3535676   3357       16.54
3535838   3357       16.45
3538837   3357       30.91
3539352   3357       16.54
3541739   3357       22.24
3541975   3357       15.23
3542004   3357       22.26
3542015   3357        8.79
3554092   3357       22.26
3593839   3357       22.10
3598528   3357       18.88
3710064   3357       22.10
3759377   3357       17.03
3784066   3357       30.25
3784441   3357       29.28
3785251   3357       22.24
3792247   3357       22.24
3830110   3357       16.90
3855157   3357       15.23
3855577   3357       22.24
3856978   3357       16.45
3857004   3357       22.10
3857220   3357       22.24
3857667   3357       16.45
3857878   3357       17.12
3858323   3357       22.24
3858856   3357       22.26
3859230   3357       30.91
3864991   3357       22.21
3875055   3357       22.24
3877925   3357       22.26
3878006   3357       22.10
3963688   3357       27.24
3964337   3357       16.18
3965704   3357       21.76
3969513   3357       32.51
4001934   3357       31.62
4064149   3357       26.33
4065177   3357       21.94
4065584   3357       22.24
4065648   3357       33.38
4066245   3357       17.03
4067118   3357       22.24
4067735   3357       22.10
4067795   3357       17.12
4068788   3357       28.53
4071074   3357       22.21
4071241   3357       15.23
4107436   3357       22.10
4191539   3357       22.10
4193094   3357       22.26
4194671   3357       34.29
4195654   3357       16.45
4199927   3357       15.36
4200911   3357       22.10
4238916   3357       15.23
430240    3357       21.76
4317775   3357       22.26
4373204   3357       22.26
4373479   3357       28.53
4375498   3357       16.52
4375998   3357       15.59
4376813   3357       22.66
4377201   3357       16.56
437803    3357       22.24
4378140   3357       28.61
4378236   3357       16.45
4378283   3357       22.24
4378759   3357       22.26
4379154   3357       15.21
4381341   3357       21.94
4381614   3357       21.76
4382400   3357       22.24
4383023   3357       22.26
4383200   3357       17.29
4385047   3357       16.45
4386936   3357       22.10
4387777   3357       22.10
439023    3357       15.55
4409485   3357       22.26
4409788   3357       21.76
4409789   3357       21.76
4414417   3357       30.42
4414541   3357       17.15
4414909   3357       17.12
4415675   3357       21.76
443869    3357       22.24
4609506   3357       29.28
4610129   3357       21.76
4720170   3357       21.76
4720923   3357       22.24
4721016   3357       21.76
4721639   3357       21.76
4722680   3357       16.33
4722814   3357        8.21
4723168   3357       17.03
4723276   3357       22.10
4723403   3357       18.19
4724433   3357       16.54
4725919   3357       22.26
4727740   3357       22.10
4728331   3357       16.45
4729448   3357       15.23
4729575   3357       15.59
4730168   3357       22.26
4730490   3357       21.94
4730823   3357       31.54
4731322   3357       22.26
4731494   3357       22.26
4732090   3357       28.61
4732618   3357       21.94
4734527   3357       21.94
4735505   3357       21.76
4738424   3357       22.24
4739546   3357       22.24
4739796   3357       22.26
4754833   3357       22.26
4803744   3357       22.26
4827213   3357       27.49
4853128   3357       15.57
4882144   3357       15.48
5017295   3357       22.10
5022967   3357       16.45
5237805   3357       22.24
5238236   3357       17.03
5239261   3357       22.21
5240821   3357       22.10
5242545   3357       16.52
5244302   3357       21.94
5244483   3357       22.10
5244484   3357       22.26
5244765   3357       30.17
5245261   3357       22.26
5248926   3357       32.48
5248954   3357       22.10
5249259   3357       22.24
5249817   3357       22.26
5250965   3357       17.71
5251153   3357       22.24
5251214   3357       22.26
5252606   3357       22.26
5253930   3357       15.23
5254613   3357       30.83
5254952   3357       21.76
5255567   3357       22.24
5255641   3357       22.26
5257069   3357       32.38
5257175   3357       16.54
5257421   3357       22.27
5259121   3357       16.45
5259785   3357       21.94
5261116   3357       21.94
5261139   3357       22.24
5261250   3357       19.35
5261418   3357       31.39
5261643   3357       21.76
5263470   3357       16.56
5344986   3357       21.76
5435450   3357       21.94
5436619   3357       22.26
5436795   3357       15.23
5438690   3357       21.76
5439865   3357       22.27
5458236   3357       21.94
5461455   3357       16.54
5658043   3357       22.24
5688352   3357       22.24
5765952   3357       22.24
5779173   3357       22.24
5915261   3357       22.24
5921800   3357       21.76
5923624   3357       22.26
5925143   3357       22.26
5925949   3357       15.23
5935536   3357       22.26
5938630   3357       22.24
5938995   3357       22.24
6044716   3357       22.24
6125595   3357       21.76
6127630   3357       32.25
6238388   3357       22.21
6394853   3357       25.02
64800     3357       22.27
6537141   3357       17.03
6573443   3357       32.25
6573855   3357       22.27
6573893   3357       21.94
6575243   3357       22.10
6584406   3357       21.94
6634354   3357       22.24
6689708   3357       22.24
6690236   3357       22.24
6701344   3357       22.24
673822    3357       21.94
6841910   3357       21.76
7076647   3357       22.24
7211860   3357       22.26
7240399   3357       22.24
7300376   3357       21.76
7301470   3357       16.45
7305494   3357       16.45
7305781   3357       21.76
7308623   3357       32.92
7309317   3357       21.76
7309375   3357       22.10
7310425   3357       22.27
7310959   3357       22.24
7311233   3357       31.58
7311255   3357       21.76
7312149   3357       22.24
7313189   3357       21.76
7314050   3357       21.76
7314987   3357       22.27
7315048   3357       22.26
7315058   3357       22.24
7315331   3357       22.24
7316059   3357       22.27
7316139   3357       22.26
7316607   3357       22.21
7316959   3357       22.26
7317744   3357       21.76
7318041   3357       22.24
7319649   3357       22.26
7321787   3357       22.10
7322304   3357       22.10
7322780   3357       21.94
7322794   3357       28.04
7324725   3357       18.32
7325664   3357       15.36
7325721   3357       15.96
7325722   3357       31.91
7325778   3357       15.53
7328421   3357       21.76
7331943   3357       22.10
7332202   3357       21.76
7332734   3357       16.54
7333145   3357       22.26
7335642   3357       22.24
7337422   3357       26.54
7338055   3357       22.27
7340200   3357       22.10
7340742   3357       16.54
7340989   3357       21.76
7342107   3357       22.10
7342680   3357       22.24
7343605   3357       21.76
7344290   3357       22.10
7344465   3357       22.10
7347856   3357       22.24
7348137   3357       21.76
7348986   3357       22.24
7349428   3357       22.21
7349843   3357       21.76
7350162   3357       33.02
7350273   3357       22.10
7351297   3357       26.83
7352317   3357       22.10
7353364   3357       21.76
7353377   3357       22.24
7354064   3357       21.76
7354848   3357       15.53
7355837   3357       38.81
7355928   3357       21.94
7359478   3357       22.26
7360346   3357       21.94
7360517   3357       22.24
7363171   3357       25.61
7363652   3357       22.24
7365166   3357       22.87
7365545   3357       22.10
7367276   3357       21.76
7368710   3357       21.76
7369018   3357       22.24
7371154   3357       22.24
7372156   3357       21.76
7372973   3357        6.71
7373089   3357       21.94
7373215   3357       22.27
7374243   3357       21.94
7374616   3357       22.24
7377030   3357       21.94
7379256   3357       22.10
7380616   3357       21.76
7381553   3357       22.24
7382148   3357       31.62
7382532   3357       21.76
7384964   3357       22.24
7387544   3357       22.24
7388038   3357       21.76
7388080   3357       22.24
7388125   3357       22.26
7388199   3357       21.94
7391472   3357       22.10
7392153   3357       22.26
7393061   3357       22.10
7393144   3357       21.76
7395742   3357       15.23
7396051   3357       22.24
7398038   3357       15.57
7400031   3357       22.24
7401094   3357       22.24
7401380   3357       22.24
7401853   3357       21.76
7403123   3357       21.76
7403188   3357       22.10
7403563   3357       22.10
7406353   3357       22.24
7409730   3357       22.10
7410177   3357       22.21
7412535   3357       22.26
7412738   3357       21.94
7415285   3357       22.21
7415448   3357       22.24
7416870   3357       21.76
7417289   3357       21.76
7417791   3357       22.24
7418898   3357       21.76
7418939   3357       21.76
7419340   3357       22.10
7419740   3357       21.76
7419800   3357       22.24
7419866   3357       22.10
7420316   3357       22.24
7420429   3357       22.26
7423108   3357       22.26
7423415   3357       22.24
7423444   3357       22.24
7425063   3357       21.76
7425430   3357       22.24
7425900   3357       22.10
7426046   3357       22.24
7427359   3357       21.76
7427520   3357       22.24
7432253   3357       22.26
7435158   3357       21.76
7436077   3357       22.10
7437806   3357       21.76
7437808   3357       21.76
7438450   3357       22.24
7439597   3357       22.27
7439629   3357       22.24
7440809   3357       15.23
7442445   3357       22.24
7444497   3357       21.76
7444651   3357       22.26
7444842   3357       22.24
7444889   3357       22.27
7445661   3357       21.94
7446382   3357       22.26
7447067   3357       22.24
7447334   3357       22.27
7447992   3357       21.76
7449457   3357       21.94
7455429   3357       22.24
7455588   3357       22.24
7465820   3357       22.24
7466779   3357       28.87
7502836   3357       22.26
7548386   3357       21.94
7548420   3357       22.10
770342    3357       22.24
7917981   3357       22.24
7981510   3357       22.26
7982728   3357       21.76
7983170   3357       21.76
7985605   3357        8.21
7988969   3357       22.24
8054279   3357       22.66
8064487   3357       24.69
8068577   3357       15.57
8140450   3357       15.36
8594315   3357       22.24
8718789   3357       22.24
8734286   3357       22.26
9066082   3357       21.94
9100619   3357       22.24
9211039   3357       22.10
9261804   3357       22.26
9317884   3357       22.26
9433060   3357       22.24
9540404   3357       22.26
9540845   3357       22.27
9542018   3357       22.26
9542237   3357       22.10
9543530   3357       22.26
9544345   3357       21.94
9544429   3357       22.26
9544827   3357       22.26
9545198   3357       21.94
9545952   3357       37.52
9547148   3357       22.10
9551389   3357       22.24
9552709   3357       21.76
9553047   3357       22.10
9553149   3357       21.76
9555077   3357       22.27
9555609   3357       21.76
9555641   3357       22.24
9557148   3357       22.27
9557803   3357       21.94
9557875   3357       21.76
9557894   3357       21.76
9558628   3357       21.94
9560453   3357       21.76
9570736   3357       22.24
9601343   3357       22.24
9603154   3357       21.94
9603683   3357       22.24
9603870   3357       15.23
9604166   3357       22.10
9604592   3357       22.21
9607091   3357       22.10
9609337   3357       21.76
9609338   3357       22.24
9612117   3357       22.26
9612530   3357       22.24
9614364   3357       22.10
9615964   3357       22.24
9617493   3357       22.10
9620242   3357       22.26
9620248   3357       22.27
9620376   3357       22.24
9620599   3357       22.26
9620701   3357       22.10
9620720   3357       22.10
9621777   3357       21.76
9622347   3357       22.24
9624596   3357       21.76
9626082   3357       22.24
9626215   3357       22.10
9627150   3357       22.26
9627724   3357       21.76
9629963   3357       22.26
9631462   3357       22.26
9636806   3357       21.76
9638320   3357       22.24
9639201   3357       22.10
9845319   3357       21.94
9846320   3357       22.26
9848693   3357       22.10
9851993   3357       22.24
