10107724  0357       31.46
10120357  0357       38.50
10121866  0357       68.72
10125466  0357       20.96
10126656  0357       25.67
10141786  0357       27.49
10312414  0357       23.99
10373550  0357       51.34
10639752  0357       20.96
10726693  0357       25.67
10760806  0357       20.96
10764554  0357       27.49
10770124  0357       25.67
10772668  0357       20.96
10774121  0357       27.49
10775520  0357       47.98
10776516  0357       31.46
10776915  0357       20.96
10777482  0357       20.96
10777645  0357       38.50
10778464  0357       20.96
10779723  0357       25.67
10820078  0357       27.49
10841061  0357       22.43
10841823  0357       31.46
10842205  0357       25.67
10843324  0357       64.17
10844575  0357       62.92
10844947  0357       25.67
10845717  0357       20.96
10845943  0357       25.67
10846532  0357       27.49
10846629  0357       25.67
10847648  0357       20.96
10848158  0357       29.40
10849906  0357       25.67
10849907  0357       27.49
10860593  0357       25.67
10903693  0357       20.96
10959957  0357       25.67
10960021  0357       25.67
10963442  0357       27.49
10963957  0357       27.49
10964062  0357       51.34
1108218   0357       24.02
1112379   0357       25.70
1115136   0357       25.70
11163187  0357       20.96
11177533  0357       20.96
11260715  0357       25.67
11261772  0357       31.46
11262378  0357       25.67
11263756  0357       20.96
11264041  0357       33.64
11264550  0357       23.99
11265527  0357       27.49
11266390  0357       51.34
11267811  0357       47.98
11267932  0357       41.92
11268437  0357       31.46
11269196  0357       29.40
1129535   0357       27.52
11414487  0357       27.49
11425214  0357       25.67
11426462  0357       23.99
11428034  0357       23.99
11429539  0357       51.34
11429792  0357       20.96
11429991  0357       38.50
11430700  0357       25.67
11433167  0357       25.67
11433865  0357       51.34
11434350  0357       25.67
11546168  0357       23.99
11580362  0357       27.49
11584952  0357       25.67
11594236  0357       31.46
11594524  0357       20.96
11596252  0357       25.67
11597667  0357       25.67
11598121  0357       22.43
11598207  0357       20.96
11598956  0357       22.43
11633896  0357       22.43
11651035  0357       25.67
11652405  0357       25.67
11653864  0357       25.67
11694358  0357       20.96
11695394  0357       41.92
11749469  0357       25.67
11783201  0357       27.49
11784637  0357       20.96
11786325  0357       31.46
11786432  0357       24.00
11787653  0357       51.34
11787807  0357       25.67
11788587  0357       54.98
11788630  0357       27.49
11790273  0357       25.67
11790818  0357       38.50
11791177  0357       25.67
11792127  0357       25.67
11792506  0357       20.96
11792846  0357       25.67
118087    0357       11.80
11879419  0357       27.49
11879750  0357       27.49
11881224  0357       31.46
11881668  0357       52.40
11881669  0357       20.96
11882080  0357       23.99
11882720  0357       31.46
11883300  0357       51.34
11949766  0357       31.46
12011761  0357       62.92
12018571  0357       35.98
12018729  0357       20.96
12019816  0357       23.99
12020535  0357       29.40
12021559  0357       27.49
12022428  0357       27.49
12023306  0357       29.40
12023981  0357       38.50
12024178  0357       25.67
12024179  0357       25.67
12025294  0357       38.50
12025488  0357       20.96
12025491  0357       20.96
12026565  0357       25.67
12027260  0357       25.67
12027527  0357       20.96
12027928  0357       20.96
12027973  0357       54.98
1218058   0357       29.25
12241212  0357       31.44
12243077  0357       20.96
12244707  0357       20.96
12247738  0357       38.50
12248400  0357       52.40
12248755  0357       27.49
12248784  0357       44.86
12248960  0357       25.67
12279667  0357       25.67
12314254  0357       73.50
1232375   0357       18.44
12370670  0357       29.40
1239070   0357       24.02
12434895  0357       22.43
12435757  0357       31.44
12435759  0357       38.50
12527456  0357       23.99
12534356  0357       25.67
12536172  0357       25.67
12536549  0357       29.40
1254062   0357       22.46
1257983   0357       27.52
1258658   0357       25.70
1259324   0357       22.46
1260432   0357       25.70
1261562   0357       22.46
1262953   0357       25.70
1263302   0357       20.99
1263303   0357       25.70
1263991   0357       19.27
1265436   0357       25.70
1266723   0357       16.79
1269356   0357       55.03
12698409  0357       20.96
12698965  0357       20.96
12700553  0357       23.99
12701301  0357       20.96
12702273  0357       23.99
12704473  0357       22.43
12704482  0357       54.98
12704649  0357       25.67
12704927  0357       25.67
12705860  0357       25.67
12706171  0357       25.67
12706774  0357       54.98
12707136  0357       25.67
1272390   0357       22.46
1273369   0357       25.70
1277938   0357       22.46
1278407   0357       25.70
12848719  0357       25.67
12849330  0357       29.40
12851330  0357       25.67
12852888  0357       25.67
12878256  0357       25.67
12884972  0357       25.67
12934142  0357       23.99
12934525  0357       20.96
12935305  0357       25.67
12935606  0357       25.67
13032033  0357       25.67
13034237  0357       25.67
13035222  0357       31.46
13084488  0357       22.43
13084886  0357       23.99
13180551  0357       25.67
1318484   0357       24.02
13187816  0357       33.64
13188137  0357       22.43
13188604  0357       33.64
13264411  0357       25.67
13265462  0357       20.96
13265946  0357       38.50
13266369  0357       25.67
13268000  0357       41.92
13268185  0357       41.92
13268457  0357       23.99
13346269  0357       52.40
13408041  0357       22.43
13510172  0357       22.43
13510180  0357       20.96
13527636  0357       27.49
13566631  0357       31.46
13643981  0357       41.92
13643982  0357       31.44
13644051  0357       25.67
13644555  0357       52.40
13644665  0357       25.67
13644680  0357       68.72
13652653  0357       20.96
13674854  0357       27.49
13678857  0357       20.96
13774187  0357       20.96
13774684  0357       25.67
13775452  0357       20.96
13775808  0357       20.96
13777181  0357       31.44
13785046  0357       20.96
13785661  0357       25.67
13785997  0357       23.99
13786181  0357       25.67
13787208  0357       25.67
13787741  0357       20.96
13842354  0357       25.67
13843775  0357       25.67
13856268  0357       25.67
13868652  0357       25.67
13880177  0357       20.96
13905892  0357       20.96
13986119  0357       25.67
13990906  0357       41.23
14003086  0357       23.99
14030527  0357       20.96
14031045  0357       25.67
1404429   0357       31.49
14093727  0357       38.50
14094806  0357       27.49
14143188  0357       23.99
14159223  0357       41.92
14270811  0357       52.40
1431183   0357       25.70
14335445  0357       23.99
1433726   0357       25.70
14372299  0357       27.49
14372818  0357       64.81
14376347  0357       25.67
14398946  0357       25.67
14399267  0357       33.64
14405196  0357       25.67
14513487  0357       20.96
14590375  0357       22.43
14607589  0357       33.64
14649126  0357       20.96
14825867  0357       25.67
14877805  0357       27.49
14877859  0357       29.40
14879704  0357       31.44
14880827  0357       27.49
15170350  0357       22.43
15177340  0357       27.49
15177867  0357       41.92
15306151  0357       59.97
15306996  0357       23.99
15352095  0357       25.67
15444811  0357       27.49
15448608  0357       25.67
15597541  0357       20.96
15598043  0357       20.96
15598319  0357       25.67
15598933  0357       20.96
15599928  0357       33.64
15668851  0357       22.43
15729233  0357       38.50
15729536  0357       56.07
15827139  0357       27.49
15959808  0357       20.96
16001576  0357       20.96
16137706  0357       23.99
16138119  0357       38.50
1631390   0357       25.20
16324090  0357       25.67
16594051  0357       22.43
16641426  0357       23.99
16736267  0357       25.67
17011869  0357       51.34
17012587  0357       64.17
17019549  0357       25.67
17033256  0357       20.96
17104175  0357       25.67
17306742  0357       20.96
1737075   0357       24.02
17379215  0357       33.64
17504786  0357       22.43
17572385  0357       51.34
17626132  0357       44.86
1763812   0357       25.70
1764349   0357       20.99
1765295   0357       21.99
1769938   0357       24.02
1778800   0357       17.97
17965237  0357       38.50
18058393  0357       20.96
18263579  0357       38.50
18263756  0357       25.67
1834693   0357       16.79
18471327  0357       25.67
1854577   0357       25.70
18656459  0357       38.50
18785684  0357       20.96
18950730  0357       20.96
1906129   0357       25.70
19166206  0357       52.40
19262723  0357       25.67
1926999   0357       27.52
19827450  0357       20.96
19850185  0357       52.40
19973112  0357       25.67
20187870  0357       44.86
20189202  0357       29.40
20235584  0357       44.86
2030572   0357       24.02
2033664   0357       31.49
20348834  0357       31.44
20351464  0357       51.34
2130876   0357       20.99
2157417   0357       78.72
2186056   0357       24.02
2189077   0357       15.72
2196831   0357       22.46
2198274   0357       27.52
2198799   0357       24.02
2199826   0357       22.46
2272067   0357       20.99
23156662  0357       29.96
2376223   0357       31.49
2380275   0357       27.52
2384661   0357       25.70
2529886   0357       25.70
2532585   0357       20.99
2533320   0357       27.20
2533977   0357       24.14
2534786   0357       20.56
2535843   0357       27.52
2536373   0357       27.52
2536795   0357       28.53
2538821   0357       24.02
2539425   0357       25.70
2539607   0357       27.52
2539943   0357       20.99
2541142   0357       25.70
2541439   0357       31.49
2541709   0357       27.26
2543654   0357       25.70
2543932   0357       22.46
2592064   0357       27.51
2592966   0357       27.52
2593377   0357       28.96
2593686   0357       24.02
2596405   0357       25.39
2597854   0357       25.39
2598033   0357       21.84
2598872   0357       23.29
2601437   0357       25.70
2603046   0357       22.61
2605117   0357       31.16
2605164   0357       22.62
2605539   0357       20.55
2605823   0357       16.78
2607322   0357       36.83
2608233   0357       33.76
2608304   0357       25.55
2608554   0357       25.39
2684589   0357       25.70
2741170   0357       27.64
2854705   0357       24.02
2870837   0357       22.17
2910376   0357       20.99
2910432   0357       24.02
2911765   0357       24.02
2912407   0357       20.99
2912692   0357       31.49
2913757   0357       23.99
2913809   0357       20.99
2914272   0357       27.00
2915293   0357       20.99
2915714   0357       25.70
2915780   0357       21.85
2916102   0357       20.56
2916362   0357       23.39
2916467   0357       22.46
2916786   0357       24.02
2918280   0357       64.24
2919212   0357       25.70
2992913   0357       20.99
3035349   0357       25.70
3039370   0357       30.22
3080057   0357       47.23
3080311   0357       25.70
3080984   0357       25.67
3081351   0357       25.70
3082505   0357       26.34
3083006   0357       25.70
3083065   0357       20.99
3083457   0357       19.08
3083843   0357       22.46
3084868   0357       27.07
3084978   0357       25.37
3085009   0357       29.45
3085276   0357       29.43
3090485   0357       33.37
3156003   0357       20.99
3234299   0357       29.43
3245420   0357       25.70
3314884   0357       20.88
3315121   0357       20.99
3315781   0357       20.99
3317339   0357       31.19
3317520   0357       29.96
3318589   0357       44.20
3318694   0357       38.22
3318719   0357       27.07
3319659   0357       22.46
3320986   0357       25.70
3322128   0357       25.39
3322284   0357       24.02
3322381   0357       25.83
3324110   0357       39.67
3324403   0357       31.49
3329806   0357       22.61
3353242   0357       24.02
3457632   0357       17.95
3528540   0357       37.22
3533360   0357       41.31
3534582   0357       33.51
3535445   0357       25.05
3535676   0357       25.10
3535838   0357       23.72
3538837   0357       35.68
3539352   0357       25.53
3541739   0357       31.29
3541975   0357       16.78
3542004   0357       27.49
3542015   0357       27.61
3554092   0357       27.52
3593839   0357       29.04
3598528   0357       24.92
3710064   0357       23.99
3759377   0357       21.13
3784066   0357       29.14
3784441   0357       36.15
3785251   0357       31.51
3792247   0357       29.25
3830110   0357       19.75
3855157   0357       16.78
3855577   0357       25.70
3856978   0357       20.41
3857004   0357       29.45
3857220   0357       31.73
3857667   0357       20.41
3857878   0357       24.19
3858323   0357       63.45
3858856   0357       27.49
3859230   0357       53.51
3864991   0357       38.61
3875055   0357       25.67
3877925   0357       54.98
3878006   0357       23.99
3963688   0357       39.97
3964337   0357       17.83
3965704   0357       25.55
3969513   0357       31.55
4001934   0357       39.04
4064149   0357       32.34
4065177   0357       22.46
4065584   0357       25.67
4065648   0357       36.23
4066245   0357       24.58
4067118   0357       32.16
4067735   0357       23.99
4067795   0357       25.39
4068788   0357       29.15
4071074   0357       31.46
4071241   0357       20.72
4107436   0357       23.99
4191539   0357       31.19
4193094   0357       84.92
4194671   0357       34.91
4195654   0357       23.72
4199927   0357       17.96
4200911   0357       24.02
4238916   0357       19.21
430240    0357       20.99
4317775   0357       27.49
4373204   0357       27.49
4373479   0357       29.15
4375498   0357       26.74
4375998   0357       25.14
4376813   0357       24.00
4377201   0357       23.36
437803    0357       25.70
4378140   0357       27.56
4378236   0357       23.72
4378283   0357       31.51
4378759   0357       27.49
4379154   0357       19.21
4381341   0357       27.53
4381614   0357       20.96
4382400   0357       46.94
4383023   0357       27.49
4383200   0357       19.75
4385047   0357       21.84
4386936   0357       23.99
4387777   0357       59.97
439023    0357       25.20
4409485   0357       27.49
4409788   0357       23.64
4409789   0357       41.92
4414417   0357       36.58
4414541   0357       28.14
4414909   0357       22.62
4415675   0357       25.37
443869    0357       25.70
4609506   0357       36.15
4610129   0357       23.29
4720170   0357       31.44
4720923   0357       25.67
4721016   0357       20.96
4721639   0357       20.99
4722680   0357       19.08
4722814   0357       25.56
4723168   0357       21.13
4723276   0357       23.99
4723403   0357       22.61
4724433   0357       21.84
4725919   0357       54.98
4727740   0357       23.99
4728331   0357       23.72
4729448   0357       18.39
4729575   0357       30.98
4730168   0357       27.49
4730490   0357       27.34
4730823   0357       44.67
4731322   0357       27.49
4731494   0357       33.27
4732090   0357       27.56
4732618   0357       22.43
4734527   0357       22.43
4735505   0357       20.99
4738424   0357       25.70
4739546   0357       35.30
4739796   0357       27.49
4754833   0357       35.74
4803744   0357       27.49
4827213   0357       32.98
4853128   0357       27.85
4882144   0357       19.22
5017295   0357       23.99
5022967   0357       23.36
5237805   0357       25.67
5238236   0357       21.13
5239261   0357       38.35
5240821   0357       29.45
5242545   0357       31.10
5244302   0357       22.46
5244483   0357       23.99
5244484   0357       33.27
5244765   0357       30.84
5245261   0357       27.49
5248926   0357       33.19
5248954   0357       29.04
5249259   0357       25.67
5249817   0357       27.49
5250965   0357       26.92
5251153   0357       31.51
5251214   0357       33.51
5252606   0357       54.98
5253930   0357       19.44
5254613   0357       29.64
5254952   0357       25.90
5255567   0357       25.67
5255641   0357       27.49
5257069   0357       32.83
5257175   0357       25.39
5257421   0357       29.40
5259121   0357       20.41
5259785   0357       27.15
5261116   0357       22.43
5261139   0357       25.67
5261250   0357       28.12
5261418   0357       34.07
5261643   0357       20.96
5263470   0357       29.06
5344986   0357       20.96
5435450   0357       22.43
5436619   0357       27.49
5436795   0357       20.65
5438690   0357       20.96
5439865   0357       73.50
5458236   0357       22.43
5461455   0357       25.39
5658043   0357       25.67
5688352   0357       25.67
5765952   0357       25.67
5779173   0357       25.67
5915261   0357       25.70
5921800   0357       20.96
5923624   0357       27.49
5925143   0357       27.49
5925949   0357       16.79
5935536   0357       68.72
5938630   0357       25.67
5938995   0357       25.67
6044716   0357       38.50
6125595   0357       52.40
6127630   0357       37.22
6238388   0357       31.46
6394853   0357       22.74
64800     0357       29.43
6537141   0357       21.13
6573443   0357       43.82
6573855   0357       29.40
6573893   0357       22.43
6575243   0357       23.99
6584406   0357       73.53
6634354   0357       25.67
6689708   0357       25.67
6690236   0357       25.67
6701344   0357       25.67
673822    0357       22.46
6841910   0357       20.96
7076647   0357       25.67
7211860   0357       27.49
7240399   0357       25.67
7300376   0357       20.96
7301470   0357       20.41
7305494   0357       25.39
7305781   0357       25.55
7308623   0357       37.99
7309317   0357       20.96
7309375   0357       23.99
7310425   0357       29.40
7310959   0357       31.51
7311233   0357       36.45
7311255   0357       20.96
7312149   0357       25.67
7313189   0357       25.55
7314050   0357       20.96
7314987   0357       29.40
7315048   0357       27.49
7315058   0357       64.17
7315331   0357       25.67
7316059   0357       29.40
7316139   0357       27.49
7316607   0357       31.49
7316959   0357       66.55
7317744   0357       41.97
7318041   0357       31.29
7319649   0357       54.98
7321787   0357       23.99
7322304   0357       23.99
7322780   0357       22.43
7322794   0357       28.19
7324725   0357       25.83
7325664   0357       17.96
7325721   0357       25.39
7325722   0357       36.83
7325778   0357       16.80
7328421   0357       20.96
7331943   0357       23.99
7332202   0357       20.96
7332734   0357       38.08
7333145   0357       27.49
7335642   0357       25.67
7337422   0357       28.62
7338055   0357       29.40
7340200   0357       24.02
7340742   0357       25.39
7340989   0357       20.96
7342107   0357       23.99
7342680   0357       25.70
7343605   0357       20.96
7344290   0357       23.99
7344465   0357       47.98
7347856   0357       31.73
7348137   0357       20.96
7348986   0357       25.67
7349428   0357       78.65
7349843   0357       20.96
7350162   0357       32.75
7350273   0357       23.99
7351297   0357       22.11
7352317   0357       23.99
7353364   0357       41.92
7353377   0357       25.67
7354064   0357       20.96
7354848   0357       16.80
7355837   0357       86.13
7355928   0357       27.34
7359478   0357       27.49
7360346   0357       22.43
7360517   0357       25.67
7363171   0357       25.31
7363652   0357       25.67
7365166   0357       25.67
7365545   0357       23.99
7367276   0357       20.96
7368710   0357       41.92
7369018   0357       25.67
7371154   0357       25.67
7372156   0357       20.96
7372973   0357       21.18
7373089   0357       22.43
7373215   0357       29.40
7374243   0357       22.43
7374616   0357       31.51
7377030   0357       22.43
7379256   0357       47.98
7380616   0357       20.96
7381553   0357       25.67
7382148   0357       39.04
7382532   0357       20.96
7384964   0357       25.67
7387544   0357       51.34
7388038   0357       20.96
7388080   0357       25.67
7388125   0357       27.49
7388199   0357       33.64
7391472   0357       23.99
7392153   0357       68.72
7393061   0357       23.99
7393144   0357       41.92
7395742   0357       16.79
7396051   0357       38.50
7398038   0357       22.95
7400031   0357       25.67
7401094   0357       25.67
7401380   0357       25.67
7401853   0357       20.96
7403123   0357       20.96
7403188   0357       23.99
7403563   0357       23.99
7406353   0357       25.67
7409730   0357       23.99
7410177   0357       31.46
7412535   0357       27.49
7412738   0357       22.43
7415285   0357       31.46
7415448   0357       25.67
7416870   0357       20.96
7417289   0357       41.92
7417791   0357       51.34
7418898   0357       20.96
7418939   0357       20.96
7419340   0357       23.99
7419740   0357       20.96
7419800   0357       25.67
7419866   0357       59.97
7420316   0357       25.67
7420429   0357       27.49
7423108   0357       27.49
7423415   0357       25.67
7423444   0357       25.67
7425063   0357       20.96
7425430   0357       25.67
7425900   0357       23.99
7426046   0357       25.67
7427359   0357       20.96
7427520   0357       25.67
7432253   0357       27.49
7435158   0357       52.40
7436077   0357       47.98
7437806   0357       20.96
7437808   0357       20.96
7438450   0357       25.67
7439597   0357       58.80
7439629   0357       25.67
7440809   0357       16.78
7442445   0357       25.67
7444497   0357       31.44
7444651   0357       27.49
7444842   0357       25.67
7444889   0357       58.80
7445661   0357       22.43
7446382   0357       27.49
7447067   0357       64.17
7447334   0357       29.40
7447992   0357       20.96
7449457   0357       22.43
7455429   0357       25.67
7455588   0357       25.67
7465820   0357       64.17
7466779   0357       40.90
7502836   0357       33.52
7548386   0357       22.43
7548420   0357       23.99
770342    0357       25.70
7917981   0357       25.67
7981510   0357       27.49
7982728   0357       20.96
7983170   0357       20.96
7985605   0357       20.54
7988969   0357       25.67
8054279   0357       24.00
8064487   0357       54.16
8068577   0357       29.01
8140450   0357       22.86
8594315   0357       25.67
8718789   0357       51.34
8734286   0357       27.49
9066082   0357       27.15
9100619   0357       25.67
9211039   0357       23.99
9261804   0357       27.49
9317884   0357       54.98
9433060   0357       25.67
9540404   0357       27.49
9540845   0357       44.10
9542018   0357       27.49
9542237   0357       23.99
9543530   0357       37.80
9544345   0357       22.43
9544429   0357       27.49
9544827   0357       27.49
9545198   0357       27.34
9545952   0357       30.84
9547148   0357       23.99
9551389   0357       25.67
9552709   0357       20.96
9553047   0357       23.99
9553149   0357       20.96
9555077   0357       35.59
9555609   0357       20.96
9555641   0357       25.67
9557148   0357       58.80
9557803   0357       22.43
9557875   0357       20.96
9557894   0357       25.37
9558628   0357       22.43
9560453   0357       20.96
9570736   0357       25.67
9601343   0357       64.17
9603154   0357       22.43
9603683   0357       25.67
9603870   0357       16.78
9604166   0357       23.99
9604592   0357       47.19
9607091   0357       29.45
9609337   0357       20.96
9609338   0357       51.34
9612117   0357       27.49
9612530   0357       64.17
9614364   0357       47.98
9615964   0357       25.67
9617493   0357       47.98
9620242   0357       54.98
9620248   0357       58.80
9620376   0357       25.67
9620599   0357       27.49
9620701   0357       23.99
9620720   0357       23.99
9621777   0357       20.96
9622347   0357       25.67
9624596   0357       20.96
9626082   0357       25.67
9626215   0357       23.99
9627150   0357       68.72
9627724   0357       20.96
9629963   0357       27.49
9631462   0357       27.49
9636806   0357       20.96
9638320   0357       25.67
9639201   0357       23.99
9845319   0357       22.43
9846320   0357       27.49
9848693   0357       23.99
9851993   0357       25.67
10107724  3357       31.46
10120357  3357       25.67
10121866  3357       27.49
10125466  3357       20.96
10126656  3357       25.67
10141786  3357       27.49
10312414  3357       23.99
10373550  3357       25.67
10639752  3357       20.96
10726693  3357       25.67
10760806  3357       20.96
10764554  3357       27.49
10770124  3357       25.67
10772668  3357       20.96
10774121  3357       27.49
10775520  3357       23.99
10776516  3357       31.46
10776915  3357       20.96
10777482  3357       20.96
10777645  3357       25.67
10778464  3357       20.96
10779723  3357       25.67
10820078  3357       27.49
10841061  3357       22.43
10841823  3357       31.46
10842205  3357       25.67
10843324  3357       25.67
10844575  3357       31.46
10844947  3357       25.67
10845717  3357       20.96
10845943  3357       25.67
10846532  3357       27.49
10846629  3357       25.67
10847648  3357       20.96
10848158  3357       29.40
10849906  3357       25.67
10849907  3357       27.49
10860593  3357       25.67
10903693  3357       20.96
10959957  3357       25.67
10960021  3357       25.67
10963442  3357       27.49
10963957  3357       27.49
10964062  3357       25.67
1108218   3357       24.02
1112379   3357       25.70
1115136   3357       25.70
11163187  3357       20.96
11177533  3357       20.96
11260715  3357       25.67
11261772  3357       31.46
11262378  3357       25.67
11263756  3357       20.96
11264041  3357       22.43
11264550  3357       23.99
11265527  3357       27.49
11266390  3357       25.67
11267811  3357       23.99
11267932  3357       20.96
11268437  3357       31.46
11269196  3357       29.40
1129535   3357       27.52
11414487  3357       27.49
11425214  3357       25.67
11426462  3357       23.99
11428034  3357       23.99
11429539  3357       25.67
11429792  3357       20.96
11429991  3357       25.67
11430700  3357       25.67
11433167  3357       25.67
11433865  3357       25.67
11434350  3357       25.67
11546168  3357       23.99
11580362  3357       27.49
11584952  3357       25.67
11594236  3357       31.46
11594524  3357       20.96
11596252  3357       25.67
11597667  3357       25.67
11598121  3357       22.43
11598207  3357       20.96
11598956  3357       22.43
11633896  3357       22.43
11651035  3357       25.67
11652405  3357       25.67
11653864  3357       25.67
11694358  3357       20.96
11695394  3357       20.96
11749469  3357       25.67
11783201  3357       27.49
11784637  3357       20.96
11786325  3357       31.46
11786432  3357       24.00
11787653  3357       25.67
11787807  3357       25.67
11788587  3357       27.49
11788630  3357       27.49
11790273  3357       25.67
11790818  3357       25.67
11791177  3357       25.67
11792127  3357       25.67
11792506  3357       20.96
11792846  3357       25.67
118087    3357       11.80
11879419  3357       27.49
11879750  3357       27.49
11881224  3357       31.46
11881668  3357       20.96
11881669  3357       20.96
11882080  3357       23.99
11882720  3357       31.46
11883300  3357       25.67
11949766  3357       31.46
12011761  3357       31.46
12018571  3357       23.99
12018729  3357       20.96
12019816  3357       23.99
12020535  3357       29.40
12021559  3357       27.49
12022428  3357       27.49
12023306  3357       29.40
12023981  3357       25.67
12024178  3357       25.67
12024179  3357       25.67
12025294  3357       25.67
12025488  3357       20.96
12025491  3357       20.96
12026565  3357       25.67
12027260  3357       25.67
12027527  3357       20.96
12027928  3357       20.96
12027973  3357       27.49
1218058   3357       29.25
12241212  3357       20.96
12243077  3357       20.96
12244707  3357       20.96
12247738  3357       25.67
12248400  3357       20.96
12248755  3357       27.49
12248784  3357       22.43
12248960  3357       25.67
12279667  3357       25.67
12314254  3357       29.40
1232375   3357       18.44
12370670  3357       29.40
1239070   3357       24.02
12434895  3357       22.43
12435757  3357       20.96
12435759  3357       25.67
12527456  3357       23.99
12534356  3357       25.67
12536172  3357       25.67
12536549  3357       29.40
1254062   3357       22.46
1257983   3357       27.52
1258658   3357       25.70
1259324   3357       22.46
1260432   3357       25.70
1261562   3357       22.46
1262953   3357       25.70
1263302   3357       20.99
1263303   3357       25.70
1263991   3357       19.27
1265436   3357       25.70
1266723   3357       16.79
1269356   3357       27.52
12698409  3357       20.96
12698965  3357       20.96
12700553  3357       23.99
12701301  3357       20.96
12702273  3357       23.99
12704473  3357       22.43
12704482  3357       27.49
12704649  3357       25.67
12704927  3357       25.67
12705860  3357       25.67
12706171  3357       25.67
12706774  3357       27.49
12707136  3357       25.67
1272390   3357       22.46
1273369   3357       25.70
1277938   3357       22.46
1278407   3357       25.70
12848719  3357       25.67
12849330  3357       29.40
12851330  3357       25.67
12852888  3357       25.67
12878256  3357       25.67
12884972  3357       25.67
12934142  3357       23.99
12934525  3357       20.96
12935305  3357       25.67
12935606  3357       25.67
13032033  3357       25.67
13034237  3357       25.67
13035222  3357       31.46
13084488  3357       22.43
13084886  3357       23.99
13180551  3357       25.67
1318484   3357       24.02
13187816  3357       22.43
13188137  3357       22.43
13188604  3357       22.43
13264411  3357       25.67
13265462  3357       20.96
13265946  3357       25.67
13266369  3357       25.67
13268000  3357       20.96
13268185  3357       20.96
13268457  3357       23.99
13346269  3357       20.96
13408041  3357       22.43
13510172  3357       22.43
13510180  3357       20.96
13527636  3357       27.49
13566631  3357       31.46
13643981  3357       20.96
13643982  3357       20.96
13644051  3357       25.67
13644555  3357       20.96
13644665  3357       25.67
13644680  3357       27.49
13652653  3357       20.96
13674854  3357       27.49
13678857  3357       20.96
13774187  3357       20.96
13774684  3357       25.67
13775452  3357       20.96
13775808  3357       20.96
13777181  3357       20.96
13785046  3357       20.96
13785661  3357       25.67
13785997  3357       23.99
13786181  3357       25.67
13787208  3357       25.67
13787741  3357       20.96
13842354  3357       25.67
13843775  3357       25.67
13856268  3357       25.67
13868652  3357       25.67
13880177  3357       20.96
13905892  3357       20.96
13986119  3357       25.67
13990906  3357       27.49
14003086  3357       23.99
14030527  3357       20.96
14031045  3357       25.67
1404429   3357       31.49
14093727  3357       25.67
14094806  3357       27.49
14143188  3357       23.99
14159223  3357       20.96
14270811  3357       20.96
1431183   3357       25.70
14335445  3357       23.99
1433726   3357       25.70
14372299  3357       27.49
14372818  3357       25.93
14376347  3357       25.67
14398946  3357       25.67
14399267  3357       22.43
14405196  3357       25.67
14513487  3357       20.96
14590375  3357       22.43
14607589  3357       22.43
14649126  3357       20.96
14825867  3357       25.67
14877805  3357       27.49
14877859  3357       29.40
14879704  3357       20.96
14880827  3357       27.49
15170350  3357       22.43
15177340  3357       27.49
15177867  3357       20.96
15306151  3357       23.99
15306996  3357       23.99
15352095  3357       25.67
15444811  3357       27.49
15448608  3357       25.67
15597541  3357       20.96
15598043  3357       20.96
15598319  3357       25.67
15598933  3357       20.96
15599928  3357       22.43
15668851  3357       22.43
15729233  3357       25.67
15729536  3357       22.43
15827139  3357       27.49
15959808  3357       20.96
16001576  3357       20.96
16137706  3357       23.99
16138119  3357       25.67
1631390   3357       25.20
16324090  3357       25.67
16594051  3357       22.43
16641426  3357       23.99
16736267  3357       25.67
17011869  3357       25.67
17012587  3357       25.67
17019549  3357       25.67
17033256  3357       20.96
17104175  3357       25.67
17306742  3357       20.96
1737075   3357       24.02
17379215  3357       22.43
17504786  3357       22.43
17572385  3357       25.67
17626132  3357       22.43
1763812   3357       25.70
1764349   3357       20.99
1765295   3357       10.99
1769938   3357       24.02
1778800   3357       17.97
17965237  3357       25.67
18058393  3357       20.96
18263579  3357       25.67
18263756  3357       25.67
1834693   3357       16.79
18471327  3357       25.67
1854577   3357       25.70
18656459  3357       25.67
18785684  3357       20.96
18950730  3357       20.96
1906129   3357       25.70
19166206  3357       20.96
19262723  3357       25.67
1926999   3357       27.52
19827450  3357       20.96
19850185  3357       20.96
19973112  3357       25.67
20187870  3357       22.43
20189202  3357       29.40
20235584  3357       22.43
2030572   3357       24.02
2033664   3357       31.49
20348834  3357       20.96
20351464  3357       25.67
2130876   3357       20.99
2157417   3357       31.49
2186056   3357       24.02
2189077   3357       15.72
2196831   3357       22.46
2198274   3357       27.52
2198799   3357       24.02
2199826   3357       22.46
2272067   3357       20.99
23156662  3357       29.96
2376223   3357       31.49
2380275   3357       27.52
2384661   3357       25.70
2529886   3357       25.70
2532585   3357       20.99
2533320   3357       27.20
2533977   3357       24.14
2534786   3357       20.56
2535843   3357       27.52
2536373   3357       27.52
2536795   3357       28.53
2538821   3357       24.02
2539425   3357       25.70
2539607   3357       27.52
2539943   3357       20.99
2541142   3357       25.70
2541439   3357       31.49
2541709   3357       27.26
2543654   3357       25.70
2543932   3357       22.46
2592064   3357       27.51
2592966   3357       27.52
2593377   3357       28.96
2593686   3357       24.02
2596405   3357       25.39
2597854   3357       25.39
2598033   3357       21.84
2598872   3357       23.29
2601437   3357       25.70
2603046   3357       22.61
2605117   3357       31.16
2605164   3357       22.62
2605539   3357       20.55
2605823   3357       16.78
2607322   3357       36.83
2608233   3357       33.76
2608304   3357       25.55
2608554   3357       25.39
2684589   3357       25.70
2741170   3357       27.64
2854705   3357       24.02
2870837   3357       22.17
2910376   3357       20.99
2910432   3357       24.02
2911765   3357       24.02
2912407   3357       20.99
2912692   3357       31.49
2913757   3357       23.99
2913809   3357       20.99
2914272   3357       27.00
2915293   3357       20.99
2915714   3357       25.70
2915780   3357       21.85
2916102   3357       20.56
2916362   3357       23.39
2916467   3357       22.46
2916786   3357       24.02
2918280   3357       25.70
2919212   3357       25.70
2992913   3357       20.99
3035349   3357       25.70
3039370   3357       30.22
3080057   3357       31.49
3080311   3357       25.70
3080984   3357       25.67
3081351   3357       25.70
3082505   3357       26.34
3083006   3357       25.70
3083065   3357       20.99
3083457   3357       19.08
3083843   3357       22.46
3084868   3357       27.07
3084978   3357       25.37
3085009   3357       29.45
3085276   3357       29.43
3090485   3357       33.37
3156003   3357       20.99
3234299   3357       29.43
3245420   3357       25.70
3314884   3357       20.88
3315121   3357       20.99
3315781   3357       20.99
3317339   3357       31.19
3317520   3357       29.96
3318589   3357       44.20
3318694   3357       38.22
3318719   3357       27.07
3319659   3357       22.46
3320986   3357       25.70
3322128   3357       25.39
3322284   3357       24.02
3322381   3357       25.83
3324110   3357       39.67
3324403   3357       31.49
3329806   3357       22.61
3353242   3357       24.02
3457632   3357       17.95
3528540   3357       37.22
3533360   3357       41.31
3534582   3357       33.51
3535445   3357       25.05
3535676   3357       25.10
3535838   3357       23.72
3538837   3357       35.68
3539352   3357       25.53
3541739   3357       31.29
3541975   3357       16.78
3542004   3357       27.49
3542015   3357       27.61
3554092   3357       27.52
3593839   3357       29.04
3598528   3357       24.92
3710064   3357       23.99
3759377   3357       21.13
3784066   3357       29.14
3784441   3357       36.15
3785251   3357       31.51
3792247   3357       29.25
3830110   3357       19.75
3855157   3357       16.78
3855577   3357       25.70
3856978   3357       20.41
3857004   3357       29.45
3857220   3357       31.73
3857667   3357       20.41
3857878   3357       24.19
3858323   3357       31.73
3858856   3357       27.49
3859230   3357       35.68
3864991   3357       38.61
3875055   3357       25.67
3877925   3357       27.49
3878006   3357       23.99
3963688   3357       39.97
3964337   3357       17.83
3965704   3357       25.55
3969513   3357       31.55
4001934   3357       39.04
4064149   3357       32.34
4065177   3357       22.46
4065584   3357       25.67
4065648   3357       36.23
4066245   3357       24.58
4067118   3357       32.16
4067735   3357       23.99
4067795   3357       25.39
4068788   3357       29.15
4071074   3357       31.46
4071241   3357       20.72
4107436   3357       23.99
4191539   3357       31.19
4193094   3357       33.97
4194671   3357       34.91
4195654   3357       23.72
4199927   3357       17.96
4200911   3357       24.02
4238916   3357       19.21
430240    3357       20.99
4317775   3357       27.49
4373204   3357       27.49
4373479   3357       29.15
4375498   3357       26.74
4375998   3357       25.14
4376813   3357       24.00
4377201   3357       23.36
437803    3357       25.70
4378140   3357       27.56
4378236   3357       23.72
4378283   3357       31.51
4378759   3357       27.49
4379154   3357       19.21
4381341   3357       27.53
4381614   3357       20.96
4382400   3357       31.29
4383023   3357       27.49
4383200   3357       19.75
4385047   3357       21.84
4386936   3357       23.99
4387777   3357       23.99
439023    3357       25.20
4409485   3357       27.49
4409788   3357       23.64
4409789   3357       20.96
4414417   3357       36.58
4414541   3357       28.14
4414909   3357       22.62
4415675   3357       25.37
443869    3357       25.70
4609506   3357       36.15
4610129   3357       23.29
4720170   3357       20.96
4720923   3357       25.67
4721016   3357       20.96
4721639   3357       20.99
4722680   3357       19.08
4722814   3357       25.56
4723168   3357       21.13
4723276   3357       23.99
4723403   3357       22.61
4724433   3357       21.84
4725919   3357       27.49
4727740   3357       23.99
4728331   3357       23.72
4729448   3357       18.39
4729575   3357       30.98
4730168   3357       27.49
4730490   3357       27.34
4730823   3357       44.67
4731322   3357       27.49
4731494   3357       33.27
4732090   3357       27.56
4732618   3357       22.43
4734527   3357       22.43
4735505   3357       20.99
4738424   3357       25.70
4739546   3357       35.30
4739796   3357       27.49
4754833   3357       35.74
4803744   3357       27.49
4827213   3357       32.98
4853128   3357       27.85
4882144   3357       19.22
5017295   3357       23.99
5022967   3357       23.36
5237805   3357       25.67
5238236   3357       21.13
5239261   3357       38.35
5240821   3357       29.45
5242545   3357       31.10
5244302   3357       22.46
5244483   3357       23.99
5244484   3357       33.27
5244765   3357       30.84
5245261   3357       27.49
5248926   3357       33.19
5248954   3357       29.04
5249259   3357       25.67
5249817   3357       27.49
5250965   3357       26.92
5251153   3357       31.51
5251214   3357       33.51
5252606   3357       27.49
5253930   3357       19.44
5254613   3357       29.64
5254952   3357       25.90
5255567   3357       25.67
5255641   3357       27.49
5257069   3357       32.83
5257175   3357       25.39
5257421   3357       29.40
5259121   3357       20.41
5259785   3357       27.15
5261116   3357       22.43
5261139   3357       25.67
5261250   3357       28.12
5261418   3357       34.07
5261643   3357       20.96
5263470   3357       29.06
5344986   3357       20.96
5435450   3357       22.43
5436619   3357       27.49
5436795   3357       20.65
5438690   3357       20.96
5439865   3357       29.40
5458236   3357       22.43
5461455   3357       25.39
5658043   3357       25.67
5688352   3357       25.67
5765952   3357       25.67
5779173   3357       25.67
5915261   3357       25.70
5921800   3357       20.96
5923624   3357       27.49
5925143   3357       27.49
5925949   3357       16.79
5935536   3357       27.49
5938630   3357       25.67
5938995   3357       25.67
6044716   3357       25.67
6125595   3357       20.96
6127630   3357       37.22
6238388   3357       31.46
6394853   3357       22.74
64800     3357       29.43
6537141   3357       21.13
6573443   3357       43.82
6573855   3357       29.40
6573893   3357       22.43
6575243   3357       23.99
6584406   3357       29.41
6634354   3357       25.67
6689708   3357       25.67
6690236   3357       25.67
6701344   3357       25.67
673822    3357       22.46
6841910   3357       20.96
7076647   3357       25.67
7211860   3357       27.49
7240399   3357       25.67
7300376   3357       20.96
7301470   3357       20.41
7305494   3357       25.39
7305781   3357       25.55
7308623   3357       37.99
7309317   3357       20.96
7309375   3357       23.99
7310425   3357       29.40
7310959   3357       31.51
7311233   3357       36.45
7311255   3357       20.96
7312149   3357       25.67
7313189   3357       25.55
7314050   3357       20.96
7314987   3357       29.40
7315048   3357       27.49
7315058   3357       25.67
7315331   3357       25.67
7316059   3357       29.40
7316139   3357       27.49
7316607   3357       31.49
7316959   3357       33.27
7317744   3357       20.99
7318041   3357       31.29
7319649   3357       27.49
7321787   3357       23.99
7322304   3357       23.99
7322780   3357       22.43
7322794   3357       28.19
7324725   3357       25.83
7325664   3357       17.96
7325721   3357       25.39
7325722   3357       36.83
7325778   3357       16.80
7328421   3357       20.96
7331943   3357       23.99
7332202   3357       20.96
7332734   3357       25.39
7333145   3357       27.49
7335642   3357       25.67
7337422   3357       28.62
7338055   3357       29.40
7340200   3357       24.02
7340742   3357       25.39
7340989   3357       20.96
7342107   3357       23.99
7342680   3357       25.70
7343605   3357       20.96
7344290   3357       23.99
7344465   3357       23.99
7347856   3357       31.73
7348137   3357       20.96
7348986   3357       25.67
7349428   3357       31.46
7349843   3357       20.96
7350162   3357       32.75
7350273   3357       23.99
7351297   3357       22.11
7352317   3357       23.99
7353364   3357       20.96
7353377   3357       25.67
7354064   3357       20.96
7354848   3357       16.80
7355837   3357       34.45
7355928   3357       27.34
7359478   3357       27.49
7360346   3357       22.43
7360517   3357       25.67
7363171   3357       25.31
7363652   3357       25.67
7365166   3357       25.67
7365545   3357       23.99
7367276   3357       20.96
7368710   3357       20.96
7369018   3357       25.67
7371154   3357       25.67
7372156   3357       20.96
7372973   3357       21.18
7373089   3357       22.43
7373215   3357       29.40
7374243   3357       22.43
7374616   3357       31.51
7377030   3357       22.43
7379256   3357       23.99
7380616   3357       20.96
7381553   3357       25.67
7382148   3357       39.04
7382532   3357       20.96
7384964   3357       25.67
7387544   3357       25.67
7388038   3357       20.96
7388080   3357       25.67
7388125   3357       27.49
7388199   3357       22.43
7391472   3357       23.99
7392153   3357       27.49
7393061   3357       23.99
7393144   3357       20.96
7395742   3357       16.79
7396051   3357       25.67
7398038   3357       22.95
7400031   3357       25.67
7401094   3357       25.67
7401380   3357       25.67
7401853   3357       20.96
7403123   3357       20.96
7403188   3357       23.99
7403563   3357       23.99
7406353   3357       25.67
7409730   3357       23.99
7410177   3357       31.46
7412535   3357       27.49
7412738   3357       22.43
7415285   3357       31.46
7415448   3357       25.67
7416870   3357       20.96
7417289   3357       20.96
7417791   3357       25.67
7418898   3357       20.96
7418939   3357       20.96
7419340   3357       23.99
7419740   3357       20.96
7419800   3357       25.67
7419866   3357       23.99
7420316   3357       25.67
7420429   3357       27.49
7423108   3357       27.49
7423415   3357       25.67
7423444   3357       25.67
7425063   3357       20.96
7425430   3357       25.67
7425900   3357       23.99
7426046   3357       25.67
7427359   3357       20.96
7427520   3357       25.67
7432253   3357       27.49
7435158   3357       20.96
7436077   3357       23.99
7437806   3357       20.96
7437808   3357       20.96
7438450   3357       25.67
7439597   3357       29.40
7439629   3357       25.67
7440809   3357       16.78
7442445   3357       25.67
7444497   3357       20.96
7444651   3357       27.49
7444842   3357       25.67
7444889   3357       29.40
7445661   3357       22.43
7446382   3357       27.49
7447067   3357       25.67
7447334   3357       29.40
7447992   3357       20.96
7449457   3357       22.43
7455429   3357       25.67
7455588   3357       25.67
7465820   3357       25.67
7466779   3357       40.90
7502836   3357       33.52
7548386   3357       22.43
7548420   3357       23.99
770342    3357       25.70
7917981   3357       25.67
7981510   3357       27.49
7982728   3357       20.96
7983170   3357       20.96
7985605   3357       20.54
7988969   3357       25.67
8054279   3357       24.00
8064487   3357       27.08
8068577   3357       29.01
8140450   3357       22.86
8594315   3357       25.67
8718789   3357       25.67
8734286   3357       27.49
9066082   3357       27.15
9100619   3357       25.67
9211039   3357       23.99
9261804   3357       27.49
9317884   3357       27.49
9433060   3357       25.67
9540404   3357       27.49
9540845   3357       29.40
9542018   3357       27.49
9542237   3357       23.99
9543530   3357       37.80
9544345   3357       22.43
9544429   3357       27.49
9544827   3357       27.49
9545198   3357       27.34
9545952   3357       30.84
9547148   3357       23.99
9551389   3357       25.67
9552709   3357       20.96
9553047   3357       23.99
9553149   3357       20.96
9555077   3357       35.59
9555609   3357       20.96
9555641   3357       25.67
9557148   3357       29.40
9557803   3357       22.43
9557875   3357       20.96
9557894   3357       25.37
9558628   3357       22.43
9560453   3357       20.96
9570736   3357       25.67
9601343   3357       25.67
9603154   3357       22.43
9603683   3357       25.67
9603870   3357       16.78
9604166   3357       23.99
9604592   3357       31.46
9607091   3357       29.45
9609337   3357       20.96
9609338   3357       25.67
9612117   3357       27.49
9612530   3357       25.67
9614364   3357       23.99
9615964   3357       25.67
9617493   3357       23.99
9620242   3357       27.49
9620248   3357       29.40
9620376   3357       25.67
9620599   3357       27.49
9620701   3357       23.99
9620720   3357       23.99
9621777   3357       20.96
9622347   3357       25.67
9624596   3357       20.96
9626082   3357       25.67
9626215   3357       23.99
9627150   3357       27.49
9627724   3357       20.96
9629963   3357       27.49
9631462   3357       27.49
9636806   3357       20.96
9638320   3357       25.67
9639201   3357       23.99
9845319   3357       22.43
9846320   3357       27.49
9848693   3357       23.99
9851993   3357       25.67
