10107724  0357       22.10
10120357  0357       27.06
10121866  0357       48.25
10125466  0357       16.86
10126656  0357       18.04
10141786  0357       19.30
10312414  0357       16.86
10373550  0357       36.08
10639752  0357       16.86
10726693  0357       18.04
10760806  0357       16.86
10764554  0357       19.30
10770124  0357       18.04
10772668  0357       16.86
10774121  0357       19.30
10775520  0357       33.72
10776516  0357       22.10
10776915  0357       16.86
10777645  0357       27.06
10778464  0357       16.86
10779723  0357       18.04
10784623  0357       18.04
10820078  0357       19.30
10840266  0357       18.04
10841061  0357       16.86
10841823  0357       22.10
10842205  0357       18.04
10843324  0357       45.10
10844947  0357       45.10
10845717  0357       16.86
10845943  0357       22.10
10846532  0357       19.30
10846629  0357       18.04
10846940  0357       36.08
10846985  0357       18.04
10847648  0357       16.86
10848158  0357       20.65
10849906  0357       18.04
10860593  0357       18.04
10959957  0357       18.04
10960021  0357       18.04
10963442  0357       19.30
10963957  0357       19.30
1108218   0357       16.86
1112379   0357       18.04
1115136   0357       18.04
11163187  0357       16.86
11177533  0357       16.86
11260715  0357       18.04
11261772  0357       22.10
11262378  0357       18.04
11263756  0357       16.86
11264465  0357       18.04
11264550  0357       19.30
11265496  0357       18.04
11265527  0357       19.30
11266390  0357       36.08
11267811  0357       33.72
11267932  0357       33.72
11269196  0357       20.65
1129535   0357       19.30
11414487  0357       19.30
11425214  0357       18.04
11425449  0357       18.04
11426462  0357       16.86
11428034  0357       16.86
11428889  0357       45.10
11429539  0357       38.60
11429792  0357       16.86
11429991  0357       27.06
11430700  0357       18.04
11433167  0357       18.04
11433865  0357       36.08
11433968  0357       18.04
11434350  0357       18.04
11546168  0357       16.86
11584952  0357       18.04
11586448  0357       19.30
11594236  0357       22.10
11594524  0357       16.86
11596252  0357       18.04
11598121  0357       19.30
11633896  0357       16.86
11645810  0357       18.04
11651035  0357       18.04
11651090  0357       18.04
11652405  0357       18.04
11653864  0357       18.04
11694358  0357       18.04
11694758  0357       18.04
11695394  0357       33.72
11749469  0357       18.04
11783201  0357       19.30
11783366  0357       22.10
11784637  0357       16.86
11786325  0357       22.10
11786432  0357       16.86
11787653  0357       36.08
11790273  0357       18.04
11790818  0357       27.06
11791177  0357       18.04
11792127  0357       18.04
11792506  0357       18.04
11792846  0357       18.04
11878930  0357       18.04
11879419  0357       19.30
11879750  0357       22.10
11881668  0357       42.15
11881669  0357       16.86
11882080  0357       16.86
11883300  0357       36.08
12018571  0357       25.29
12018729  0357       16.86
12019816  0357       16.86
12020535  0357       20.65
12021559  0357       19.30
12021966  0357       22.10
12023306  0357       20.65
12023981  0357       27.06
12024178  0357       18.04
12024179  0357       18.04
12025294  0357       27.06
12025491  0357       16.86
12027093  0357       18.04
12027260  0357       18.04
12027527  0357       16.86
12027973  0357       19.30
12080554  0357       18.04
12241212  0357       25.29
12242270  0357       18.04
12243077  0357       16.86
12244707  0357       16.86
12247738  0357       27.06
12248400  0357       45.10
12248755  0357       19.30
12248784  0357       38.60
12248960  0357       18.04
12249178  0357       22.10
12314254  0357       51.63
12369466  0357       18.04
12370670  0357       20.65
1239070   0357       16.86
12434895  0357       18.04
12435304  0357       18.04
12435757  0357       25.29
12435759  0357       45.10
12527456  0357       16.86
12534356  0357       18.04
12536172  0357       18.04
12536549  0357       20.65
1257983   0357       19.30
1258658   0357       18.04
1262953   0357       18.04
1263302   0357       16.86
1263303   0357       18.04
12638103  0357       22.10
1265436   0357       18.04
1266723   0357       16.86
12691465  0357       18.04
1269356   0357       38.60
12698409  0357       16.86
12698965  0357       16.86
12701276  0357       22.10
12701301  0357       42.15
12702273  0357       16.86
12704473  0357       19.30
12704482  0357       38.60
12704649  0357       18.04
12704927  0357       18.04
12705860  0357       18.04
12706171  0357       18.04
12706774  0357       38.60
1272390   0357       16.86
1273369   0357       18.04
1277938   0357       16.86
1278407   0357       18.04
12848719  0357       18.04
12849330  0357       20.65
12851330  0357       18.04
12852888  0357       18.04
12858616  0357       33.15
12878256  0357       18.04
12884972  0357       18.04
12934142  0357       16.86
12934525  0357       16.86
12935305  0357       18.04
12935606  0357       18.04
13032012  0357       48.43
13032033  0357       18.04
13034237  0357       18.04
13035222  0357       22.10
13084488  0357       16.86
13084886  0357       16.86
13179920  0357       16.86
13180551  0357       18.04
1318484   0357       16.86
13187744  0357       36.08
13187816  0357       27.06
13188137  0357       16.86
13188604  0357       25.29
13264411  0357       18.04
13265462  0357       16.86
13265946  0357       33.15
13266369  0357       20.65
13268000  0357       33.72
13268185  0357       33.72
13268352  0357       18.04
13268457  0357       16.86
13268537  0357       27.06
13343258  0357       16.86
13510172  0357       16.86
13519440  0357       16.86
13566631  0357       22.10
13643981  0357       33.72
13644051  0357       18.04
13644555  0357       42.15
13644665  0357       18.04
13644680  0357       48.25
13652653  0357       16.86
13679940  0357       18.04
13774187  0357       16.86
13775452  0357       16.86
13775808  0357       16.86
13777181  0357       25.29
13785046  0357       16.86
13785661  0357       18.04
13785997  0357       16.86
13787208  0357       18.04
13787741  0357       16.86
13842354  0357       18.04
13843775  0357       18.04
13856268  0357       18.04
13867427  0357       27.06
13868652  0357       18.04
13880177  0357       18.04
13880981  0357       18.04
13905892  0357       16.86
13986119  0357       18.04
14030527  0357       16.86
14031497  0357       45.10
14093727  0357       27.06
14094806  0357       19.30
14143188  0357       16.86
14159223  0357       33.72
14176671  0357       18.04
14270811  0357       42.15
14293118  0357       27.06
1431183   0357       18.04
14335445  0357       16.86
14335539  0357       18.04
14372299  0357       19.30
14372545  0357       16.86
14372818  0357       45.10
14376347  0357       18.04
14405196  0357       18.04
14513487  0357       16.86
14590375  0357       16.86
14607589  0357       25.29
14648947  0357       18.04
14649126  0357       16.86
14825867  0357       45.10
14877620  0357       22.10
14877805  0357       19.30
14877859  0357       20.65
14879704  0357       42.15
14880972  0357       36.08
15056332  0357       19.30
15170350  0357       16.86
15177867  0357       33.72
15229138  0357       18.04
15306996  0357       16.86
15351139  0357       18.04
15352095  0357       18.04
15426228  0357       18.04
15444190  0357       18.04
15444945  0357       18.04
15448608  0357       18.04
15597541  0357       16.86
15598319  0357       18.04
15598933  0357       16.86
15599928  0357       33.15
15599929  0357       36.08
15667613  0357       33.72
15668151  0357       36.08
15668851  0357       16.86
15673218  0357       18.04
15690244  0357       16.86
15729233  0357       27.06
15729536  0357       42.15
15885754  0357       16.86
15886521  0357       18.04
15959808  0357       16.86
15961650  0357       16.86
16001576  0357       16.86
16138119  0357       27.06
16278235  0357       18.04
1631390   0357       22.10
16385667  0357       16.86
16387437  0357       36.08
16387793  0357       36.08
16594051  0357       19.22
16736267  0357       18.04
16750794  0357       18.04
16770549  0357       18.04
17012587  0357       45.10
17019549  0357       18.04
17033256  0357       16.86
17104709  0357       18.04
17132368  0357       16.86
17306742  0357       16.86
17356955  0357       18.04
1737075   0357       16.86
17379215  0357       25.29
17380736  0357       16.86
17505354  0357       16.86
17572385  0357       36.08
17574055  0357       16.86
17626132  0357       33.72
1763812   0357       18.04
1764349   0357       16.86
1765295   0357       33.72
1769938   0357       16.86
17727438  0357       18.04
17727473  0357       16.86
17859806  0357       16.86
17859921  0357       33.72
17872590  0357       18.04
17942640  0357       18.04
18054647  0357       18.04
18058393  0357       16.86
18059918  0357       18.04
18104818  0357       18.04
18263756  0357       18.04
18332702  0357       18.04
18332814  0357       18.04
18421508  0357       16.86
18421512  0357       25.29
18422439  0357       36.08
18438218  0357       16.86
18438766  0357       16.86
18618969  0357       16.86
18655916  0357       18.04
18656459  0357       27.06
18785684  0357       16.86
18923581  0357       16.86
18928116  0357       16.86
18950730  0357       16.86
18998089  0357       33.72
1906129   0357       18.04
19262723  0357       18.04
19324610  0357       36.08
19348247  0357       18.04
19355607  0357       16.86
19431369  0357       18.04
19640869  0357       40.26
19697516  0357       16.86
19745610  0357       16.86
19827450  0357       18.04
19850185  0357       16.86
19973112  0357       18.04
20015159  0357       18.04
20015405  0357       16.86
20046577  0357       36.08
20046584  0357       33.72
20075289  0357       36.08
20189202  0357       20.65
20235584  0357       33.72
2030572   0357       16.86
2033664   0357       22.10
20348834  0357       25.29
20542804  0357       16.86
2101693   0357       19.30
21244218  0357       16.86
2130876   0357       16.86
21505687  0357       54.36
2157417   0357       55.25
2186056   0357       16.86
2189077   0357       16.86
2196831   0357       16.86
2198274   0357       19.30
22326349  0357       16.86
2272067   0357       16.86
23156662  0357       18.04
23573778  0357       16.86
2376223   0357       22.10
2380275   0357       19.30
2384661   0357       18.04
23851459  0357       16.86
2529886   0357       18.04
2532585   0357       16.86
2533320   0357       16.86
2534786   0357       18.04
2535843   0357       19.30
2536795   0357       18.04
2539943   0357       16.86
2541142   0357       18.04
2541439   0357       22.10
2541709   0357       18.04
2543654   0357       18.04
2543813   0357       18.04
2543932   0357       16.86
2592064   0357       19.30
2592966   0357       19.30
2593377   0357       18.04
2593686   0357       16.86
2596405   0357       18.04
2598033   0357       18.04
2598733   0357       19.30
2598872   0357       16.86
2601437   0357       18.04
2603046   0357       18.04
2605164   0357       18.04
2605823   0357       16.86
2607322   0357       18.04
2608233   0357       18.04
2608304   0357       16.86
2608554   0357       18.04
2684589   0357       18.04
26945442  0357       16.86
2854705   0357       16.86
2870837   0357       16.86
2910376   0357       16.86
2910432   0357       16.86
2912407   0357       16.86
2912692   0357       22.10
2913757   0357       16.86
2913809   0357       16.86
2915293   0357       16.86
2915714   0357       18.04
2916362   0357       18.04
2916467   0357       16.86
2916786   0357       16.86
2918280   0357       45.10
2992913   0357       16.86
3035349   0357       18.04
3080057   0357       33.15
3080311   0357       18.04
3080984   0357       18.04
3081351   0357       18.04
3082505   0357       16.86
3083065   0357       16.86
3083457   0357       16.86
3083843   0357       16.86
3084868   0357       18.04
3084978   0357       16.86
3085009   0357       16.86
3085276   0357       20.65
3090485   0357       18.04
3156003   0357       16.86
3234299   0357       20.65
3245420   0357       18.04
3314884   0357       16.86
3315121   0357       16.86
3315781   0357       16.86
3317339   0357       16.86
3318589   0357       18.04
3318694   0357       20.65
3318719   0357       18.04
3320986   0357       18.04
3322128   0357       18.04
3322284   0357       16.86
3324084   0357       18.04
3324110   0357       22.10
3329806   0357       18.04
3353242   0357       16.86
3528540   0357       18.04
3533360   0357       20.65
3535445   0357       16.86
3535838   0357       16.86
3538837   0357       18.04
3539352   0357       18.04
3541739   0357       18.04
3541975   0357       16.86
3542004   0357       19.30
3542015   0357       16.86
3554092   0357       19.30
3593839   0357       16.86
3598528   0357       18.04
3710064   0357       16.86
3759377   0357       16.86
3784066   0357       16.86
3784441   0357       19.30
3785251   0357       18.04
3792247   0357       18.04
3830110   0357       16.86
3855157   0357       16.86
3855577   0357       18.04
3856978   0357       16.86
3857004   0357       16.86
3857220   0357       18.04
3857667   0357       16.86
3857878   0357       19.30
3858323   0357       36.08
3858856   0357       19.30
3859230   0357       27.06
3864991   0357       22.10
3875055   0357       18.04
3877925   0357       38.60
3878006   0357       16.86
3963688   0357       18.04
3964093   0357       18.04
3965704   0357       16.86
3969513   0357       16.86
4001934   0357       19.30
4064149   0357       20.65
4065177   0357       16.86
4065584   0357       18.04
4065648   0357       16.86
4066245   0357       16.86
4067118   0357       18.04
4067795   0357       18.04
4068788   0357       16.86
4071074   0357       22.10
4071241   0357       16.86
4107436   0357       16.86
4191539   0357       16.86
4193094   0357       48.25
4194671   0357       18.04
4195654   0357       16.86
4199927   0357       16.86
4200911   0357       16.86
4238916   0357       16.86
430240    0357       16.86
4317775   0357       19.30
4373204   0357       19.30
4373479   0357       16.86
4375498   0357       22.10
4375998   0357       20.65
4376813   0357       16.86
4377201   0357       19.30
4378140   0357       16.86
4378236   0357       16.86
4378283   0357       16.86
4378759   0357       19.30
4379154   0357       16.86
4381614   0357       16.86
4382400   0357       27.06
4383023   0357       19.30
4383200   0357       16.86
4385047   0357       18.04
4386936   0357       20.65
4387777   0357       42.15
4409485   0357       19.30
4409788   0357       16.86
4409789   0357       33.72
4414417   0357       16.86
4414541   0357       19.30
4414909   0357       18.04
4415675   0357       16.86
443869    0357       18.04
4609506   0357       19.30
4610129   0357       16.86
4720170   0357       25.29
4720923   0357       18.04
4721016   0357       16.86
4721639   0357       16.86
4722680   0357       16.86
4722814   0357       18.04
4723168   0357       16.86
4723403   0357       16.86
4724433   0357       18.04
4725919   0357       38.60
4727740   0357       16.86
4728331   0357       16.86
4729448   0357       16.86
4730168   0357       19.30
4730490   0357       16.86
4730823   0357       22.10
4731322   0357       19.30
4731494   0357       19.30
4732090   0357       16.86
4732618   0357       16.86
4734527   0357       16.86
4734940   0357       16.86
4735505   0357       16.86
4738424   0357       18.04
4739546   0357       18.04
4739796   0357       19.30
4754833   0357       19.30
4803744   0357       19.30
4805842   0357       18.04
4827213   0357       18.04
4853128   0357       18.04
4882144   0357       16.86
5017295   0357       16.86
5022967   0357       19.30
5237805   0357       18.04
5238236   0357       16.86
5239261   0357       22.10
5240821   0357       16.86
5242545   0357       22.10
5244302   0357       16.86
5244483   0357       16.86
5244484   0357       19.30
5244765   0357       16.86
5245261   0357       19.30
5248926   0357       16.86
5248954   0357       16.86
5249259   0357       18.04
5249817   0357       19.30
5250965   0357       18.04
5251153   0357       18.04
5251214   0357       19.30
5252606   0357       38.60
5253930   0357       16.86
5254613   0357       16.86
5254952   0357       16.86
5255567   0357       18.04
5255641   0357       19.30
5257069   0357       16.86
5257175   0357       18.04
5257421   0357       20.65
5257727   0357       45.10
5257774   0357       18.04
5259121   0357       16.86
5259785   0357       16.86
5261116   0357       16.86
5261139   0357       18.04
5261250   0357       16.86
5261418   0357       16.86
5261643   0357       16.86
5263470   0357       20.65
5344986   0357       16.86
5435450   0357       16.86
5436619   0357       19.30
5436795   0357       16.86
5438690   0357       16.86
5439480   0357       18.04
5439865   0357       51.63
5458236   0357       16.86
5461455   0357       18.04
5605414   0357       36.08
5658043   0357       18.04
5688352   0357       18.04
5765952   0357       18.04
5779173   0357       18.04
5915261   0357       18.04
5921128   0357       18.04
5921800   0357       16.86
5923624   0357       19.30
5925143   0357       19.30
5925949   0357       16.86
5929492   0357       18.04
5935536   0357       48.25
5938630   0357       18.04
5938995   0357       18.04
6044716   0357       27.06
6125595   0357       42.15
6127630   0357       16.86
6238388   0357       22.10
6394853   0357       16.86
6537141   0357       16.86
6573443   0357       18.04
6573855   0357       20.65
6573893   0357       16.86
6575243   0357       16.86
6575301   0357       18.04
6584406   0357       42.15
6602322   0357       16.86
6634354   0357       18.04
6689708   0357       18.04
6690236   0357       18.04
6701343   0357       18.04
6701344   0357       18.04
6701453   0357       18.04
673822    0357       16.86
6841910   0357       16.86
7211860   0357       19.30
7240399   0357       18.04
7300376   0357       16.86
7301470   0357       16.86
7305494   0357       18.04
7305781   0357       16.86
7309317   0357       16.86
7309375   0357       16.86
7310425   0357       20.65
7310959   0357       18.04
7311233   0357       18.04
7311255   0357       16.86
7312149   0357       18.04
7313189   0357       16.86
7314050   0357       16.86
7314987   0357       20.65
7315048   0357       19.30
7315058   0357       45.10
7315331   0357       18.04
7316059   0357       20.65
7316139   0357       19.30
7316607   0357       22.10
7316959   0357       38.60
7317744   0357       33.72
7318041   0357       18.04
7319649   0357       38.60
7321787   0357       20.65
7322304   0357       16.86
7322780   0357       16.86
7322794   0357       16.86
7324725   0357       19.30
7325664   0357       16.86
7325721   0357       18.04
7325722   0357       18.04
7325778   0357       16.86
7328421   0357       16.86
7330948   0357       18.04
7331943   0357       16.86
7332202   0357       16.86
7332734   0357       27.06
7333145   0357       19.30
7333526   0357       33.72
7335642   0357       20.65
7337422   0357       18.04
7337778   0357       16.86
7338055   0357       20.65
7340200   0357       16.86
7340742   0357       18.04
7340989   0357       16.86
7342107   0357       16.86
7342680   0357       18.04
7343605   0357       16.86
7344290   0357       16.86
7344465   0357       33.72
7347856   0357       18.04
7348137   0357       16.86
7348986   0357       18.04
7349428   0357       55.25
7349843   0357       16.86
7350162   0357       16.86
7350273   0357       16.86
7351297   0357       16.86
7352317   0357       16.86
7353377   0357       18.04
7354064   0357       16.86
7355928   0357       16.86
7359478   0357       19.30
7360346   0357       16.86
7360517   0357       18.04
7363171   0357       16.86
7363652   0357       18.04
7365166   0357       18.04
7365545   0357       16.86
7367276   0357       16.86
7368710   0357       33.72
7369018   0357       18.04
7371154   0357       18.04
7372156   0357       16.86
7372973   0357       16.86
7373089   0357       16.86
7373215   0357       20.65
7374243   0357       16.86
7374616   0357       18.04
7377030   0357       16.86
7377579   0357       18.04
7379256   0357       33.72
7380616   0357       16.86
7381553   0357       18.04
7382148   0357       19.30
7382532   0357       16.86
7384964   0357       18.04
7387544   0357       36.08
7388038   0357       16.86
7388080   0357       18.04
7388125   0357       19.30
7388199   0357       25.29
7389581   0357       18.04
7391472   0357       16.86
7392153   0357       48.25
7393061   0357       16.86
7393144   0357       33.72
7395742   0357       16.86
7396051   0357       27.06
7398038   0357       18.04
7400031   0357       18.04
7401094   0357       18.04
7401380   0357       18.04
7401853   0357       16.86
7403123   0357       16.86
7403188   0357       16.86
7403563   0357       16.86
7406353   0357       18.04
7408531   0357       18.04
7409730   0357       16.86
7410177   0357       22.10
7412535   0357       19.30
7412738   0357       22.10
7415285   0357       22.10
7415448   0357       18.04
7416870   0357       16.86
7417289   0357       33.72
7417791   0357       36.08
7418898   0357       16.86
7418939   0357       18.04
7419340   0357       16.86
7419740   0357       16.86
7419800   0357       22.10
7419866   0357       42.15
7420316   0357       18.04
7420429   0357       19.30
7423108   0357       19.30
7423415   0357       18.04
7423444   0357       18.04
7425063   0357       16.86
7425430   0357       18.04
7425900   0357       16.86
7426046   0357       18.04
7427359   0357       16.86
7427520   0357       18.04
7429274   0357       18.04
7432253   0357       19.30
7434591   0357       45.10
7435158   0357       42.15
7436077   0357       33.72
7436996   0357       18.04
7437806   0357       16.86
7437808   0357       16.86
7438450   0357       18.04
7439597   0357       41.31
7439617   0357       18.04
7439629   0357       18.04
7440809   0357       16.86
7442445   0357       18.04
7444497   0357       25.29
7444651   0357       19.30
7444842   0357       18.04
7444889   0357       41.31
7445661   0357       16.86
7446644   0357       18.04
7447067   0357       45.10
7447334   0357       20.65
7447992   0357       16.86
7449457   0357       16.86
7455429   0357       18.04
7455588   0357       18.04
7461704   0357       18.04
7465820   0357       45.10
7465910   0357       18.04
7466779   0357       22.10
7466870   0357       18.04
7502836   0357       19.30
7548386   0357       16.86
770342    0357       18.04
7917981   0357       18.04
7981510   0357       19.30
7982728   0357       16.86
7982865   0357       19.30
7983170   0357       16.86
7984159   0357       18.04
7985605   0357       18.04
7988969   0357       18.04
8054279   0357       16.86
8064487   0357       36.08
8140450   0357       16.86
8594315   0357       18.04
8718789   0357       36.08
8734286   0357       19.30
9066082   0357       16.86
9100619   0357       18.04
9211039   0357       16.86
9261804   0357       19.30
9317884   0357       38.60
9433060   0357       18.04
9540404   0357       19.30
9540845   0357       30.98
9542018   0357       48.25
9542237   0357       16.86
9543174   0357       18.04
9543530   0357       19.30
9544179   0357       18.04
9544345   0357       16.86
9544429   0357       19.30
9544827   0357       19.30
9545198   0357       16.86
9545952   0357       16.86
9546474   0357       18.04
9547148   0357       16.86
9551389   0357       18.04
9552709   0357       16.86
9553039   0357       18.04
9553047   0357       16.86
9553149   0357       16.86
9555077   0357       20.65
9555609   0357       18.04
9555641   0357       18.04
9557148   0357       41.31
9557803   0357       16.86
9557875   0357       16.86
9557894   0357       16.86
9558628   0357       16.86
9560453   0357       16.86
9570736   0357       18.04
9572755   0357       18.04
9577605   0357       18.04
9601343   0357       45.10
9603154   0357       16.86
9603683   0357       19.30
9603870   0357       16.86
9604166   0357       16.86
9604592   0357       33.15
9607091   0357       16.86
9608547   0357       18.04
9609337   0357       42.15
9609338   0357       36.08
9612117   0357       19.30
9612692   0357       18.04
9614364   0357       38.60
9615563   0357       18.04
9615964   0357       18.04
9617493   0357       16.86
9620242   0357       38.60
9620248   0357       41.31
9620376   0357       18.04
9620599   0357       19.30
9620701   0357       16.86
9620720   0357       16.86
9622347   0357       20.65
9624370   0357       22.10
9624596   0357       16.86
9625361   0357       18.04
9625933   0357       36.08
9626215   0357       16.86
9627150   0357       48.25
9627523   0357       36.08
9627724   0357       16.86
9629963   0357       19.30
9631462   0357       19.30
9634554   0357       18.04
9634674   0357       18.04
9636806   0357       16.86
9638320   0357       18.04
9639201   0357       16.86
9845319   0357       16.86
9846320   0357       19.30
9847068   0357       16.86
9847350   0357       18.04
9848693   0357       16.86
9850403   0357       18.04
9851111   0357       18.04
9851993   0357       18.04
10107724  3357       22.10
10120357  3357       18.04
10121866  3357       19.30
10125466  3357       16.86
10126656  3357       18.04
10141786  3357       19.30
10312414  3357       16.86
10373550  3357       18.04
10639752  3357       16.86
10726693  3357       18.04
10760806  3357       16.86
10764554  3357       19.30
10770124  3357       18.04
10772668  3357       16.86
10774121  3357       19.30
10775520  3357       16.86
10776516  3357       22.10
10776915  3357       16.86
10777645  3357       18.04
10778464  3357       16.86
10779723  3357       18.04
10784623  3357       18.04
10820078  3357       19.30
10840266  3357       18.04
10841061  3357       16.86
10841823  3357       22.10
10842205  3357       18.04
10843324  3357       18.04
10844947  3357       18.04
10845717  3357       16.86
10845943  3357       22.10
10846532  3357       19.30
10846629  3357       18.04
10846940  3357       18.04
10846985  3357       18.04
10847648  3357       16.86
10848158  3357       20.65
10849906  3357       18.04
10860593  3357       18.04
10959957  3357       18.04
10960021  3357       18.04
10963442  3357       19.30
10963957  3357       19.30
1108218   3357       16.86
1112379   3357       18.04
1115136   3357       18.04
11163187  3357       16.86
11177533  3357       16.86
11260715  3357       18.04
11261772  3357       22.10
11262378  3357       18.04
11263756  3357       16.86
11264465  3357       18.04
11264550  3357       19.30
11265496  3357       18.04
11265527  3357       19.30
11266390  3357       18.04
11267811  3357       16.86
11267932  3357       16.86
11269196  3357       20.65
1129535   3357       19.30
11414487  3357       19.30
11425214  3357       18.04
11425449  3357       18.04
11426462  3357       16.86
11428034  3357       16.86
11428889  3357       18.04
11429539  3357       19.30
11429792  3357       16.86
11429991  3357       18.04
11430700  3357       18.04
11433167  3357       18.04
11433865  3357       18.04
11433968  3357       18.04
11434350  3357       18.04
11546168  3357       16.86
11584952  3357       18.04
11586448  3357       19.30
11594236  3357       22.10
11594524  3357       16.86
11596252  3357       18.04
11598121  3357       19.30
11633896  3357       16.86
11645810  3357       18.04
11651035  3357       18.04
11651090  3357       18.04
11652405  3357       18.04
11653864  3357       18.04
11694358  3357       18.04
11694758  3357       18.04
11695394  3357       16.86
11749469  3357       18.04
11783201  3357       19.30
11783366  3357       22.10
11784637  3357       16.86
11786325  3357       22.10
11786432  3357       16.86
11787653  3357       18.04
11790273  3357       18.04
11790818  3357       18.04
11791177  3357       18.04
11792127  3357       18.04
11792506  3357       18.04
11792846  3357       18.04
11878930  3357       18.04
11879419  3357       19.30
11879750  3357       22.10
11881668  3357       16.86
11881669  3357       16.86
11882080  3357       16.86
11883300  3357       18.04
12018571  3357       16.86
12018729  3357       16.86
12019816  3357       16.86
12020535  3357       20.65
12021559  3357       19.30
12021966  3357       22.10
12023306  3357       20.65
12023981  3357       18.04
12024178  3357       18.04
12024179  3357       18.04
12025294  3357       18.04
12025491  3357       16.86
12027093  3357       18.04
12027260  3357       18.04
12027527  3357       16.86
12027973  3357       19.30
12080554  3357       18.04
12241212  3357       16.86
12242270  3357       18.04
12243077  3357       16.86
12244707  3357       16.86
12247738  3357       18.04
12248400  3357       18.04
12248755  3357       19.30
12248784  3357       19.30
12248960  3357       18.04
12249178  3357       22.10
12314254  3357       20.65
12369466  3357       18.04
12370670  3357       20.65
1239070   3357       16.86
12434895  3357       18.04
12435304  3357       18.04
12435757  3357       16.86
12435759  3357       18.04
12527456  3357       16.86
12534356  3357       18.04
12536172  3357       18.04
12536549  3357       20.65
1257983   3357       19.30
1258658   3357       18.04
1262953   3357       18.04
1263302   3357       16.86
1263303   3357       18.04
12638103  3357       22.10
1265436   3357       18.04
1266723   3357       16.86
12691465  3357       18.04
1269356   3357       19.30
12698409  3357       16.86
12698965  3357       16.86
12701276  3357       22.10
12701301  3357       16.86
12702273  3357       16.86
12704473  3357       19.30
12704482  3357       19.30
12704649  3357       18.04
12704927  3357       18.04
12705860  3357       18.04
12706171  3357       18.04
12706774  3357       19.30
1272390   3357       16.86
1273369   3357       18.04
1277938   3357       16.86
1278407   3357       18.04
12848719  3357       18.04
12849330  3357       20.65
12851330  3357       18.04
12852888  3357       18.04
12858616  3357       22.10
12878256  3357       18.04
12884972  3357       18.04
12934142  3357       16.86
12934525  3357       16.86
12935305  3357       18.04
12935606  3357       18.04
13032012  3357       19.37
13032033  3357       18.04
13034237  3357       18.04
13035222  3357       22.10
13084488  3357       16.86
13084886  3357       16.86
13179920  3357       16.86
13180551  3357       18.04
1318484   3357       16.86
13187744  3357       18.04
13187816  3357       18.04
13188137  3357       16.86
13188604  3357       16.86
13264411  3357       18.04
13265462  3357       16.86
13265946  3357       22.10
13266369  3357       20.65
13268000  3357       16.86
13268185  3357       16.86
13268352  3357       18.04
13268457  3357       16.86
13268537  3357       18.04
13343258  3357       16.86
13510172  3357       16.86
13519440  3357       16.86
13566631  3357       22.10
13643981  3357       16.86
13644051  3357       18.04
13644555  3357       16.86
13644665  3357       18.04
13644680  3357       19.30
13652653  3357       16.86
13679940  3357       18.04
13774187  3357       16.86
13775452  3357       16.86
13775808  3357       16.86
13777181  3357       16.86
13785046  3357       16.86
13785661  3357       18.04
13785997  3357       16.86
13787208  3357       18.04
13787741  3357       16.86
13842354  3357       18.04
13843775  3357       18.04
13856268  3357       18.04
13867427  3357       18.04
13868652  3357       18.04
13880177  3357       18.04
13880981  3357       18.04
13905892  3357       16.86
13986119  3357       18.04
14030527  3357       16.86
14031497  3357       18.04
14093727  3357       18.04
14094806  3357       19.30
14143188  3357       16.86
14159223  3357       16.86
14176671  3357       18.04
14270811  3357       16.86
14293118  3357       18.04
1431183   3357       18.04
14335445  3357       16.86
14335539  3357       18.04
14372299  3357       19.30
14372545  3357       16.86
14372818  3357       18.04
14376347  3357       18.04
14405196  3357       18.04
14513487  3357       16.86
14590375  3357       16.86
14607589  3357       16.86
14648947  3357       18.04
14649126  3357       16.86
14825867  3357       18.04
14877620  3357       22.10
14877805  3357       19.30
14877859  3357       20.65
14879704  3357       16.86
14880972  3357       18.04
15056332  3357       19.30
15170350  3357       16.86
15177867  3357       16.86
15229138  3357       18.04
15306996  3357       16.86
15351139  3357       18.04
15352095  3357       18.04
15426228  3357       18.04
15444190  3357       18.04
15444945  3357       18.04
15448608  3357       18.04
15597541  3357       16.86
15598319  3357       18.04
15598933  3357       16.86
15599928  3357       22.10
15599929  3357       18.04
15667613  3357       16.86
15668151  3357       18.04
15668851  3357       16.86
15673218  3357       18.04
15690244  3357       16.86
15729233  3357       18.04
15729536  3357       16.86
15885754  3357       16.86
15886521  3357       18.04
15959808  3357       16.86
15961650  3357       16.86
16001576  3357       16.86
16138119  3357       18.04
16278235  3357       18.04
1631390   3357       22.10
16385667  3357       16.86
16387437  3357       18.04
16387793  3357       18.04
16594051  3357       19.22
16736267  3357       18.04
16750794  3357       18.04
16770549  3357       18.04
17012587  3357       18.04
17019549  3357       18.04
17033256  3357       16.86
17104709  3357       18.04
17132368  3357       16.86
17306742  3357       16.86
17356955  3357       18.04
1737075   3357       16.86
17379215  3357       16.86
17380736  3357       16.86
17505354  3357       16.86
17572385  3357       18.04
17574055  3357       16.86
17626132  3357       16.86
1763812   3357       18.04
1764349   3357       16.86
1765295   3357       16.86
1769938   3357       16.86
17727438  3357       18.04
17727473  3357       16.86
17859806  3357       16.86
17859921  3357       16.86
17872590  3357       18.04
17942640  3357       18.04
18054647  3357       18.04
18058393  3357       16.86
18059918  3357       18.04
18104818  3357       18.04
18263756  3357       18.04
18332702  3357       18.04
18332814  3357       18.04
18421508  3357       16.86
18421512  3357       16.86
18422439  3357       18.04
18438218  3357       16.86
18438766  3357       16.86
18618969  3357       16.86
18655916  3357       18.04
18656459  3357       18.04
18785684  3357       16.86
18923581  3357       16.86
18928116  3357       16.86
18950730  3357       16.86
18998089  3357       16.86
1906129   3357       18.04
19262723  3357       18.04
19324610  3357       18.04
19348247  3357       18.04
19355607  3357       16.86
19431369  3357       18.04
19640869  3357       20.13
19697516  3357       16.86
19745610  3357       16.86
19827450  3357       18.04
19850185  3357       16.86
19973112  3357       18.04
20015159  3357       18.04
20015405  3357       16.86
20046577  3357       18.04
20046584  3357       16.86
20075289  3357       18.04
20189202  3357       20.65
20235584  3357       16.86
2030572   3357       16.86
2033664   3357       22.10
20348834  3357       16.86
20542804  3357       16.86
2101693   3357       19.30
21244218  3357       16.86
2130876   3357       16.86
21505687  3357       21.74
2157417   3357       22.10
2186056   3357       16.86
2189077   3357       16.86
2196831   3357       16.86
2198274   3357       19.30
22326349  3357       16.86
2272067   3357       16.86
23156662  3357       18.04
23573778  3357       16.86
2376223   3357       22.10
2380275   3357       19.30
2384661   3357       18.04
23851459  3357       16.86
2529886   3357       18.04
2532585   3357       16.86
2533320   3357       16.86
2534786   3357       18.04
2535843   3357       19.30
2536795   3357       18.04
2539943   3357       16.86
2541142   3357       18.04
2541439   3357       22.10
2541709   3357       18.04
2543654   3357       18.04
2543813   3357       18.04
2543932   3357       16.86
2592064   3357       19.30
2592966   3357       19.30
2593377   3357       18.04
2593686   3357       16.86
2596405   3357       18.04
2598033   3357       18.04
2598733   3357       19.30
2598872   3357       16.86
2601437   3357       18.04
2603046   3357       18.04
2605164   3357       18.04
2605823   3357       16.86
2607322   3357       18.04
2608233   3357       18.04
2608304   3357       16.86
2608554   3357       18.04
2684589   3357       18.04
26945442  3357       16.86
2854705   3357       16.86
2870837   3357       16.86
2910376   3357       16.86
2910432   3357       16.86
2912407   3357       16.86
2912692   3357       22.10
2913757   3357       16.86
2913809   3357       16.86
2915293   3357       16.86
2915714   3357       18.04
2916362   3357       18.04
2916467   3357       16.86
2916786   3357       16.86
2918280   3357       18.04
2992913   3357       16.86
3035349   3357       18.04
3080057   3357       22.10
3080311   3357       18.04
3080984   3357       18.04
3081351   3357       18.04
3082505   3357       16.86
3083065   3357       16.86
3083457   3357       16.86
3083843   3357       16.86
3084868   3357       18.04
3084978   3357       16.86
3085009   3357       16.86
3085276   3357       20.65
3090485   3357       18.04
3156003   3357       16.86
3234299   3357       20.65
3245420   3357       18.04
3314884   3357       16.86
3315121   3357       16.86
3315781   3357       16.86
3317339   3357       16.86
3318589   3357       18.04
3318694   3357       20.65
3318719   3357       18.04
3320986   3357       18.04
3322128   3357       18.04
3322284   3357       16.86
3324084   3357       18.04
3324110   3357       22.10
3329806   3357       18.04
3353242   3357       16.86
3528540   3357       18.04
3533360   3357       20.65
3535445   3357       16.86
3535838   3357       16.86
3538837   3357       18.04
3539352   3357       18.04
3541739   3357       18.04
3541975   3357       16.86
3542004   3357       19.30
3542015   3357       16.86
3554092   3357       19.30
3593839   3357       16.86
3598528   3357       18.04
3710064   3357       16.86
3759377   3357       16.86
3784066   3357       16.86
3784441   3357       19.30
3785251   3357       18.04
3792247   3357       18.04
3830110   3357       16.86
3855157   3357       16.86
3855577   3357       18.04
3856978   3357       16.86
3857004   3357       16.86
3857220   3357       18.04
3857667   3357       16.86
3857878   3357       19.30
3858323   3357       18.04
3858856   3357       19.30
3859230   3357       18.04
3864991   3357       22.10
3875055   3357       18.04
3877925   3357       19.30
3878006   3357       16.86
3963688   3357       18.04
3964093   3357       18.04
3965704   3357       16.86
3969513   3357       16.86
4001934   3357       19.30
4064149   3357       20.65
4065177   3357       16.86
4065584   3357       18.04
4065648   3357       16.86
4066245   3357       16.86
4067118   3357       18.04
4067795   3357       18.04
4068788   3357       16.86
4071074   3357       22.10
4071241   3357       16.86
4107436   3357       16.86
4191539   3357       16.86
4193094   3357       19.30
4194671   3357       18.04
4195654   3357       16.86
4199927   3357       16.86
4200911   3357       16.86
4238916   3357       16.86
430240    3357       16.86
4317775   3357       19.30
4373204   3357       19.30
4373479   3357       16.86
4375498   3357       22.10
4375998   3357       20.65
4376813   3357       16.86
4377201   3357       19.30
4378140   3357       16.86
4378236   3357       16.86
4378283   3357       16.86
4378759   3357       19.30
4379154   3357       16.86
4381614   3357       16.86
4382400   3357       18.04
4383023   3357       19.30
4383200   3357       16.86
4385047   3357       18.04
4386936   3357       20.65
4387777   3357       16.86
4409485   3357       19.30
4409788   3357       16.86
4409789   3357       16.86
4414417   3357       16.86
4414541   3357       19.30
4414909   3357       18.04
4415675   3357       16.86
443869    3357       18.04
4609506   3357       19.30
4610129   3357       16.86
4720170   3357       16.86
4720923   3357       18.04
4721016   3357       16.86
4721639   3357       16.86
4722680   3357       16.86
4722814   3357       18.04
4723168   3357       16.86
4723403   3357       16.86
4724433   3357       18.04
4725919   3357       19.30
4727740   3357       16.86
4728331   3357       16.86
4729448   3357       16.86
4730168   3357       19.30
4730490   3357       16.86
4730823   3357       22.10
4731322   3357       19.30
4731494   3357       19.30
4732090   3357       16.86
4732618   3357       16.86
4734527   3357       16.86
4734940   3357       16.86
4735505   3357       16.86
4738424   3357       18.04
4739546   3357       18.04
4739796   3357       19.30
4754833   3357       19.30
4803744   3357       19.30
4805842   3357       18.04
4827213   3357       18.04
4853128   3357       18.04
4882144   3357       16.86
5017295   3357       16.86
5022967   3357       19.30
5237805   3357       18.04
5238236   3357       16.86
5239261   3357       22.10
5240821   3357       16.86
5242545   3357       22.10
5244302   3357       16.86
5244483   3357       16.86
5244484   3357       19.30
5244765   3357       16.86
5245261   3357       19.30
5248926   3357       16.86
5248954   3357       16.86
5249259   3357       18.04
5249817   3357       19.30
5250965   3357       18.04
5251153   3357       18.04
5251214   3357       19.30
5252606   3357       19.30
5253930   3357       16.86
5254613   3357       16.86
5254952   3357       16.86
5255567   3357       18.04
5255641   3357       19.30
5257069   3357       16.86
5257175   3357       18.04
5257421   3357       20.65
5257727   3357       18.04
5257774   3357       18.04
5259121   3357       16.86
5259785   3357       16.86
5261116   3357       16.86
5261139   3357       18.04
5261250   3357       16.86
5261418   3357       16.86
5261643   3357       16.86
5263470   3357       20.65
5344986   3357       16.86
5435450   3357       16.86
5436619   3357       19.30
5436795   3357       16.86
5438690   3357       16.86
5439480   3357       18.04
5439865   3357       20.65
5458236   3357       16.86
5461455   3357       18.04
5605414   3357       18.04
5658043   3357       18.04
5688352   3357       18.04
5765952   3357       18.04
5779173   3357       18.04
5915261   3357       18.04
5921128   3357       18.04
5921800   3357       16.86
5923624   3357       19.30
5925143   3357       19.30
5925949   3357       16.86
5929492   3357       18.04
5935536   3357       19.30
5938630   3357       18.04
5938995   3357       18.04
6044716   3357       18.04
6125595   3357       16.86
6127630   3357       16.86
6238388   3357       22.10
6394853   3357       16.86
6537141   3357       16.86
6573443   3357       18.04
6573855   3357       20.65
6573893   3357       16.86
6575243   3357       16.86
6575301   3357       18.04
6584406   3357       16.86
6602322   3357       16.86
6634354   3357       18.04
6689708   3357       18.04
6690236   3357       18.04
6701343   3357       18.04
6701344   3357       18.04
6701453   3357       18.04
673822    3357       16.86
6841910   3357       16.86
7211860   3357       19.30
7240399   3357       18.04
7300376   3357       16.86
7301470   3357       16.86
7305494   3357       18.04
7305781   3357       16.86
7309317   3357       16.86
7309375   3357       16.86
7310425   3357       20.65
7310959   3357       18.04
7311233   3357       18.04
7311255   3357       16.86
7312149   3357       18.04
7313189   3357       16.86
7314050   3357       16.86
7314987   3357       20.65
7315048   3357       19.30
7315058   3357       18.04
7315331   3357       18.04
7316059   3357       20.65
7316139   3357       19.30
7316607   3357       22.10
7316959   3357       19.30
7317744   3357       16.86
7318041   3357       18.04
7319649   3357       19.30
7321787   3357       20.65
7322304   3357       16.86
7322780   3357       16.86
7322794   3357       16.86
7324725   3357       19.30
7325664   3357       16.86
7325721   3357       18.04
7325722   3357       18.04
7325778   3357       16.86
7328421   3357       16.86
7330948   3357       18.04
7331943   3357       16.86
7332202   3357       16.86
7332734   3357       18.04
7333145   3357       19.30
7333526   3357       16.86
7335642   3357       20.65
7337422   3357       18.04
7337778   3357       16.86
7338055   3357       20.65
7340200   3357       16.86
7340742   3357       18.04
7340989   3357       16.86
7342107   3357       16.86
7342680   3357       18.04
7343605   3357       16.86
7344290   3357       16.86
7344465   3357       16.86
7347856   3357       18.04
7348137   3357       16.86
7348986   3357       18.04
7349428   3357       22.10
7349843   3357       16.86
7350162   3357       16.86
7350273   3357       16.86
7351297   3357       16.86
7352317   3357       16.86
7353377   3357       18.04
7354064   3357       16.86
7355928   3357       16.86
7359478   3357       19.30
7360346   3357       16.86
7360517   3357       18.04
7363171   3357       16.86
7363652   3357       18.04
7365166   3357       18.04
7365545   3357       16.86
7367276   3357       16.86
7368710   3357       16.86
7369018   3357       18.04
7371154   3357       18.04
7372156   3357       16.86
7372973   3357       16.86
7373089   3357       16.86
7373215   3357       20.65
7374243   3357       16.86
7374616   3357       18.04
7377030   3357       16.86
7377579   3357       18.04
7379256   3357       16.86
7380616   3357       16.86
7381553   3357       18.04
7382148   3357       19.30
7382532   3357       16.86
7384964   3357       18.04
7387544   3357       18.04
7388038   3357       16.86
7388080   3357       18.04
7388125   3357       19.30
7388199   3357       16.86
7389581   3357       18.04
7391472   3357       16.86
7392153   3357       19.30
7393061   3357       16.86
7393144   3357       16.86
7395742   3357       16.86
7396051   3357       18.04
7398038   3357       18.04
7400031   3357       18.04
7401094   3357       18.04
7401380   3357       18.04
7401853   3357       16.86
7403123   3357       16.86
7403188   3357       16.86
7403563   3357       16.86
7406353   3357       18.04
7408531   3357       18.04
7409730   3357       16.86
7410177   3357       22.10
7412535   3357       19.30
7412738   3357       22.10
7415285   3357       22.10
7415448   3357       18.04
7416870   3357       16.86
7417289   3357       16.86
7417791   3357       18.04
7418898   3357       16.86
7418939   3357       18.04
7419340   3357       16.86
7419740   3357       16.86
7419800   3357       22.10
7419866   3357       16.86
7420316   3357       18.04
7420429   3357       19.30
7423108   3357       19.30
7423415   3357       18.04
7423444   3357       18.04
7425063   3357       16.86
7425430   3357       18.04
7425900   3357       16.86
7426046   3357       18.04
7427359   3357       16.86
7427520   3357       18.04
7429274   3357       18.04
7432253   3357       19.30
7434591   3357       18.04
7435158   3357       16.86
7436077   3357       16.86
7436996   3357       18.04
7437806   3357       16.86
7437808   3357       16.86
7438450   3357       18.04
7439597   3357       20.65
7439617   3357       18.04
7439629   3357       18.04
7440809   3357       16.86
7442445   3357       18.04
7444497   3357       16.86
7444651   3357       19.30
7444842   3357       18.04
7444889   3357       20.65
7445661   3357       16.86
7446644   3357       18.04
7447067   3357       18.04
7447334   3357       20.65
7447992   3357       16.86
7449457   3357       16.86
7455429   3357       18.04
7455588   3357       18.04
7461704   3357       18.04
7465820   3357       18.04
7465910   3357       18.04
7466779   3357       22.10
7466870   3357       18.04
7502836   3357       19.30
7548386   3357       16.86
770342    3357       18.04
7917981   3357       18.04
7981510   3357       19.30
7982728   3357       16.86
7982865   3357       19.30
7983170   3357       16.86
7984159   3357       18.04
7985605   3357       18.04
7988969   3357       18.04
8054279   3357       16.86
8064487   3357       18.04
8140450   3357       16.86
8594315   3357       18.04
8718789   3357       18.04
8734286   3357       19.30
9066082   3357       16.86
9100619   3357       18.04
9211039   3357       16.86
9261804   3357       19.30
9317884   3357       19.30
9433060   3357       18.04
9540404   3357       19.30
9540845   3357       20.65
9542018   3357       19.30
9542237   3357       16.86
9543174   3357       18.04
9543530   3357       19.30
9544179   3357       18.04
9544345   3357       16.86
9544429   3357       19.30
9544827   3357       19.30
9545198   3357       16.86
9545952   3357       16.86
9546474   3357       18.04
9547148   3357       16.86
9551389   3357       18.04
9552709   3357       16.86
9553039   3357       18.04
9553047   3357       16.86
9553149   3357       16.86
9555077   3357       20.65
9555609   3357       18.04
9555641   3357       18.04
9557148   3357       20.65
9557803   3357       16.86
9557875   3357       16.86
9557894   3357       16.86
9558628   3357       16.86
9560453   3357       16.86
9570736   3357       18.04
9572755   3357       18.04
9577605   3357       18.04
9601343   3357       18.04
9603154   3357       16.86
9603683   3357       19.30
9603870   3357       16.86
9604166   3357       16.86
9604592   3357       22.10
9607091   3357       16.86
9608547   3357       18.04
9609337   3357       16.86
9609338   3357       18.04
9612117   3357       19.30
9612692   3357       18.04
9614364   3357       19.30
9615563   3357       18.04
9615964   3357       18.04
9617493   3357       16.86
9620242   3357       19.30
9620248   3357       20.65
9620376   3357       18.04
9620599   3357       19.30
9620701   3357       16.86
9620720   3357       16.86
9622347   3357       20.65
9624370   3357       22.10
9624596   3357       16.86
9625361   3357       18.04
9625933   3357       18.04
9626215   3357       16.86
9627150   3357       19.30
9627523   3357       18.04
9627724   3357       16.86
9629963   3357       19.30
9631462   3357       19.30
9634554   3357       18.04
9634674   3357       18.04
9636806   3357       16.86
9638320   3357       18.04
9639201   3357       16.86
9845319   3357       16.86
9846320   3357       19.30
9847068   3357       16.86
9847350   3357       18.04
9848693   3357       16.86
9850403   3357       18.04
9851111   3357       18.04
9851993   3357       18.04
