10107724  0357      271.12
10120357  0357      158.47
10121866  0357      392.91
10125466  0357       75.52
10126656  0357      105.64
10141786  0357      157.16
10312414  0357       75.52
10373550  0357      211.29
10639752  0357       75.52
10726693  0357      105.64
10760806  0357       75.52
10764554  0357      157.16
10770124  0357      105.64
10772668  0357       75.52
10774121  0357      157.16
10775520  0357      151.03
10776516  0357      271.12
10776915  0357       75.52
10777645  0357      158.47
10778464  0357       75.52
10779723  0357      514.52
10784623  0357      105.64
10820078  0357      157.16
10840266  0357      105.64
10841061  0357       75.52
10841823  0357      271.12
10842205  0357      105.64
10843324  0357      264.11
10844575  0357      542.25
10844947  0357      105.64
10845717  0357       75.52
10845943  0357      271.12
10846474  0357      105.64
10846532  0357      157.16
10846629  0357      105.64
10846940  0357      211.29
10846985  0357      105.64
10847648  0357       75.52
10848158  0357      212.24
10849906  0357      105.64
10849907  0357      157.16
10860593  0357      105.64
10903693  0357       75.52
10959957  0357      105.64
10960021  0357      105.64
10963442  0357      157.16
10963957  0357      157.16
10964062  0357      211.29
1108218   0357      408.87
1112379   0357      386.77
1115136   0357      508.12
11163187  0357       75.52
11177533  0357       75.52
11260715  0357      105.64
11261772  0357      271.12
11262378  0357      105.64
11263756  0357       75.52
11264465  0357      105.64
11264550  0357       75.52
11265496  0357      105.64
11265527  0357      157.16
11266390  0357      211.29
11267811  0357      151.03
11267932  0357      151.03
11268437  0357      271.12
11269196  0357      212.24
1129535   0357      386.77
11414487  0357      157.16
11425214  0357      105.64
11425449  0357      105.64
11426462  0357       75.52
11428034  0357       75.52
11428889  0357      264.11
11429539  0357      211.29
11429792  0357       75.52
11429991  0357      158.47
11430700  0357      105.64
11433167  0357      105.64
11433865  0357      211.29
11433968  0357      211.29
11434350  0357      105.64
11546168  0357       75.52
11580362  0357      157.16
11584952  0357      105.64
11586448  0357      105.64
11589730  0357      211.29
11594236  0357      271.12
11594524  0357       75.52
11596252  0357      105.64
11597667  0357      105.64
11598121  0357       75.52
11598207  0357       75.52
11598956  0357       75.52
11633896  0357       75.52
11645810  0357      105.64
11651035  0357      105.64
11651090  0357      105.64
11652405  0357      105.64
11653864  0357      105.64
11694358  0357       75.52
11694758  0357      105.64
11695394  0357      151.03
11749469  0357      105.64
11783201  0357      157.16
11783366  0357      271.12
11784637  0357       75.52
11786325  0357      271.12
11786432  0357       75.52
11787653  0357      211.29
11787807  0357      105.64
11788587  0357      314.33
11788630  0357      157.16
11790273  0357      105.64
11790818  0357      158.47
11791177  0357      105.64
11792127  0357      105.64
11792506  0357       75.52
11792846  0357      105.64
11878930  0357      105.64
11879419  0357      157.16
11879750  0357      271.12
11881224  0357      271.12
11881668  0357      188.79
11881669  0357       75.52
11882080  0357       75.52
11882720  0357      271.12
11883300  0357      211.29
11949766  0357      271.12
12011761  0357      542.25
12018571  0357      113.27
12018729  0357       75.52
12018852  0357      105.64
12019816  0357       75.52
12020535  0357      212.24
12021559  0357      157.16
12021966  0357      105.64
12022428  0357      157.16
12023306  0357      212.24
12023981  0357      158.47
12024178  0357      105.64
12024179  0357      105.64
12025294  0357      158.47
12025488  0357       75.52
12025491  0357       75.52
12026565  0357      105.64
12027093  0357      105.64
12027260  0357      534.82
12027527  0357       75.52
12027928  0357       75.52
12027973  0357      314.33
12080554  0357      105.64
12241212  0357      113.27
12242270  0357      105.64
12243077  0357       75.52
12244707  0357       75.52
12247738  0357      158.47
12248400  0357      188.79
12248755  0357      157.16
12248784  0357      151.03
12248960  0357      105.64
12249178  0357      271.12
12279667  0357      105.64
12314254  0357      530.60
1232375   0357      386.77
12369466  0357      105.64
12370670  0357      212.24
1239070   0357      408.87
12434895  0357       75.52
12435304  0357      105.64
12435757  0357      113.27
12435759  0357      264.11
12527456  0357       75.52
12534356  0357      105.64
12536172  0357      105.64
12536549  0357      212.24
1254062   0357      408.87
1257983   0357      386.77
1258658   0357      386.77
1261562   0357      408.87
1262953   0357      461.08
1263302   0357      408.87
1263303   0357      386.77
1263991   0357      386.77
1265436   0357      386.77
1266723   0357      282.37
12691465  0357      105.64
1269356   0357      773.54
12698409  0357       75.52
12698965  0357       75.52
12700553  0357       75.52
12701276  0357      105.64
12701301  0357      188.79
12702273  0357       75.52
12704473  0357       75.52
12704482  0357      314.33
12704649  0357      105.64
12704927  0357      105.64
12705860  0357      105.64
12706171  0357      105.64
12706774  0357      314.33
12707136  0357      105.64
1272390   0357      408.87
1273369   0357      386.77
1277938   0357      408.87
1278407   0357      386.77
12848719  0357      105.64
12849330  0357      212.24
12851330  0357      105.64
12852888  0357      105.64
12858616  0357      158.47
12878256  0357      105.64
12884972  0357      105.64
12934142  0357       75.52
12934525  0357       75.52
12935305  0357      105.64
12935606  0357      105.64
13032012  0357      151.03
13032033  0357      105.64
13034237  0357      105.64
13035222  0357      271.12
13084488  0357       75.52
13084886  0357       75.52
13180551  0357      105.64
1318484   0357      408.87
13187744  0357      211.29
13187816  0357      158.47
13188137  0357       75.52
13188604  0357      113.27
13264411  0357      105.64
13265462  0357       75.52
13265946  0357      158.47
13266369  0357      105.64
13268000  0357      151.03
13268185  0357      151.03
13268457  0357       75.52
13268537  0357      158.47
13343258  0357       75.52
13408041  0357       75.52
13510172  0357       75.52
13510180  0357       75.52
13519440  0357       75.52
13527636  0357      157.16
13566631  0357      271.12
13643981  0357      151.03
13643982  0357      113.27
13644051  0357      105.64
13644555  0357      188.79
13644665  0357      105.64
13644680  0357      392.91
13652653  0357       75.52
13674854  0357      157.16
13678214  0357      105.64
13678857  0357       75.52
13679940  0357      105.64
13724134  0357      158.47
13774187  0357       75.52
13774684  0357      105.64
13775452  0357       75.52
13775808  0357       75.52
13777181  0357      113.27
13785046  0357       75.52
13785661  0357      105.64
13785997  0357       75.52
13786181  0357      105.64
13787208  0357      105.64
13787741  0357       75.52
13842354  0357      105.64
13843775  0357      105.64
13856268  0357      105.64
13867427  0357      158.47
13868652  0357      105.64
13880177  0357       75.52
13880981  0357      105.64
13905892  0357       75.52
13986119  0357      105.64
13990906  0357      235.75
14003086  0357       75.52
14030527  0357       75.52
14031045  0357      105.64
14031497  0357      264.11
14093727  0357      158.47
14094806  0357      157.16
14143188  0357       75.52
14159223  0357      151.03
14176129  0357      105.64
14176671  0357      105.64
14270811  0357      188.79
14293118  0357      158.47
1431183   0357      386.77
14335445  0357       75.52
14335539  0357      105.64
14372299  0357      157.16
14372545  0357       75.52
14372818  0357      997.71
14376347  0357      105.64
14398946  0357      105.64
14399267  0357      113.27
14405196  0357      105.64
14405401  0357      105.64
14513487  0357       75.52
14590375  0357       75.52
14607589  0357      113.27
14648947  0357      105.64
14649126  0357       75.52
14825867  0357      105.64
14877620  0357      105.64
14877805  0357      157.16
14877859  0357      212.24
14879597  0357      211.29
14879704  0357      188.79
14880827  0357      157.16
15170350  0357       75.52
15177340  0357      157.16
15177867  0357      151.03
15306151  0357      188.79
15306996  0357       75.52
15352095  0357      105.64
15444811  0357      157.16
15448608  0357      105.64
15597541  0357       75.52
15598043  0357       75.52
15598319  0357      105.64
15598510  0357      211.29
15598933  0357       75.52
15599928  0357      113.27
15668151  0357      211.29
15668851  0357       75.52
15690244  0357       75.52
15729233  0357      158.47
15729536  0357      188.79
15778630  0357      158.47
15885754  0357       75.52
15959808  0357       75.52
15961650  0357       75.52
16001576  0357       75.52
16137706  0357       75.52
16138119  0357      158.47
1631390   0357      455.00
16324090  0357      105.64
16385667  0357       75.52
16387437  0357      211.29
16594051  0357       75.52
16641426  0357       75.52
16736267  0357      105.64
16770549  0357      105.64
16788972  0357      211.29
16796439  0357      151.03
17011869  0357      211.29
17012587  0357      264.11
17019549  0357      105.64
17033230  0357       75.52
17033256  0357       75.52
17104175  0357      105.64
17306742  0357       75.52
1737075   0357      408.87
17379215  0357      113.27
17380736  0357       75.52
17572385  0357      211.29
17574055  0357       75.52
17626132  0357      151.03
1763812   0357      461.08
1764349   0357      408.87
1765295   0357      817.74
1769938   0357      408.87
17727473  0357       75.52
17859806  0357       75.52
17859921  0357      151.03
17872590  0357      105.64
17965237  0357      158.47
18054647  0357      105.64
18058393  0357       75.52
18059918  0357      105.64
18263579  0357      105.64
18263756  0357      105.64
1834693   0357      282.37
18421508  0357       75.52
18471327  0357      105.64
18618969  0357       75.52
18655916  0357      105.64
18656459  0357      158.47
18785684  0357       75.52
18928116  0357       75.52
18950730  0357       75.52
1906129   0357      386.77
19166206  0357      188.79
19262723  0357      105.64
1926999   0357      386.77
19324610  0357      211.29
19424156  0357      211.29
19431369  0357      105.64
19827450  0357       75.52
19850185  0357      188.79
19886649  0357      264.11
19973112  0357      105.64
20046577  0357      151.03
20046584  0357      151.03
20187870  0357      151.03
20189202  0357      212.24
20235584  0357      151.03
2030572   0357      408.87
2033664   0357      411.62
20348834  0357      113.27
20351464  0357      211.29
21140944  0357      113.27
2130876   0357      408.87
2157417   0357     1029.06
2186056   0357      408.87
2189077   0357      408.87
2196831   0357      408.87
2198274   0357      388.24
2198799   0357      408.87
22326349  0357       75.52
2272067   0357      408.87
23156662  0357      386.77
2376223   0357      419.46
2380275   0357      386.77
2384661   0357      386.77
2529886   0357      386.77
2532585   0357      408.87
2533320   0357      408.87
2534786   0357      282.92
2535843   0357      386.77
2536373   0357      386.77
2536795   0357      386.77
2539607   0357      386.77
2539943   0357      408.87
2541142   0357      386.77
2541439   0357      529.22
2541709   0357      386.77
2543654   0357      386.77
2543813   0357      386.77
2543932   0357      408.87
2592064   0357      386.77
2592966   0357      420.77
2593377   0357      386.77
2593686   0357      408.87
2596405   0357      456.96
2597854   0357      386.77
2598033   0357      386.77
2598733   0357      386.77
2598872   0357      408.87
2601437   0357      386.77
2603046   0357      386.77
2605117   0357      386.77
2605164   0357      386.77
2605539   0357      282.92
2605823   0357      282.34
2607322   0357      416.54
2608233   0357      406.34
2608304   0357      408.87
2608554   0357      386.77
2684589   0357      386.77
2741170   0357      410.90
2854705   0357      408.87
2870837   0357      408.87
2910376   0357      408.87
2910432   0357      408.87
2911765   0357      408.87
2912407   0357      408.87
2912692   0357      411.62
2913757   0357      408.87
2913809   0357      408.87
2915293   0357      408.87
2915714   0357      386.77
2915780   0357      408.87
2916102   0357      282.92
2916362   0357      386.77
2916467   0357      408.87
2916786   0357      408.87
2918280   0357      966.93
2992913   0357      408.87
3035349   0357      386.77
3080057   0357      617.44
3080311   0357      386.77
3080984   0357      563.54
3081351   0357      386.77
3082505   0357      492.40
3083006   0357      386.77
3083065   0357      408.87
3083457   0357      408.87
3083843   0357      408.87
3084868   0357      386.77
3084978   0357      408.87
3085009   0357      408.87
3085276   0357      387.38
3090485   0357      411.67
3156003   0357      466.50
3234299   0357      387.38
3245420   0357      386.77
3314884   0357      305.98
3315121   0357      408.87
3315781   0357      408.87
3317339   0357      435.62
3317520   0357      386.77
3318589   0357      446.53
3318694   0357      467.42
3318719   0357      386.77
3319659   0357      408.87
3320986   0357      386.77
3322128   0357      409.92
3322284   0357      408.87
3322381   0357      386.77
3324084   0357      537.54
3324110   0357      581.83
3324403   0357      411.62
3329806   0357      386.77
3353242   0357      466.50
3528540   0357      420.24
3533360   0357      495.51
3535445   0357      408.87
3535676   0357      386.77
3535838   0357      408.87
3538837   0357      419.60
3539352   0357      386.77
3541739   0357      386.77
3541975   0357      282.37
3542004   0357      157.16
3542015   0357      325.95
3554092   0357      386.77
3593839   0357      408.87
3598528   0357      386.77
3710064   0357      528.75
3759377   0357      408.87
3784066   0357      408.87
3784441   0357      430.06
3785251   0357      386.77
3792247   0357      386.77
3830110   0357      408.87
3855157   0357      282.34
3855577   0357      386.77
3856978   0357      408.87
3857004   0357      408.87
3857220   0357      386.79
3857667   0357      408.87
3857878   0357      386.77
3858323   0357      773.54
3858856   0357      157.16
3859230   0357      608.14
3864991   0357      450.59
3875055   0357      475.95
3877925   0357     1186.73
3878006   0357      512.74
3963688   0357      458.12
3964093   0357      529.72
3964337   0357      408.87
3965704   0357      408.87
3969513   0357      411.81
4001934   0357      508.38
4064149   0357      416.84
4065177   0357      408.87
4065584   0357      105.64
4065648   0357      531.27
4066245   0357      408.87
4067118   0357      449.37
4067735   0357      472.89
4067795   0357      386.77
4068788   0357      408.87
4071074   0357      551.98
4071241   0357      483.22
4107436   0357       75.52
4191539   0357      408.87
4193094   0357      966.93
4194671   0357      416.38
4195654   0357      408.87
4199927   0357      282.37
4200911   0357      408.87
4238916   0357      408.87
430240    0357      408.87
4317775   0357      593.77
4373204   0357      610.72
4373479   0357      408.87
4375498   0357      411.62
4375998   0357      396.19
4376813   0357      448.86
4377201   0357      386.77
4378140   0357      408.87
4378236   0357      408.87
4378283   0357      408.87
4378759   0357      563.05
4379154   0357      408.87
4381341   0357      408.87
4381614   0357      466.81
4382400   0357      580.16
4383023   0357      157.16
4383200   0357      408.87
4385047   0357      386.77
4386936   0357      212.24
4387777   0357      188.79
4409485   0357      570.15
4409788   0357      408.87
4409789   0357      887.93
4414417   0357      464.51
4414541   0357      409.84
4414909   0357      386.77
4415675   0357      408.87
443869    0357      386.77
4609506   0357      415.30
4610129   0357      408.87
4720170   0357      113.27
4720923   0357      105.64
4721016   0357       75.52
4721639   0357      408.87
4722680   0357      408.87
4722814   0357      310.31
4723168   0357      408.87
4723276   0357      458.70
4723403   0357      408.87
4724433   0357      386.77
4725919   0357      314.33
4727740   0357       75.52
4728331   0357      408.87
4729448   0357      291.66
4729575   0357      382.23
4730168   0357      594.15
4730490   0357      408.87
4730823   0357      583.20
4731322   0357      574.85
4731494   0357      419.72
4732090   0357      473.09
4732618   0357       75.52
4734527   0357       75.52
4734940   0357       75.52
4735505   0357      408.87
4738424   0357      386.77
4739546   0357      510.84
4739796   0357      157.16
4754833   0357      521.56
4803744   0357      652.30
4805842   0357      105.64
4827213   0357      435.58
4853128   0357      359.45
4882144   0357      307.23
5017295   0357       75.52
5022967   0357      386.77
5237805   0357      105.64
5238236   0357      408.87
5239261   0357      449.14
5240821   0357      408.87
5242545   0357      435.43
5244302   0357      466.50
5244483   0357       75.52
5244484   0357      419.72
5244765   0357      408.87
5245261   0357      157.16
5248926   0357      469.88
5248954   0357      432.01
5249259   0357      105.64
5249817   0357      157.16
5250965   0357      386.77
5251153   0357      492.86
5251214   0357      444.50
5252606   0357      314.33
5253930   0357      408.87
5254613   0357      531.99
5254952   0357      408.87
5255567   0357      105.64
5255641   0357      157.16
5257069   0357      430.39
5257175   0357      386.77
5257421   0357      212.24
5257727   0357      264.11
5257774   0357      105.64
5259121   0357      408.87
5259785   0357      408.87
5261116   0357       75.52
5261139   0357      480.85
5261250   0357      408.87
5261418   0357      421.71
5261643   0357      510.52
5263470   0357      433.14
5344986   0357       75.52
5435450   0357      459.36
5436619   0357      157.16
5436795   0357      315.14
5438690   0357      448.97
5439480   0357      105.64
5439865   0357      530.60
5458236   0357       75.52
5461455   0357      386.79
5605414   0357      984.42
5658043   0357      481.45
5688352   0357      105.64
5765952   0357      105.64
5779173   0357      105.64
5915261   0357      386.77
5921128   0357      581.48
5921800   0357       75.52
5923624   0357      157.16
5925143   0357      157.16
5925949   0357      282.37
5929492   0357      105.64
5935536   0357      392.91
5938630   0357      503.44
5938995   0357      105.64
6044716   0357      158.47
6125595   0357      188.79
6127630   0357      474.20
6238388   0357      271.12
6394853   0357      365.29
64800     0357      387.38
6537141   0357      408.87
6573443   0357      500.65
6573855   0357      212.24
6573893   0357       75.52
6575243   0357       75.52
6575301   0357      105.64
6584406   0357     1022.18
6602322   0357       75.52
6634354   0357      105.64
6689708   0357      105.64
6690236   0357      105.64
6701343   0357      105.64
6701344   0357      105.64
6701453   0357      105.64
673822    0357      408.87
6841910   0357       75.52
7076647   0357      105.64
7211860   0357      157.16
7240399   0357      105.64
7300376   0357      448.97
7301470   0357      408.87
7305494   0357      386.77
7305781   0357      408.87
7308623   0357      452.67
7309317   0357       75.52
7309375   0357       75.52
7310425   0357      212.24
7310959   0357      386.77
7311233   0357      412.83
7311255   0357      530.41
7312149   0357      486.12
7313189   0357      408.87
7314050   0357       75.52
7314987   0357      212.24
7315048   0357      157.16
7315058   0357     1169.03
7315331   0357      105.64
7316059   0357      212.24
7316139   0357      157.16
7316607   0357      529.22
7316959   0357      773.54
7317744   0357      817.74
7318041   0357      421.12
7319649   0357      314.33
7321787   0357       75.52
7322304   0357       75.52
7322780   0357       75.52
7322794   0357      577.42
7324725   0357      386.77
7325664   0357      406.69
7325721   0357      386.77
7325722   0357      561.93
7325778   0357      282.37
7328421   0357       75.52
7330948   0357      105.64
7331943   0357      751.42
7332202   0357      510.49
7332734   0357      580.16
7333145   0357      157.16
7333526   0357     1020.98
7335642   0357      105.64
7337422   0357      378.56
7337778   0357       75.52
7338055   0357      212.24
7340200   0357      408.87
7340742   0357      409.92
7340989   0357      480.42
7342107   0357       75.52
7342680   0357      386.77
7343605   0357       75.52
7344290   0357       75.52
7344465   0357      151.03
7347856   0357      386.77
7348137   0357       75.52
7348986   0357      491.00
7349428   0357      677.81
7349843   0357       75.52
7350162   0357      420.05
7350273   0357       75.52
7351297   0357      353.54
7352317   0357       75.52
7353364   0357      151.03
7353377   0357      105.64
7354064   0357       75.52
7354848   0357      282.37
7355928   0357      408.87
7359478   0357      157.16
7360346   0357       75.52
7360517   0357      105.64
7363171   0357      391.59
7363652   0357      105.64
7365166   0357      105.64
7365545   0357       75.52
7367276   0357       75.52
7368710   0357      151.03
7369018   0357      105.64
7371154   0357      105.64
7372156   0357       75.52
7372973   0357      456.58
7373089   0357       75.52
7373215   0357      212.24
7374243   0357       75.52
7374616   0357      386.77
7377030   0357       75.52
7377579   0357      105.64
7379256   0357      151.03
7380616   0357       75.52
7381553   0357      105.64
7382148   0357      427.16
7382532   0357       75.52
7384964   0357      105.64
7387544   0357      211.29
7388038   0357       75.52
7388080   0357      105.64
7388125   0357      157.16
7388199   0357      113.27
7389581   0357      105.64
7391472   0357       75.52
7392153   0357      392.91
7393061   0357       75.52
7393144   0357      151.03
7395742   0357      282.34
7396051   0357      158.47
7398038   0357      343.05
7400031   0357      105.64
7401094   0357      105.64
7401380   0357      105.64
7401853   0357       75.52
7403123   0357       75.52
7403188   0357       75.52
7403563   0357       75.52
7406353   0357      105.64
7408531   0357      105.64
7409730   0357       75.52
7410177   0357      271.12
7412535   0357      157.16
7412738   0357       75.52
7415285   0357      271.12
7415448   0357      105.64
7416870   0357       75.52
7417289   0357      151.03
7417791   0357      211.29
7418898   0357       75.52
7418939   0357       75.52
7419340   0357       75.52
7419740   0357      503.43
7419800   0357      105.64
7419866   0357      188.79
7420316   0357      105.64
7420429   0357      157.16
7423108   0357      157.16
7423415   0357      105.64
7423444   0357      538.47
7425063   0357       75.52
7425430   0357      105.64
7425900   0357       75.52
7426046   0357      105.64
7427359   0357       75.52
7427520   0357      105.64
7429274   0357      105.64
7432253   0357      157.16
7434591   0357      264.11
7435158   0357      188.79
7436077   0357      151.03
7436996   0357      105.64
7437806   0357       75.52
7437808   0357       75.52
7438450   0357      105.64
7439597   0357      424.48
7439617   0357      105.64
7439629   0357      105.64
7440809   0357      307.21
7442445   0357      105.64
7444497   0357      113.27
7444651   0357      157.16
7444842   0357      105.64
7444889   0357      424.48
7445661   0357       75.52
7446382   0357      157.16
7446644   0357      105.64
7447067   0357      264.11
7447992   0357       75.52
7449457   0357       75.52
7455429   0357      507.98
7455588   0357      105.64
7461704   0357      105.64
7465820   0357      264.11
7465910   0357      105.64
7466779   0357      575.79
7466870   0357      541.12
7502836   0357      444.52
7548386   0357      386.44
7548420   0357      488.65
770342    0357      386.77
7917981   0357      105.64
7981510   0357      157.16
7982728   0357       75.52
7982865   0357      157.16
7983170   0357       75.52
7984159   0357      105.64
7985605   0357      306.37
7988969   0357      604.87
8054279   0357      443.99
8064487   0357      723.22
8069571   0357      105.64
8140450   0357      310.63
8594315   0357      105.64
8718789   0357      211.29
8734286   0357      157.16
9066082   0357      408.87
9100619   0357      604.87
9211039   0357       75.52
9261804   0357      157.16
9317884   0357      314.33
9433060   0357      105.64
9540404   0357      157.16
9540845   0357      318.36
9542018   0357      157.16
9542237   0357       75.52
9543174   0357      105.64
9543530   0357      491.50
9544179   0357      105.64
9544345   0357       75.52
9544429   0357      157.16
9544827   0357      157.16
9545198   0357      408.87
9545952   0357      521.85
9546474   0357      105.64
9547148   0357       75.52
9551389   0357      105.64
9552709   0357      444.65
9553039   0357      753.63
9553047   0357       75.52
9553149   0357       75.52
9553310   0357      151.03
9555077   0357      421.09
9555609   0357       75.52
9555641   0357      105.64
9557148   0357      424.48
9557803   0357       75.52
9557875   0357       75.52
9557894   0357      516.72
9558628   0357       75.52
9560453   0357       75.52
9570736   0357      508.58
9572755   0357      105.64
9577605   0357      540.68
9601343   0357      264.11
9603154   0357       75.52
9603683   0357      105.64
9603870   0357      282.37
9604166   0357       75.52
9604592   0357      406.69
9607091   0357      408.87
9608547   0357      105.64
9609337   0357       75.52
9609338   0357      211.29
9612117   0357      606.07
9612530   0357     1418.85
9612692   0357      105.64
9614364   0357      151.03
9615563   0357      105.64
9615964   0357      105.64
9617493   0357      151.03
9620242   0357      314.33
9620248   0357      424.48
9620376   0357      105.64
9620599   0357      157.16
9620701   0357       75.52
9620720   0357       75.52
9621777   0357      105.64
9622347   0357      105.64
9624370   0357      271.12
9624596   0357       75.52
9625361   0357      105.64
9625933   0357      211.29
9626082   0357      105.64
9626215   0357       75.52
9627150   0357      392.91
9627523   0357      211.29
9627724   0357       75.52
9629963   0357      157.16
9631462   0357      157.16
9634554   0357      553.12
9634674   0357      105.64
9636806   0357       75.52
9638320   0357      105.64
9639201   0357       75.52
9845319   0357       75.52
9846320   0357      157.16
9847068   0357       75.52
9847350   0357      585.92
9848693   0357       75.52
9850403   0357      105.64
9851111   0357      105.64
9851993   0357      543.88
10107724  3357      271.12
10120357  3357      105.64
10121866  3357      157.16
10125466  3357       75.52
10126656  3357      105.64
10141786  3357      157.16
10312414  3357       75.52
10373550  3357      105.64
10639752  3357       75.52
10726693  3357      105.64
10760806  3357       75.52
10764554  3357      157.16
10770124  3357      105.64
10772668  3357       75.52
10774121  3357      157.16
10775520  3357       75.52
10776516  3357      271.12
10776915  3357       75.52
10777645  3357      105.64
10778464  3357       75.52
10779723  3357      514.52
10784623  3357      105.64
10820078  3357      157.16
10840266  3357      105.64
10841061  3357       75.52
10841823  3357      271.12
10842205  3357      105.64
10843324  3357      105.64
10844575  3357      271.12
10844947  3357      105.64
10845717  3357       75.52
10845943  3357      271.12
10846474  3357      105.64
10846532  3357      157.16
10846629  3357      105.64
10846940  3357      105.64
10846985  3357      105.64
10847648  3357       75.52
10848158  3357      212.24
10849906  3357      105.64
10849907  3357      157.16
10860593  3357      105.64
10903693  3357       75.52
10959957  3357      105.64
10960021  3357      105.64
10963442  3357      157.16
10963957  3357      157.16
10964062  3357      105.64
1108218   3357      408.87
1112379   3357      386.77
1115136   3357      508.12
11163187  3357       75.52
11177533  3357       75.52
11260715  3357      105.64
11261772  3357      271.12
11262378  3357      105.64
11263756  3357       75.52
11264465  3357      105.64
11264550  3357       75.52
11265496  3357      105.64
11265527  3357      157.16
11266390  3357      105.64
11267811  3357       75.52
11267932  3357       75.52
11268437  3357      271.12
11269196  3357      212.24
1129535   3357      386.77
11414487  3357      157.16
11425214  3357      105.64
11425449  3357      105.64
11426462  3357       75.52
11428034  3357       75.52
11428889  3357      105.64
11429539  3357      105.64
11429792  3357       75.52
11429991  3357      105.64
11430700  3357      105.64
11433167  3357      105.64
11433865  3357      105.64
11433968  3357      105.64
11434350  3357      105.64
11546168  3357       75.52
11580362  3357      157.16
11584952  3357      105.64
11586448  3357      105.64
11589730  3357      105.64
11594236  3357      271.12
11594524  3357       75.52
11596252  3357      105.64
11597667  3357      105.64
11598121  3357       75.52
11598207  3357       75.52
11598956  3357       75.52
11633896  3357       75.52
11645810  3357      105.64
11651035  3357      105.64
11651090  3357      105.64
11652405  3357      105.64
11653864  3357      105.64
11694358  3357       75.52
11694758  3357      105.64
11695394  3357       75.52
11749469  3357      105.64
11783201  3357      157.16
11783366  3357      271.12
11784637  3357       75.52
11786325  3357      271.12
11786432  3357       75.52
11787653  3357      105.64
11787807  3357      105.64
11788587  3357      157.16
11788630  3357      157.16
11790273  3357      105.64
11790818  3357      105.64
11791177  3357      105.64
11792127  3357      105.64
11792506  3357       75.52
11792846  3357      105.64
11878930  3357      105.64
11879419  3357      157.16
11879750  3357      271.12
11881224  3357      271.12
11881668  3357       75.52
11881669  3357       75.52
11882080  3357       75.52
11882720  3357      271.12
11883300  3357      105.64
11949766  3357      271.12
12011761  3357      271.12
12018571  3357       75.52
12018729  3357       75.52
12018852  3357      105.64
12019816  3357       75.52
12020535  3357      212.24
12021559  3357      157.16
12021966  3357      105.64
12022428  3357      157.16
12023306  3357      212.24
12023981  3357      105.64
12024178  3357      105.64
12024179  3357      105.64
12025294  3357      105.64
12025488  3357       75.52
12025491  3357       75.52
12026565  3357      105.64
12027093  3357      105.64
12027260  3357      534.82
12027527  3357       75.52
12027928  3357       75.52
12027973  3357      157.16
12080554  3357      105.64
12241212  3357       75.52
12242270  3357      105.64
12243077  3357       75.52
12244707  3357       75.52
12247738  3357      105.64
12248400  3357       75.52
12248755  3357      157.16
12248784  3357       75.52
12248960  3357      105.64
12249178  3357      271.12
12279667  3357      105.64
12314254  3357      212.24
1232375   3357      386.77
12369466  3357      105.64
12370670  3357      212.24
1239070   3357      408.87
12434895  3357       75.52
12435304  3357      105.64
12435757  3357       75.52
12435759  3357      105.64
12527456  3357       75.52
12534356  3357      105.64
12536172  3357      105.64
12536549  3357      212.24
1254062   3357      408.87
1257983   3357      386.77
1258658   3357      386.77
1261562   3357      408.87
1262953   3357      461.08
1263302   3357      408.87
1263303   3357      386.77
1263991   3357      386.77
1265436   3357      386.77
1266723   3357      282.37
12691465  3357      105.64
1269356   3357      386.77
12698409  3357       75.52
12698965  3357       75.52
12700553  3357       75.52
12701276  3357      105.64
12701301  3357       75.52
12702273  3357       75.52
12704473  3357       75.52
12704482  3357      157.16
12704649  3357      105.64
12704927  3357      105.64
12705860  3357      105.64
12706171  3357      105.64
12706774  3357      157.16
12707136  3357      105.64
1272390   3357      408.87
1273369   3357      386.77
1277938   3357      408.87
1278407   3357      386.77
12848719  3357      105.64
12849330  3357      212.24
12851330  3357      105.64
12852888  3357      105.64
12858616  3357      105.64
12878256  3357      105.64
12884972  3357      105.64
12934142  3357       75.52
12934525  3357       75.52
12935305  3357      105.64
12935606  3357      105.64
13032012  3357       75.52
13032033  3357      105.64
13034237  3357      105.64
13035222  3357      271.12
13084488  3357       75.52
13084886  3357       75.52
13180551  3357      105.64
1318484   3357      408.87
13187744  3357      105.64
13187816  3357      105.64
13188137  3357       75.52
13188604  3357       75.52
13264411  3357      105.64
13265462  3357       75.52
13265946  3357      105.64
13266369  3357      105.64
13268000  3357       75.52
13268185  3357       75.52
13268457  3357       75.52
13268537  3357      105.64
13343258  3357       75.52
13408041  3357       75.52
13510172  3357       75.52
13510180  3357       75.52
13519440  3357       75.52
13527636  3357      157.16
13566631  3357      271.12
13643981  3357       75.52
13643982  3357       75.52
13644051  3357      105.64
13644555  3357       75.52
13644665  3357      105.64
13644680  3357      157.16
13652653  3357       75.52
13674854  3357      157.16
13678214  3357      105.64
13678857  3357       75.52
13679940  3357      105.64
13724134  3357      105.64
13774187  3357       75.52
13774684  3357      105.64
13775452  3357       75.52
13775808  3357       75.52
13777181  3357       75.52
13785046  3357       75.52
13785661  3357      105.64
13785997  3357       75.52
13786181  3357      105.64
13787208  3357      105.64
13787741  3357       75.52
13842354  3357      105.64
13843775  3357      105.64
13856268  3357      105.64
13867427  3357      105.64
13868652  3357      105.64
13880177  3357       75.52
13880981  3357      105.64
13905892  3357       75.52
13986119  3357      105.64
13990906  3357      157.16
14003086  3357       75.52
14030527  3357       75.52
14031045  3357      105.64
14031497  3357      105.64
14093727  3357      105.64
14094806  3357      157.16
14143188  3357       75.52
14159223  3357       75.52
14176129  3357      105.64
14176671  3357      105.64
14270811  3357       75.52
14293118  3357      105.64
1431183   3357      386.77
14335445  3357       75.52
14335539  3357      105.64
14372299  3357      157.16
14372545  3357       75.52
14372818  3357      399.08
14376347  3357      105.64
14398946  3357      105.64
14399267  3357       75.52
14405196  3357      105.64
14405401  3357      105.64
14513487  3357       75.52
14590375  3357       75.52
14607589  3357       75.52
14648947  3357      105.64
14649126  3357       75.52
14825867  3357      105.64
14877620  3357      105.64
14877805  3357      157.16
14877859  3357      212.24
14879597  3357      105.64
14879704  3357       75.52
14880827  3357      157.16
15170350  3357       75.52
15177340  3357      157.16
15177867  3357       75.52
15306151  3357       75.52
15306996  3357       75.52
15352095  3357      105.64
15444811  3357      157.16
15448608  3357      105.64
15597541  3357       75.52
15598043  3357       75.52
15598319  3357      105.64
15598510  3357      105.64
15598933  3357       75.52
15599928  3357       75.52
15668151  3357      105.64
15668851  3357       75.52
15690244  3357       75.52
15729233  3357      105.64
15729536  3357       75.52
15778630  3357      105.64
15885754  3357       75.52
15959808  3357       75.52
15961650  3357       75.52
16001576  3357       75.52
16137706  3357       75.52
16138119  3357      105.64
1631390   3357      455.00
16324090  3357      105.64
16385667  3357       75.52
16387437  3357      105.64
16594051  3357       75.52
16641426  3357       75.52
16736267  3357      105.64
16770549  3357      105.64
16788972  3357      105.64
16796439  3357       75.52
17011869  3357      105.64
17012587  3357      105.64
17019549  3357      105.64
17033230  3357       75.52
17033256  3357       75.52
17104175  3357      105.64
17306742  3357       75.52
1737075   3357      408.87
17379215  3357       75.52
17380736  3357       75.52
17572385  3357      105.64
17574055  3357       75.52
17626132  3357       75.52
1763812   3357      461.08
1764349   3357      408.87
1765295   3357      408.87
1769938   3357      408.87
17727473  3357       75.52
17859806  3357       75.52
17859921  3357       75.52
17872590  3357      105.64
17965237  3357      105.64
18054647  3357      105.64
18058393  3357       75.52
18059918  3357      105.64
18263579  3357      105.64
18263756  3357      105.64
1834693   3357      282.37
18421508  3357       75.52
18471327  3357      105.64
18618969  3357       75.52
18655916  3357      105.64
18656459  3357      105.64
18785684  3357       75.52
18928116  3357       75.52
18950730  3357       75.52
1906129   3357      386.77
19166206  3357       75.52
19262723  3357      105.64
1926999   3357      386.77
19324610  3357      105.64
19424156  3357      105.64
19431369  3357      105.64
19827450  3357       75.52
19850185  3357       75.52
19886649  3357      105.64
19973112  3357      105.64
20046577  3357       75.52
20046584  3357       75.52
20187870  3357       75.52
20189202  3357      212.24
20235584  3357       75.52
2030572   3357      408.87
2033664   3357      411.62
20348834  3357       75.52
20351464  3357      105.64
21140944  3357       75.52
2130876   3357      408.87
2157417   3357      411.62
2186056   3357      408.87
2189077   3357      408.87
2196831   3357      408.87
2198274   3357      388.24
2198799   3357      408.87
22326349  3357       75.52
2272067   3357      408.87
23156662  3357      386.77
2376223   3357      419.46
2380275   3357      386.77
2384661   3357      386.77
2529886   3357      386.77
2532585   3357      408.87
2533320   3357      408.87
2534786   3357      282.92
2535843   3357      386.77
2536373   3357      386.77
2536795   3357      386.77
2539607   3357      386.77
2539943   3357      408.87
2541142   3357      386.77
2541439   3357      529.22
2541709   3357      386.77
2543654   3357      386.77
2543813   3357      386.77
2543932   3357      408.87
2592064   3357      386.77
2592966   3357      420.77
2593377   3357      386.77
2593686   3357      408.87
2596405   3357      456.96
2597854   3357      386.77
2598033   3357      386.77
2598733   3357      386.77
2598872   3357      408.87
2601437   3357      386.77
2603046   3357      386.77
2605117   3357      386.77
2605164   3357      386.77
2605539   3357      282.92
2605823   3357      282.34
2607322   3357      416.54
2608233   3357      406.34
2608304   3357      408.87
2608554   3357      386.77
2684589   3357      386.77
2741170   3357      410.90
2854705   3357      408.87
2870837   3357      408.87
2910376   3357      408.87
2910432   3357      408.87
2911765   3357      408.87
2912407   3357      408.87
2912692   3357      411.62
2913757   3357      408.87
2913809   3357      408.87
2915293   3357      408.87
2915714   3357      386.77
2915780   3357      408.87
2916102   3357      282.92
2916362   3357      386.77
2916467   3357      408.87
2916786   3357      408.87
2918280   3357      386.77
2992913   3357      408.87
3035349   3357      386.77
3080057   3357      411.62
3080311   3357      386.77
3080984   3357      563.54
3081351   3357      386.77
3082505   3357      492.40
3083006   3357      386.77
3083065   3357      408.87
3083457   3357      408.87
3083843   3357      408.87
3084868   3357      386.77
3084978   3357      408.87
3085009   3357      408.87
3085276   3357      387.38
3090485   3357      411.67
3156003   3357      466.50
3234299   3357      387.38
3245420   3357      386.77
3314884   3357      305.98
3315121   3357      408.87
3315781   3357      408.87
3317339   3357      435.62
3317520   3357      386.77
3318589   3357      446.53
3318694   3357      467.42
3318719   3357      386.77
3319659   3357      408.87
3320986   3357      386.77
3322128   3357      409.92
3322284   3357      408.87
3322381   3357      386.77
3324084   3357      537.54
3324110   3357      581.83
3324403   3357      411.62
3329806   3357      386.77
3353242   3357      466.50
3528540   3357      420.24
3533360   3357      495.51
3535445   3357      408.87
3535676   3357      386.77
3535838   3357      408.87
3538837   3357      419.60
3539352   3357      386.77
3541739   3357      386.77
3541975   3357      282.37
3542004   3357      157.16
3542015   3357      325.95
3554092   3357      386.77
3593839   3357      408.87
3598528   3357      386.77
3710064   3357      528.75
3759377   3357      408.87
3784066   3357      408.87
3784441   3357      430.06
3785251   3357      386.77
3792247   3357      386.77
3830110   3357      408.87
3855157   3357      282.34
3855577   3357      386.77
3856978   3357      408.87
3857004   3357      408.87
3857220   3357      386.79
3857667   3357      408.87
3857878   3357      386.77
3858323   3357      386.77
3858856   3357      157.16
3859230   3357      405.43
3864991   3357      450.59
3875055   3357      475.95
3877925   3357      593.36
3878006   3357      512.74
3963688   3357      458.12
3964093   3357      529.72
3964337   3357      408.87
3965704   3357      408.87
3969513   3357      411.81
4001934   3357      508.38
4064149   3357      416.84
4065177   3357      408.87
4065584   3357      105.64
4065648   3357      531.27
4066245   3357      408.87
4067118   3357      449.37
4067735   3357      472.89
4067795   3357      386.77
4068788   3357      408.87
4071074   3357      551.98
4071241   3357      483.22
4107436   3357       75.52
4191539   3357      408.87
4193094   3357      386.77
4194671   3357      416.38
4195654   3357      408.87
4199927   3357      282.37
4200911   3357      408.87
4238916   3357      408.87
430240    3357      408.87
4317775   3357      593.77
4373204   3357      610.72
4373479   3357      408.87
4375498   3357      411.62
4375998   3357      396.19
4376813   3357      448.86
4377201   3357      386.77
4378140   3357      408.87
4378236   3357      408.87
4378283   3357      408.87
4378759   3357      563.05
4379154   3357      408.87
4381341   3357      408.87
4381614   3357      466.81
4382400   3357      386.77
4383023   3357      157.16
4383200   3357      408.87
4385047   3357      386.77
4386936   3357      212.24
4387777   3357       75.52
4409485   3357      570.15
4409788   3357      408.87
4409789   3357      443.96
4414417   3357      464.51
4414541   3357      409.84
4414909   3357      386.77
4415675   3357      408.87
443869    3357      386.77
4609506   3357      415.30
4610129   3357      408.87
4720170   3357       75.52
4720923   3357      105.64
4721016   3357       75.52
4721639   3357      408.87
4722680   3357      408.87
4722814   3357      310.31
4723168   3357      408.87
4723276   3357      458.70
4723403   3357      408.87
4724433   3357      386.77
4725919   3357      157.16
4727740   3357       75.52
4728331   3357      408.87
4729448   3357      291.66
4729575   3357      382.23
4730168   3357      594.15
4730490   3357      408.87
4730823   3357      583.20
4731322   3357      574.85
4731494   3357      419.72
4732090   3357      473.09
4732618   3357       75.52
4734527   3357       75.52
4734940   3357       75.52
4735505   3357      408.87
4738424   3357      386.77
4739546   3357      510.84
4739796   3357      157.16
4754833   3357      521.56
4803744   3357      652.30
4805842   3357      105.64
4827213   3357      435.58
4853128   3357      359.45
4882144   3357      307.23
5017295   3357       75.52
5022967   3357      386.77
5237805   3357      105.64
5238236   3357      408.87
5239261   3357      449.14
5240821   3357      408.87
5242545   3357      435.43
5244302   3357      466.50
5244483   3357       75.52
5244484   3357      419.72
5244765   3357      408.87
5245261   3357      157.16
5248926   3357      469.88
5248954   3357      432.01
5249259   3357      105.64
5249817   3357      157.16
5250965   3357      386.77
5251153   3357      492.86
5251214   3357      444.50
5252606   3357      157.16
5253930   3357      408.87
5254613   3357      531.99
5254952   3357      408.87
5255567   3357      105.64
5255641   3357      157.16
5257069   3357      430.39
5257175   3357      386.77
5257421   3357      212.24
5257727   3357      105.64
5257774   3357      105.64
5259121   3357      408.87
5259785   3357      408.87
5261116   3357       75.52
5261139   3357      480.85
5261250   3357      408.87
5261418   3357      421.71
5261643   3357      510.52
5263470   3357      433.14
5344986   3357       75.52
5435450   3357      459.36
5436619   3357      157.16
5436795   3357      315.14
5438690   3357      448.97
5439480   3357      105.64
5439865   3357      212.24
5458236   3357       75.52
5461455   3357      386.79
5605414   3357      492.21
5658043   3357      481.45
5688352   3357      105.64
5765952   3357      105.64
5779173   3357      105.64
5915261   3357      386.77
5921128   3357      581.48
5921800   3357       75.52
5923624   3357      157.16
5925143   3357      157.16
5925949   3357      282.37
5929492   3357      105.64
5935536   3357      157.16
5938630   3357      503.44
5938995   3357      105.64
6044716   3357      105.64
6125595   3357       75.52
6127630   3357      474.20
6238388   3357      271.12
6394853   3357      365.29
64800     3357      387.38
6537141   3357      408.87
6573443   3357      500.65
6573855   3357      212.24
6573893   3357       75.52
6575243   3357       75.52
6575301   3357      105.64
6584406   3357      408.87
6602322   3357       75.52
6634354   3357      105.64
6689708   3357      105.64
6690236   3357      105.64
6701343   3357      105.64
6701344   3357      105.64
6701453   3357      105.64
673822    3357      408.87
6841910   3357       75.52
7076647   3357      105.64
7211860   3357      157.16
7240399   3357      105.64
7300376   3357      448.97
7301470   3357      408.87
7305494   3357      386.77
7305781   3357      408.87
7308623   3357      452.67
7309317   3357       75.52
7309375   3357       75.52
7310425   3357      212.24
7310959   3357      386.77
7311233   3357      412.83
7311255   3357      530.41
7312149   3357      486.12
7313189   3357      408.87
7314050   3357       75.52
7314987   3357      212.24
7315048   3357      157.16
7315058   3357      467.61
7315331   3357      105.64
7316059   3357      212.24
7316139   3357      157.16
7316607   3357      529.22
7316959   3357      386.77
7317744   3357      408.87
7318041   3357      421.12
7319649   3357      157.16
7321787   3357       75.52
7322304   3357       75.52
7322780   3357       75.52
7322794   3357      577.42
7324725   3357      386.77
7325664   3357      406.69
7325721   3357      386.77
7325722   3357      561.93
7325778   3357      282.37
7328421   3357       75.52
7330948   3357      105.64
7331943   3357      751.42
7332202   3357      510.49
7332734   3357      386.77
7333145   3357      157.16
7333526   3357      510.49
7335642   3357      105.64
7337422   3357      378.56
7337778   3357       75.52
7338055   3357      212.24
7340200   3357      408.87
7340742   3357      409.92
7340989   3357      480.42
7342107   3357       75.52
7342680   3357      386.77
7343605   3357       75.52
7344290   3357       75.52
7344465   3357       75.52
7347856   3357      386.77
7348137   3357       75.52
7348986   3357      491.00
7349428   3357      271.12
7349843   3357       75.52
7350162   3357      420.05
7350273   3357       75.52
7351297   3357      353.54
7352317   3357       75.52
7353364   3357       75.52
7353377   3357      105.64
7354064   3357       75.52
7354848   3357      282.37
7355928   3357      408.87
7359478   3357      157.16
7360346   3357       75.52
7360517   3357      105.64
7363171   3357      391.59
7363652   3357      105.64
7365166   3357      105.64
7365545   3357       75.52
7367276   3357       75.52
7368710   3357       75.52
7369018   3357      105.64
7371154   3357      105.64
7372156   3357       75.52
7372973   3357      456.58
7373089   3357       75.52
7373215   3357      212.24
7374243   3357       75.52
7374616   3357      386.77
7377030   3357       75.52
7377579   3357      105.64
7379256   3357       75.52
7380616   3357       75.52
7381553   3357      105.64
7382148   3357      427.16
7382532   3357       75.52
7384964   3357      105.64
7387544   3357      105.64
7388038   3357       75.52
7388080   3357      105.64
7388125   3357      157.16
7388199   3357       75.52
7389581   3357      105.64
7391472   3357       75.52
7392153   3357      157.16
7393061   3357       75.52
7393144   3357       75.52
7395742   3357      282.34
7396051   3357      105.64
7398038   3357      343.05
7400031   3357      105.64
7401094   3357      105.64
7401380   3357      105.64
7401853   3357       75.52
7403123   3357       75.52
7403188   3357       75.52
7403563   3357       75.52
7406353   3357      105.64
7408531   3357      105.64
7409730   3357       75.52
7410177   3357      271.12
7412535   3357      157.16
7412738   3357       75.52
7415285   3357      271.12
7415448   3357      105.64
7416870   3357       75.52
7417289   3357       75.52
7417791   3357      105.64
7418898   3357       75.52
7418939   3357       75.52
7419340   3357       75.52
7419740   3357      503.43
7419800   3357      105.64
7419866   3357       75.52
7420316   3357      105.64
7420429   3357      157.16
7423108   3357      157.16
7423415   3357      105.64
7423444   3357      538.47
7425063   3357       75.52
7425430   3357      105.64
7425900   3357       75.52
7426046   3357      105.64
7427359   3357       75.52
7427520   3357      105.64
7429274   3357      105.64
7432253   3357      157.16
7434591   3357      105.64
7435158   3357       75.52
7436077   3357       75.52
7436996   3357      105.64
7437806   3357       75.52
7437808   3357       75.52
7438450   3357      105.64
7439597   3357      212.24
7439617   3357      105.64
7439629   3357      105.64
7440809   3357      307.21
7442445   3357      105.64
7444497   3357       75.52
7444651   3357      157.16
7444842   3357      105.64
7444889   3357      212.24
7445661   3357       75.52
7446382   3357      157.16
7446644   3357      105.64
7447067   3357      105.64
7447992   3357       75.52
7449457   3357       75.52
7455429   3357      507.98
7455588   3357      105.64
7461704   3357      105.64
7465820   3357      105.64
7465910   3357      105.64
7466779   3357      575.79
7466870   3357      541.12
7502836   3357      444.52
7548386   3357      386.44
7548420   3357      488.65
770342    3357      386.77
7917981   3357      105.64
7981510   3357      157.16
7982728   3357       75.52
7982865   3357      157.16
7983170   3357       75.52
7984159   3357      105.64
7985605   3357      306.37
7988969   3357      604.87
8054279   3357      443.99
8064487   3357      361.61
8069571   3357      105.64
8140450   3357      310.63
8594315   3357      105.64
8718789   3357      105.64
8734286   3357      157.16
9066082   3357      408.87
9100619   3357      604.87
9211039   3357       75.52
9261804   3357      157.16
9317884   3357      157.16
9433060   3357      105.64
9540404   3357      157.16
9540845   3357      212.24
9542018   3357      157.16
9542237   3357       75.52
9543174   3357      105.64
9543530   3357      491.50
9544179   3357      105.64
9544345   3357       75.52
9544429   3357      157.16
9544827   3357      157.16
9545198   3357      408.87
9545952   3357      521.85
9546474   3357      105.64
9547148   3357       75.52
9551389   3357      105.64
9552709   3357      444.65
9553039   3357      753.63
9553047   3357       75.52
9553149   3357       75.52
9553310   3357       75.52
9555077   3357      421.09
9555609   3357       75.52
9555641   3357      105.64
9557148   3357      212.24
9557803   3357       75.52
9557875   3357       75.52
9557894   3357      516.72
9558628   3357       75.52
9560453   3357       75.52
9570736   3357      508.58
9572755   3357      105.64
9577605   3357      540.68
9601343   3357      105.64
9603154   3357       75.52
9603683   3357      105.64
9603870   3357      282.37
9604166   3357       75.52
9604592   3357      271.12
9607091   3357      408.87
9608547   3357      105.64
9609337   3357       75.52
9609338   3357      105.64
9612117   3357      606.07
9612530   3357      567.54
9612692   3357      105.64
9614364   3357       75.52
9615563   3357      105.64
9615964   3357      105.64
9617493   3357       75.52
9620242   3357      157.16
9620248   3357      212.24
9620376   3357      105.64
9620599   3357      157.16
9620701   3357       75.52
9620720   3357       75.52
9621777   3357      105.64
9622347   3357      105.64
9624370   3357      271.12
9624596   3357       75.52
9625361   3357      105.64
9625933   3357      105.64
9626082   3357      105.64
9626215   3357       75.52
9627150   3357      157.16
9627523   3357      105.64
9627724   3357       75.52
9629963   3357      157.16
9631462   3357      157.16
9634554   3357      553.12
9634674   3357      105.64
9636806   3357       75.52
9638320   3357      105.64
9639201   3357       75.52
9845319   3357       75.52
9846320   3357      157.16
9847068   3357       75.52
9847350   3357      585.92
9848693   3357       75.52
9850403   3357      105.64
9851111   3357      105.64
9851993   3357      543.88
