10107724  0357      228.60
10120357  0357      199.80
10121866  0357      244.80
10125466  0357      186.30
10126656  0357      228.60
10141786  0357      215.32
10312414  0357      213.30
10639752  0357      186.30
10726693  0357      228.60
10760806  0357      186.30
10764554  0357      244.80
10770124  0357      228.60
10774121  0357      244.80
10775520  0357      213.30
10776516  0357      279.90
10776915  0357      186.30
10777482  0357      186.30
10777645  0357      228.60
10778464  0357      186.30
10779723  0357      228.60
10784623  0357      228.60
10794552  0357      228.60
10840266  0357      228.60
10841061  0357      199.80
10841823  0357      279.90
10842205  0357      228.60
10843324  0357      228.60
10844575  0357      279.90
10844947  0357      228.60
10845717  0357      186.30
10845943  0357      228.60
10846532  0357      244.80
10846629  0357      228.60
10846940  0357      228.60
10846985  0357      228.60
10847648  0357      186.30
10848158  0357      261.90
10849906  0357      228.60
10849907  0357      244.80
10860593  0357      228.60
10903693  0357      186.30
10959957  0357      228.60
10960021  0357      228.60
10963442  0357      244.80
10963957  0357      244.80
11163187  0357      186.30
11177533  0357      186.30
11260715  0357      186.30
11261772  0357      199.80
11262378  0357      228.60
11263756  0357      186.30
11264041  0357      199.80
11264550  0357      213.30
11265496  0357      228.60
11266390  0357      228.60
11267811  0357      213.30
11267932  0357      186.30
11268437  0357      279.90
11269196  0357      261.90
11414487  0357      244.80
11425214  0357      228.60
11425449  0357      228.60
11426462  0357      213.30
11428034  0357      213.30
11428889  0357      228.60
11429539  0357      228.60
11429792  0357      186.30
11429991  0357      228.60
11430700  0357      228.60
11433167  0357      228.60
11434350  0357      213.30
11546168  0357      213.30
11580362  0357      244.80
11584952  0357      228.60
11586448  0357      228.60
11589730  0357      228.60
11594236  0357      279.90
11596252  0357      228.60
11597667  0357      228.60
11598121  0357      199.80
11598956  0357      199.80
11633896  0357      199.80
11645810  0357      228.60
11651090  0357      228.60
11652405  0357      228.60
11653864  0357      228.60
11694358  0357      186.30
11694758  0357      166.86
11695394  0357      186.30
11749469  0357      186.30
11783201  0357      244.80
11783366  0357      279.90
11784637  0357      186.30
11786325  0357      228.60
11786432  0357      199.80
11787653  0357      228.60
11787807  0357      228.60
11788587  0357      228.60
11788630  0357      244.80
11790273  0357      228.60
11790818  0357      228.60
11792127  0357      228.60
11792846  0357      228.60
11878930  0357      228.60
11879419  0357      244.80
11879750  0357      244.80
11881224  0357      279.90
11881668  0357      186.30
11881669  0357      186.30
11882080  0357      213.30
11882720  0357      279.90
11883300  0357      228.60
11949766  0357      279.90
12011761  0357      279.90
12018729  0357      186.30
12018852  0357      228.60
12019714  0357      228.60
12019816  0357      213.30
12021559  0357      244.80
12021966  0357      228.60
12022428  0357      244.80
12023306  0357      186.30
12024178  0357      228.60
12024179  0357      228.60
12025294  0357      228.60
12025488  0357      186.30
12025491  0357      186.30
12026565  0357      228.60
12027260  0357      228.60
12027527  0357      186.30
12080554  0357      228.60
12242270  0357      228.60
12244707  0357      186.30
12247738  0357      228.60
12248755  0357      244.80
12248784  0357      199.80
12248960  0357      228.60
12249178  0357      279.90
12279667  0357      228.60
12314254  0357      261.90
12370670  0357      261.90
12434895  0357      199.80
12435304  0357      228.60
12435757  0357      186.30
12435759  0357      228.60
12534356  0357      228.60
12536172  0357      228.60
12536549  0357      261.90
12691465  0357      228.60
12698409  0357      186.30
12698965  0357      186.30
12700553  0357      213.30
12701276  0357      228.60
12701301  0357      186.30
12702273  0357      213.30
12703748  0357      228.60
12704473  0357      199.80
12704482  0357      244.80
12704669  0357      186.30
12704927  0357      228.60
12705860  0357      228.60
12706171  0357      228.60
12707136  0357      228.60
12848719  0357      228.60
12849330  0357      261.90
12851330  0357      228.60
12852888  0357      228.60
12878256  0357      228.60
12884972  0357      228.60
12934142  0357      213.30
12934525  0357      186.30
12935305  0357      228.60
13032012  0357      186.30
13034237  0357      228.60
13035222  0357       31.10
13035649  0357      186.30
13084488  0357      199.80
13084886  0357      213.30
13180551  0357      228.60
13187744  0357      228.60
13188137  0357      199.80
13188604  0357      199.80
13264411  0357      228.60
13266369  0357      228.60
13268185  0357      186.30
13268537  0357      228.60
13346269  0357      186.30
13408041  0357      199.80
13510172  0357      199.80
13510180  0357      186.30
13566631  0357      279.90
13643981  0357      186.30
13643982  0357      186.30
13644051  0357      199.80
13644665  0357      228.60
13644680  0357      244.80
13674854  0357      244.80
13678214  0357      186.30
13678857  0357      186.30
13679940  0357      228.60
13724134  0357      228.60
13774187  0357      186.30
13774684  0357      186.30
13775452  0357      186.30
13777181  0357      186.30
13785046  0357      186.30
13785661  0357      228.60
13785997  0357      213.30
13786252  0357      199.80
13787208  0357      228.60
13787741  0357      186.30
13842354  0357      228.60
13843775  0357      228.60
13856268  0357      228.60
13867427  0357      228.60
13868652  0357      186.30
13880981  0357      228.60
13905892  0357      186.30
13922681  0357      186.30
13986119  0357      228.60
13990906  0357      228.60
14031045  0357      228.60
14031497  0357      228.60
14093727  0357      228.60
14094806  0357      244.80
14270811  0357      186.30
14293187  0357      279.90
14335445  0357      213.30
14335539  0357      228.60
14372299  0357      244.80
14376347  0357      186.30
14399267  0357      199.80
14405401  0357      228.60
14590375  0357      199.80
14810540  0357      228.60
14825867  0357      228.60
14877620  0357      228.60
14877805  0357      244.80
14877859  0357      228.60
15177340  0357      244.80
15306996  0357      213.30
15352095  0357      228.60
15444811  0357      199.80
15448608  0357      228.60
15598043  0357      186.30
15668851  0357      199.80
15729233  0357      228.60
15729536  0357      199.80
15959808  0357      186.30
16001576  0357      186.30
16137706  0357      213.30
16138119  0357      186.30
16324090  0357      186.30
16594051  0357      199.80
16736267  0357      186.30
16770549  0357      228.60
16796828  0357      228.60
17019549  0357      136.17
17104175  0357      186.30
18059654  0357      199.80
18059918  0357      186.30
18263756  0357      228.60
18950730  0357      186.30
19262723  0357      186.30
2608233   0357      228.60
3080984   0357      228.60
3090485   0357      228.60
3314884   0357      186.30
3317339   0357      213.30
3318589   0357      228.60
3318694   0357      261.90
3324084   0357      228.60
3542004   0357      244.80
3542015   0357      244.80
3710064   0357      213.30
3784441   0357      244.80
3795005   0357      228.60
3858856   0357      244.80
3875055   0357      228.60
3877925   0357      244.80
3963688   0357      228.60
3964093   0357      228.60
3969513   0357      213.30
4064149   0357      261.90
4065584   0357      228.60
4065648   0357      213.30
4067735   0357      213.30
4068788   0357      199.80
4071074   0357      279.90
4107436   0357      213.30
4194671   0357      228.60
4317775   0357      244.80
4373204   0357      244.80
4373479   0357      199.80
4378140   0357      186.30
4378759   0357      244.80
4381614   0357      186.30
4383023   0357      244.80
4386936   0357      213.30
4387777   0357      213.30
4409485   0357      244.80
4409789   0357      186.30
4414417   0357      213.30
4609506   0357      244.80
4720170   0357      186.30
4720923   0357      228.60
4721016   0357      186.30
4723276   0357      213.30
4725919   0357      244.80
4727740   0357      213.30
4729575   0357      261.90
4730168   0357      244.80
4731322   0357      244.80
4732090   0357      186.30
4732618   0357      199.80
4734527   0357      199.80
4734940   0357      186.30
4739546   0357      228.60
4739796   0357      244.80
4754833   0357      244.80
4803744   0357      244.80
4805842   0357      228.60
4827213   0357      228.60
4853128   0357      228.60
5017295   0357      213.30
5237805   0357      228.60
5244483   0357      213.30
5244765   0357      199.80
5245261   0357      244.80
5248926   0357      199.80
5249817   0357      244.80
5251893   0357      228.60
5252606   0357      244.80
5255567   0357      228.60
5255641   0357      244.80
5257421   0357      261.90
5257727   0357      228.60
5257774   0357      228.60
5261116   0357      199.80
5261139   0357      228.60
5261643   0357      186.30
5344986   0357      186.30
5435450   0357      199.80
5436619   0357      244.80
5436795   0357      186.30
5438690   0357      186.30
5439480   0357      228.60
5439865   0357      261.90
5458236   0357      199.80
5605414   0357      228.60
5658043   0357      228.60
5688352   0357      228.60
5765952   0357      228.60
5779173   0357      228.60
5921128   0357      228.60
5921800   0357      186.30
5923624   0357      244.80
5925143   0357      244.80
5929492   0357      228.60
5935536   0357      244.80
5937541   0357      228.60
5938630   0357      228.60
5938995   0357      228.60
6044716   0357      228.60
6125595   0357      186.30
6238388   0357      279.90
6394853   0357      186.30
6573443   0357      228.60
6573893   0357      199.80
6575243   0357      213.30
6575301   0357      228.60
6584406   0357      199.80
6634354   0357      228.60
6689708   0357      228.60
6690236   0357      228.60
6701343   0357      228.60
6701344   0357      228.60
6701453   0357      228.60
6841910   0357      186.30
7076647   0357      228.60
7211860   0357      244.80
7240399   0357      228.60
7300376   0357      186.30
7308623   0357      228.60
7309317   0357      186.30
7309375   0357      213.30
7311255   0357      186.30
7312149   0357      228.60
7314050   0357      186.30
7314987   0357      261.90
7315048   0357      244.80
7315058   0357      228.60
7316059   0357      213.30
7316139   0357      244.80
7319649   0357      244.80
7321787   0357      213.30
7322304   0357      213.30
7322780   0357      199.80
7322794   0357      186.30
7328421   0357      186.30
7330948   0357      228.60
7331943   0357      213.30
7332202   0357      186.30
7333145   0357      244.80
7333526   0357      186.30
7335642   0357      228.60
7337422   0357      228.60
7337778   0357      186.30
7338055   0357      261.90
7340989   0357      186.30
7343605   0357      186.30
7344290   0357      213.30
7348137   0357      186.30
7348986   0357      228.60
7349428   0357      221.53
7349843   0357      186.30
7350273   0357      213.30
7351297   0357      186.30
7352317   0357      213.30
7353364   0357      186.30
7353377   0357      228.60
7354064   0357      186.30
7355351   0357      213.30
7359478   0357      244.80
7360346   0357      199.80
7360517   0357      228.60
7363171   0357      213.30
7363652   0357      228.60
7365166   0357      228.60
7365545   0357      213.30
7366113   0357      279.90
7367276   0357      186.30
7368710   0357      186.30
7369018   0357      228.60
7371154   0357      228.60
7372156   0357      186.30
7372973   0357      186.30
7373089   0357      199.80
7373215   0357      261.90
7374243   0357      199.80
7377030   0357      199.80
7377579   0357      228.60
7379256   0357      213.30
7380616   0357      186.30
7381553   0357      228.60
7382532   0357      186.30
7384964   0357      228.60
7387544   0357      228.60
7388038   0357      186.30
7388080   0357      228.60
7388125   0357      244.80
7388199   0357      199.80
7389581   0357      228.60
7391472   0357      213.30
7392153   0357      244.80
7393061   0357      213.30
7393144   0357      186.30
7396051   0357      228.60
7400031   0357      228.60
7401094   0357      228.60
7401380   0357      228.60
7401853   0357      186.30
7403123   0357      186.30
7403188   0357      213.30
7403563   0357      213.30
7405108   0357      213.30
7408531   0357      228.60
7409730   0357      213.30
7410177   0357      279.90
7412535   0357      244.80
7412738   0357      195.90
7415285   0357      279.90
7415448   0357      228.60
7416870   0357      186.30
7417289   0357      186.30
7418898   0357      186.30
7418939   0357      186.30
7419340   0357      213.30
7419740   0357      186.30
7419800   0357      228.60
7419866   0357      213.30
7420316   0357      228.60
7420429   0357      244.80
7423096   0357      186.30
7423108   0357      244.80
7423415   0357      228.60
7423444   0357      228.60
7425063   0357      186.30
7425430   0357      228.60
7425900   0357      213.30
7426046   0357      228.60
7427359   0357      186.30
7427520   0357      228.60
7429274   0357      228.60
7432253   0357      244.80
7434591   0357      228.60
7435158   0357      186.30
7436077   0357      213.30
7437806   0357      186.30
7437808   0357      186.30
7438450   0357      228.60
7439617   0357      228.60
7439629   0357      228.60
7442445   0357      228.60
7444497   0357      186.30
7444651   0357      244.80
7444842   0357      228.60
7445661   0357      199.80
7446382   0357      244.80
7446644   0357      228.60
7447067   0357      228.60
7447334   0357      261.90
7447992   0357      186.30
7449457   0357      199.80
7455429   0357      228.60
7455588   0357      228.60
7460503   0357      228.60
7461704   0357      228.60
7465820   0357      228.60
7465910   0357      228.60
7466870   0357      228.60
7548386   0357      186.30
7548420   0357      213.30
7553376   0357      213.30
7917981   0357      228.60
7981510   0357      244.80
7982728   0357      186.30
7982865   0357      244.80
7983170   0357      186.30
7984159   0357      228.60
7988969   0357      228.60
8054279   0357      199.80
8064487   0357      228.60
8068577   0357      228.60
8069571   0357      228.60
8140450   0357      199.80
8594315   0357      228.60
8718789   0357      228.60
8734286   0357      244.80
9100619   0357      228.60
9211039   0357      213.30
9261804   0357      244.80
9317884   0357      244.80
9433060   0357      228.60
9540404   0357      244.80
9542018   0357      244.80
9542237   0357      213.30
9543174   0357      228.60
9543530   0357      244.80
9544179   0357      228.60
9544345   0357      199.80
9544429   0357      244.80
9547148   0357      213.30
9551389   0357      228.60
9552709   0357      186.30
9553039   0357      228.60
9553047   0357      199.80
9553149   0357      186.30
9555609   0357      186.30
9555641   0357      228.60
9557148   0357      261.90
9557803   0357      199.80
9557875   0357      186.30
9558628   0357      199.80
9570736   0357      228.60
9572755   0357      228.60
9577605   0357      228.60
9601343   0357      228.60
9603154   0357      199.80
9604166   0357      213.30
9604592   0357      279.90
9608547   0357      228.60
9609337   0357      186.30
9612117   0357      244.80
9612692   0357      228.60
9614364   0357      213.30
9615563   0357      228.60
9615964   0357      186.30
9617493   0357      213.30
9620242   0357      244.80
9620248   0357      261.90
9620376   0357      228.60
9620599   0357      244.80
9620701   0357      213.30
9620720   0357      213.30
9621777   0357      186.30
9622347   0357      228.60
9624370   0357      279.90
9625361   0357      228.60
9625933   0357      228.60
9626082   0357      228.60
9626215   0357      213.30
9627523   0357      228.60
9627724   0357      186.30
9629963   0357      244.80
9631462   0357      244.80
9634554   0357      228.60
9634674   0357      228.60
9636806   0357      186.30
9638320   0357      228.60
9639201   0357      213.30
9845319   0357      199.80
9846320   0357      244.80
9847068   0357      228.60
9847350   0357      228.60
9847591   0357      186.30
9848693   0357      213.30
9850403   0357      228.60
9851111   0357      228.60
9851993   0357      228.60
10107724  3357      228.60
10120357  3357      199.80
10121866  3357      244.80
10125466  3357      186.30
10126656  3357      228.60
10141786  3357      215.32
10312414  3357      213.30
10639752  3357      186.30
10726693  3357      228.60
10760806  3357      186.30
10764554  3357      244.80
10770124  3357      228.60
10774121  3357      244.80
10775520  3357      213.30
10776516  3357      279.90
10776915  3357      186.30
10777482  3357      186.30
10777645  3357      228.60
10778464  3357      186.30
10779723  3357      228.60
10784623  3357      228.60
10794552  3357      228.60
10840266  3357      228.60
10841061  3357      199.80
10841823  3357      279.90
10842205  3357      228.60
10843324  3357      228.60
10844575  3357      279.90
10844947  3357      228.60
10845717  3357      186.30
10845943  3357      228.60
10846532  3357      244.80
10846629  3357      228.60
10846940  3357      228.60
10846985  3357      228.60
10847648  3357      186.30
10848158  3357      261.90
10849906  3357      228.60
10849907  3357      244.80
10860593  3357      228.60
10903693  3357      186.30
10959957  3357      228.60
10960021  3357      228.60
10963442  3357      244.80
10963957  3357      244.80
11163187  3357      186.30
11177533  3357      186.30
11260715  3357      186.30
11261772  3357      199.80
11262378  3357      228.60
11263756  3357      186.30
11264041  3357      199.80
11264550  3357      213.30
11265496  3357      228.60
11266390  3357      228.60
11267811  3357      213.30
11267932  3357      186.30
11268437  3357      279.90
11269196  3357      261.90
11414487  3357      244.80
11425214  3357      228.60
11425449  3357      228.60
11426462  3357      213.30
11428034  3357      213.30
11428889  3357      228.60
11429539  3357      228.60
11429792  3357      186.30
11429991  3357      228.60
11430700  3357      228.60
11433167  3357      228.60
11434350  3357      213.30
11546168  3357      213.30
11580362  3357      244.80
11584952  3357      228.60
11586448  3357      228.60
11589730  3357      228.60
11594236  3357      279.90
11596252  3357      228.60
11597667  3357      228.60
11598121  3357      199.80
11598956  3357      199.80
11633896  3357      199.80
11645810  3357      228.60
11651090  3357      228.60
11652405  3357      228.60
11653864  3357      228.60
11694358  3357      186.30
11694758  3357      166.86
11695394  3357      186.30
11749469  3357      186.30
11783201  3357      244.80
11783366  3357      279.90
11784637  3357      186.30
11786325  3357      228.60
11786432  3357      199.80
11787653  3357      228.60
11787807  3357      228.60
11788587  3357      228.60
11788630  3357      244.80
11790273  3357      228.60
11790818  3357      228.60
11792127  3357      228.60
11792846  3357      228.60
11878930  3357      228.60
11879419  3357      244.80
11879750  3357      244.80
11881224  3357      279.90
11881668  3357      186.30
11881669  3357      186.30
11882080  3357      213.30
11882720  3357      279.90
11883300  3357      228.60
11949766  3357      279.90
12011761  3357      279.90
12018729  3357      186.30
12018852  3357      228.60
12019714  3357      228.60
12019816  3357      213.30
12021559  3357      244.80
12021966  3357      228.60
12022428  3357      244.80
12023306  3357      186.30
12024178  3357      228.60
12024179  3357      228.60
12025294  3357      228.60
12025488  3357      186.30
12025491  3357      186.30
12026565  3357      228.60
12027260  3357      228.60
12027527  3357      186.30
12080554  3357      228.60
12242270  3357      228.60
12244707  3357      186.30
12247738  3357      228.60
12248755  3357      244.80
12248784  3357      199.80
12248960  3357      228.60
12249178  3357      279.90
12279667  3357      228.60
12314254  3357      261.90
12370670  3357      261.90
12435304  3357      228.60
12435757  3357      186.30
12435759  3357      228.60
12534356  3357      228.60
12536172  3357      228.60
12536549  3357      261.90
12691465  3357      228.60
12698409  3357      186.30
12698965  3357      186.30
12700553  3357      213.30
12701276  3357      228.60
12701301  3357      186.30
12702273  3357      213.30
12703748  3357      228.60
12704473  3357      199.80
12704482  3357      244.80
12704669  3357      186.30
12704927  3357      228.60
12705860  3357      228.60
12706171  3357      228.60
12707136  3357      228.60
12848719  3357      228.60
12849330  3357      261.90
12851330  3357      228.60
12852888  3357      228.60
12878256  3357      228.60
12884972  3357      228.60
12934142  3357      213.30
12934525  3357      186.30
12935305  3357      228.60
13032012  3357      186.30
13034237  3357      228.60
13035222  3357      279.90
13035649  3357      186.30
13084488  3357      199.80
13084886  3357      213.30
13180551  3357      228.60
13187744  3357      228.60
13188137  3357      199.80
13188604  3357      199.80
13264411  3357      228.60
13266369  3357      228.60
13268185  3357      186.30
13268537  3357      228.60
13346269  3357      186.30
13408041  3357      199.80
13510172  3357      199.80
13510180  3357      186.30
13566631  3357      279.90
13643981  3357      186.30
13643982  3357      186.30
13644051  3357      199.80
13644665  3357      228.60
13644680  3357      244.80
13674854  3357      244.80
13678214  3357      186.30
13678857  3357      186.30
13679940  3357      228.60
13724134  3357      228.60
13774187  3357      186.30
13774684  3357      186.30
13775452  3357      186.30
13777181  3357      186.30
13785046  3357      186.30
13785661  3357      228.60
13785997  3357      213.30
13786252  3357      199.80
13787208  3357      228.60
13787741  3357      186.30
13842354  3357      228.60
13843775  3357      228.60
13856268  3357      228.60
13867427  3357      228.60
13868652  3357      186.30
13880981  3357      228.60
13905892  3357      186.30
13922681  3357      186.30
13986119  3357      228.60
13990906  3357      228.60
14031045  3357      228.60
14031497  3357      228.60
14093727  3357      228.60
14094806  3357      244.80
14270811  3357      186.30
14293187  3357      279.90
14335445  3357      213.30
14335539  3357      228.60
14372299  3357      244.80
14376347  3357      186.30
14399267  3357      199.80
14405401  3357      228.60
14590375  3357      199.80
14810540  3357      228.60
14825867  3357      228.60
14877620  3357      228.60
14877805  3357      244.80
14877859  3357      228.60
15177340  3357      244.80
15306996  3357      213.30
15352095  3357      228.60
15444811  3357      199.80
15448608  3357      228.60
15598043  3357      186.30
15668851  3357      199.80
15729233  3357      228.60
15729536  3357      199.80
15959808  3357      186.30
16001576  3357      186.30
16137706  3357      213.30
16138119  3357      186.30
16324090  3357      186.30
16594051  3357      199.80
16736267  3357      186.30
16770549  3357      228.60
16796828  3357      228.60
17019549  3357      136.17
17104175  3357      186.30
18059654  3357      199.80
18059918  3357      186.30
18263756  3357      228.60
18950730  3357      186.30
19262723  3357      186.30
2608233   3357      228.60
3080984   3357      228.60
3090485   3357      228.60
3314884   3357      186.30
3317339   3357      213.30
3318589   3357      228.60
3318694   3357      261.90
3324084   3357      228.60
3542004   3357      244.80
3542015   3357      244.80
3710064   3357      213.30
3784441   3357      244.80
3795005   3357      228.60
3858856   3357      244.80
3875055   3357      228.60
3877925   3357      244.80
3963688   3357      228.60
3964093   3357      228.60
3969513   3357      213.30
4064149   3357      261.90
4065584   3357      228.60
4065648   3357      213.30
4067735   3357      213.30
4068788   3357      199.80
4071074   3357      279.90
4107436   3357      213.30
4194671   3357      228.60
4317775   3357      244.80
4373204   3357      244.80
4373479   3357      199.80
4378140   3357      186.30
4378759   3357      244.80
4381614   3357      186.30
4383023   3357      244.80
4386936   3357      213.30
4387777   3357      213.30
4409485   3357      244.80
4409789   3357      186.30
4414417   3357      213.30
4609506   3357      244.80
4720170   3357      186.30
4720923   3357      228.60
4721016   3357      186.30
4723276   3357      213.30
4725919   3357      244.80
4727740   3357      213.30
4729575   3357      261.90
4730168   3357      244.80
4731322   3357      244.80
4732090   3357      186.30
4732618   3357      199.80
4734527   3357      199.80
4734940   3357      186.30
4739546   3357      228.60
4739796   3357      244.80
4754833   3357      244.80
4803744   3357      244.80
4805842   3357      228.60
4827213   3357      228.60
4853128   3357      228.60
5017295   3357      213.30
5237805   3357      228.60
5244483   3357      213.30
5244765   3357      199.80
5245261   3357      244.80
5248926   3357      199.80
5249817   3357      244.80
5251893   3357      228.60
5252606   3357      244.80
5255567   3357      228.60
5255641   3357      244.80
5257421   3357      261.90
5257727   3357      228.60
5257774   3357      228.60
5261116   3357      199.80
5261139   3357      228.60
5261643   3357      186.30
5344986   3357      186.30
5435450   3357      199.80
5436619   3357      244.80
5436795   3357      186.30
5438690   3357      186.30
5439480   3357      228.60
5439865   3357      261.90
5458236   3357      199.80
5605414   3357      228.60
5658043   3357      228.60
5688352   3357      228.60
5765952   3357      228.60
5779173   3357      228.60
5921128   3357      228.60
5921800   3357      186.30
5923624   3357      244.80
5925143   3357      244.80
5929492   3357      228.60
5935536   3357      244.80
5937541   3357      228.60
5938630   3357      228.60
5938995   3357      228.60
6044716   3357      228.60
6125595   3357      186.30
6238388   3357      279.90
6394853   3357      186.30
6573443   3357      228.60
6573893   3357      199.80
6575243   3357      213.30
6575301   3357      228.60
6634354   3357      228.60
6689708   3357      228.60
6690236   3357      228.60
6701343   3357      228.60
6701344   3357      228.60
6701453   3357      228.60
6841910   3357      186.30
7076647   3357      228.60
7211860   3357      244.80
7240399   3357      228.60
7300376   3357      186.30
7309317   3357      186.30
7309375   3357      213.30
7311255   3357      186.30
7312149   3357      228.60
7314050   3357      186.30
7314987   3357      261.90
7315048   3357      244.80
7315058   3357      228.60
7316059   3357      213.30
7316139   3357      244.80
7319649   3357      244.80
7321787   3357      213.30
7322304   3357      213.30
7322780   3357      199.80
7322794   3357      186.30
7328421   3357      186.30
7330948   3357      228.60
7331943   3357      213.30
7332202   3357      186.30
7333145   3357      244.80
7333526   3357      186.30
7335642   3357      228.60
7337422   3357      228.60
7337778   3357      186.30
7338055   3357      261.90
7340989   3357      186.30
7343605   3357      186.30
7344290   3357      213.30
7348137   3357      186.30
7348986   3357      228.60
7349428   3357      221.53
7349843   3357      186.30
7350273   3357      213.30
7351297   3357      186.30
7352317   3357      213.30
7353364   3357      186.30
7353377   3357      228.60
7354064   3357      186.30
7355351   3357      213.30
7359478   3357      244.80
7360346   3357      199.80
7360517   3357      228.60
7363171   3357      213.30
7363652   3357      228.60
7365166   3357      228.60
7365545   3357      213.30
7366113   3357      279.90
7367276   3357      186.30
7368710   3357      186.30
7369018   3357      228.60
7371154   3357      228.60
7372156   3357      186.30
7372973   3357      186.30
7373089   3357      199.80
7373215   3357      261.90
7374243   3357      199.80
7377030   3357      199.80
7377579   3357      228.60
7379256   3357      213.30
7380616   3357      186.30
7381553   3357      228.60
7382532   3357      186.30
7384964   3357      228.60
7387544   3357      228.60
7388038   3357      186.30
7388080   3357      228.60
7388125   3357      244.80
7388199   3357      199.80
7389581   3357      228.60
7391472   3357      213.30
7392153   3357      244.80
7393061   3357      213.30
7393144   3357      186.30
7396051   3357      228.60
7400031   3357      228.60
7401094   3357      228.60
7401380   3357      228.60
7401853   3357      186.30
7403123   3357      186.30
7403188   3357      213.30
7403563   3357      213.30
7405108   3357      213.30
7408531   3357      228.60
7409730   3357      213.30
7410177   3357      279.90
7412535   3357      244.80
7412738   3357      195.90
7415285   3357      279.90
7415448   3357      228.60
7416870   3357      186.30
7417289   3357      186.30
7418898   3357      186.30
7418939   3357      186.30
7419340   3357      213.30
7419740   3357      186.30
7419800   3357      228.60
7419866   3357      213.30
7420316   3357      228.60
7420429   3357      244.80
7423096   3357      186.30
7423108   3357      244.80
7423415   3357      228.60
7423444   3357      228.60
7425063   3357      186.30
7425430   3357      228.60
7425900   3357      213.30
7426046   3357      228.60
7427359   3357      186.30
7427520   3357      228.60
7429274   3357      228.60
7432253   3357      244.80
7434591   3357      228.60
7435158   3357      186.30
7436077   3357      213.30
7437806   3357      186.30
7437808   3357      186.30
7438450   3357      228.60
7439617   3357      228.60
7439629   3357      228.60
7442445   3357      228.60
7444497   3357      186.30
7444651   3357      244.80
7444842   3357      228.60
7445661   3357      199.80
7446382   3357      244.80
7446644   3357      228.60
7447067   3357      228.60
7447334   3357      261.90
7447992   3357      186.30
7449457   3357      199.80
7455429   3357      228.60
7455588   3357      228.60
7460503   3357      228.60
7461704   3357      228.60
7465820   3357      228.60
7465910   3357      228.60
7466870   3357      228.60
7548386   3357      186.30
7548420   3357      213.30
7553376   3357      213.30
7917981   3357      228.60
7981510   3357      244.80
7982728   3357      186.30
7982865   3357      244.80
7983170   3357      186.30
7984159   3357      228.60
7988969   3357      228.60
8054279   3357      199.80
8064487   3357      228.60
8068577   3357      228.60
8069571   3357      228.60
8140450   3357      199.80
8594315   3357      228.60
8718789   3357      228.60
8734286   3357      244.80
9100619   3357      228.60
9211039   3357      213.30
9261804   3357      244.80
9317884   3357      244.80
9433060   3357      228.60
9540404   3357      244.80
9542018   3357      244.80
9542237   3357      213.30
9543174   3357      228.60
9543530   3357      244.80
9544179   3357      228.60
9544345   3357      199.80
9544429   3357      244.80
9547148   3357      213.30
9551389   3357      228.60
9552709   3357      186.30
9553039   3357      228.60
9553047   3357      199.80
9553149   3357      186.30
9555609   3357      186.30
9555641   3357      228.60
9557148   3357      261.90
9557803   3357      199.80
9557875   3357      186.30
9558628   3357      199.80
9570736   3357      228.60
9572755   3357      228.60
9577605   3357      228.60
9601343   3357      228.60
9603154   3357      199.80
9604166   3357      213.30
9604592   3357      279.90
9608547   3357      228.60
9609337   3357      186.30
9612117   3357      244.80
9612692   3357      228.60
9614364   3357      213.30
9615563   3357      228.60
9615964   3357      186.30
9617493   3357      213.30
9620242   3357      244.80
9620248   3357      261.90
9620376   3357      228.60
9620599   3357      244.80
9620701   3357      213.30
9620720   3357      213.30
9621777   3357      186.30
9622347   3357      228.60
9624370   3357      279.90
9625361   3357      228.60
9625933   3357      228.60
9626082   3357      228.60
9626215   3357      213.30
9627523   3357      228.60
9627724   3357      186.30
9629963   3357      244.80
9631462   3357      244.80
9634554   3357      228.60
9634674   3357      228.60
9636806   3357      186.30
9638320   3357      228.60
9639201   3357      213.30
9845319   3357      199.80
9846320   3357      244.80
9847068   3357      228.60
9847350   3357      228.60
9847591   3357      186.30
9848693   3357      213.30
9850403   3357      228.60
9851111   3357      228.60
9851993   3357      228.60
