10107724  0357      128.23
10120357  0357      148.55
10121866  0357      270.13
10125466  0357       95.99
10126656  0357       99.03
10141786  0357      108.05
10312414  0357       90.75
10373550  0357      198.07
10639752  0357       95.99
10726693  0357       99.03
10760806  0357       95.99
10764554  0357      108.05
10770124  0357       99.03
10772668  0357       95.99
10774121  0357      108.05
10775520  0357      181.50
10776516  0357      128.23
10776915  0357       95.99
10777482  0357       95.99
10777645  0357      148.55
10778464  0357       95.99
10779723  0357      106.61
10784623  0357       99.03
10820078  0357      108.05
10840266  0357       99.03
10841061  0357       93.42
10841823  0357      128.23
10842205  0357       99.03
10843324  0357      247.58
10844575  0357      256.45
10844947  0357       99.03
10845717  0357       95.99
10845943  0357      128.23
10846474  0357       99.03
10846532  0357      108.05
10846629  0357       99.03
10846940  0357      198.07
10846985  0357       99.03
10847648  0357       95.99
10848158  0357      117.77
10849906  0357       99.03
10849907  0357      108.05
10860593  0357       99.03
10903693  0357       95.99
10959957  0357       99.03
10960021  0357       99.03
10963442  0357      108.05
10963957  0357      108.05
10964062  0357      198.07
1108218   0357       83.36
1112379   0357       81.57
1115136   0357       81.72
11163187  0357       95.99
11177533  0357       95.99
11260715  0357       99.03
11261772  0357      128.23
11262378  0357       99.03
11263756  0357       95.99
11264465  0357       99.03
11264550  0357       90.75
11265496  0357       99.03
11265527  0357      108.05
11266390  0357      198.07
11267811  0357      181.50
11267932  0357      191.97
11268437  0357      128.23
11269196  0357      117.77
1129535   0357       79.41
11414487  0357      108.05
11425214  0357       99.03
11425449  0357       99.03
11426462  0357       90.75
11428034  0357       90.75
11428889  0357      247.58
11429539  0357      198.07
11429792  0357       95.99
11429991  0357      148.55
11430700  0357       99.03
11433167  0357       99.03
11433865  0357      198.07
11433968  0357      198.07
11434350  0357       99.03
11546168  0357       90.75
11580362  0357      108.05
11584952  0357       99.03
11586448  0357       99.03
11589730  0357      198.07
11594236  0357      128.23
11594524  0357       95.99
11596252  0357       99.03
11597667  0357       99.03
11598121  0357       93.42
11598207  0357       95.99
11598956  0357       93.42
11633896  0357       93.42
11645810  0357       99.03
11651035  0357       99.03
11651090  0357       99.03
11652405  0357       99.03
11653864  0357       99.03
11694358  0357       95.99
11694758  0357       99.03
11695394  0357      191.97
11749469  0357       99.03
11783201  0357      108.05
11783366  0357      128.23
11784637  0357       95.99
11786325  0357      128.23
11786432  0357       93.42
11787653  0357      198.07
11787807  0357       99.03
11788587  0357      216.11
11788630  0357      108.05
11790273  0357       99.03
11790818  0357      148.55
11791177  0357       99.03
11792506  0357       95.99
11792846  0357       99.03
118087    0357      105.97
11878930  0357       99.03
11879419  0357      108.05
11879750  0357      128.23
11881224  0357      128.23
11881668  0357      239.97
11881669  0357       95.99
11882080  0357       90.75
11882720  0357      128.23
11883300  0357      198.07
11949766  0357      128.23
12011761  0357      256.45
12018571  0357      136.13
12018729  0357       95.99
12018852  0357       99.03
12019816  0357       90.75
12020535  0357      117.77
12021559  0357      108.05
12021966  0357       99.03
12022428  0357      108.05
12023306  0357      117.77
12023981  0357      148.55
12024178  0357       99.03
12024179  0357       99.03
12025294  0357      148.55
12025488  0357       95.99
12025491  0357       95.99
12026565  0357       99.03
12027093  0357       99.03
12027260  0357       99.03
12027527  0357       95.99
12027928  0357       95.99
12027973  0357      216.11
12080554  0357       99.03
1218058   0357       78.02
12241212  0357      143.98
12242270  0357       99.03
12243077  0357       95.99
12244707  0357       95.99
12247738  0357      148.55
12248400  0357      239.97
12248755  0357      108.05
12248784  0357      186.85
12248960  0357       99.03
12249178  0357      128.23
12279667  0357       99.03
12314254  0357      294.42
1232375   0357       95.22
12369466  0357       99.03
12370670  0357      117.77
1239070   0357       83.36
12434895  0357       93.42
12435304  0357       99.03
12435757  0357      143.98
12435759  0357      247.58
12527456  0357       90.75
12534356  0357       99.03
12536172  0357       99.03
12536549  0357      117.77
1254062   0357       85.07
1257983   0357       79.72
1258658   0357       81.57
1261562   0357       85.07
1262953   0357       76.79
1263302   0357       86.70
1263303   0357       81.57
1263991   0357       93.82
1265436   0357       81.57
1266723   0357       41.40
12691465  0357       99.03
1269356   0357      159.45
12698409  0357       95.99
12698965  0357       95.99
12700553  0357       90.75
12701276  0357       99.03
12701301  0357      239.97
12702273  0357       90.75
12704473  0357       93.42
12704482  0357      216.11
12704649  0357       99.03
12704927  0357       99.03
12705860  0357       99.03
12706171  0357       99.03
12706774  0357      216.11
12707136  0357       99.03
1272390   0357       85.07
1273369   0357       78.98
1277938   0357       85.07
1278407   0357       81.57
12848719  0357       99.03
12849330  0357      117.77
12851330  0357       99.03
12852888  0357       99.03
12858616  0357      148.55
12878256  0357       99.03
12884972  0357       99.03
12934142  0357       90.75
12934525  0357       95.99
12935305  0357       99.03
12935606  0357       99.03
13032012  0357      191.97
13032033  0357       99.03
13034237  0357       99.03
13035222  0357      128.23
13084488  0357       93.42
13084886  0357       90.75
13180551  0357       99.03
1318484   0357       83.36
13187744  0357      198.07
13187816  0357      148.55
13188137  0357       93.42
13188604  0357      140.13
13264411  0357       99.03
13265462  0357       95.99
13265946  0357      148.55
13266369  0357       99.03
13268000  0357      191.97
13268185  0357      191.97
13268457  0357       90.75
13268537  0357      148.55
13343258  0357       95.99
13346269  0357      239.97
13408041  0357       93.42
13510172  0357       93.42
13510180  0357       95.99
13519440  0357       95.99
13527636  0357      108.05
13566631  0357      128.23
13643981  0357      191.97
13643982  0357      143.98
13644051  0357       99.03
13644555  0357      239.97
13644665  0357       99.03
13644680  0357      270.13
13652653  0357       95.99
13674854  0357      108.05
13678214  0357       99.03
13678857  0357       95.99
13679940  0357       99.03
13724134  0357      148.55
13774187  0357       95.99
13774684  0357       99.03
13775452  0357       95.99
13775808  0357       95.99
13777181  0357      143.98
13785046  0357       95.99
13785661  0357       99.03
13785997  0357       90.75
13786181  0357       99.03
13787208  0357       99.03
13787741  0357       95.99
13842354  0357       99.03
13843775  0357       99.03
13856268  0357       99.03
13867427  0357      148.55
13868652  0357       99.03
13880177  0357       95.99
13880981  0357       99.03
13905892  0357       95.99
13986119  0357       99.03
13990906  0357      162.08
14003086  0357       90.75
14030527  0357       95.99
14031045  0357       99.03
14031497  0357      247.58
14093727  0357      148.55
14094806  0357      108.05
14143188  0357       90.75
14159223  0357      191.97
14176129  0357       99.03
14176671  0357       99.03
14270811  0357      239.97
14293118  0357      148.55
1431183   0357       81.57
14335445  0357       90.75
14335539  0357       99.03
14372299  0357      108.05
14372545  0357       95.99
14372818  0357      155.75
14376347  0357       99.03
14398946  0357       99.03
14399267  0357      140.13
14405196  0357       99.03
14405401  0357       99.03
14513487  0357       95.99
14590375  0357       93.42
14607589  0357      140.13
14648947  0357       99.03
14649126  0357       95.99
14825867  0357       99.03
14877620  0357       99.03
14877805  0357      108.05
14877859  0357      117.77
14879704  0357      143.98
14880827  0357      108.05
15170350  0357       93.42
15177340  0357      108.05
15177867  0357      191.97
15306151  0357      226.88
15306996  0357       90.75
15352095  0357       99.03
15444811  0357      108.05
15448608  0357       99.03
15597541  0357       95.99
15598043  0357       95.99
15598319  0357       99.03
15598510  0357      198.07
15598933  0357       95.99
15599928  0357      140.13
15668151  0357      198.07
15668851  0357       93.42
15690244  0357       95.99
15729233  0357      148.55
15729536  0357      233.56
15778630  0357      148.55
15885754  0357       95.99
15959808  0357       95.99
15961650  0357       95.99
16001576  0357       95.99
16137706  0357       90.75
16138119  0357      148.55
1631390   0357       72.59
16324090  0357       99.03
16385667  0357       93.42
16387437  0357      198.07
16594051  0357       93.42
16641426  0357       90.75
16736267  0357       99.03
16770549  0357       99.03
16788972  0357      198.07
16796439  0357      191.97
17011869  0357      198.07
17012587  0357      247.58
17019549  0357       99.03
17033230  0357       95.99
17033256  0357       95.99
17104175  0357       99.03
17306742  0357       95.99
1737075   0357       83.36
17379215  0357      140.13
17380736  0357       95.99
17504786  0357       93.42
17572385  0357      198.07
17574055  0357       93.42
17626132  0357      186.85
1763812   0357       76.79
1764349   0357       86.70
1765295   0357      211.65
1769938   0357       82.69
17727473  0357       93.42
17859806  0357       95.99
17859921  0357      191.97
17872590  0357       99.03
17965237  0357      148.55
18058393  0357       95.99
18059918  0357       99.03
18263579  0357       99.03
18263756  0357       99.03
1834693   0357       41.40
18421508  0357       95.99
18471327  0357       99.03
18618969  0357       95.99
18656459  0357      148.55
18785684  0357       95.99
18950730  0357       95.99
1906129   0357       81.57
19166206  0357      239.97
19262723  0357       99.03
1926999   0357       79.72
19324610  0357      198.07
19424156  0357      198.07
19431369  0357       99.03
19827450  0357       95.99
19850185  0357      239.97
19886649  0357      247.58
19973112  0357       99.03
20046577  0357      191.97
20046584  0357      191.97
20187870  0357      186.85
20189202  0357      117.77
20235584  0357      186.85
2030572   0357       83.36
2033664   0357       75.80
20348834  0357      143.98
20351464  0357      198.07
21140944  0357      143.98
2130876   0357       86.70
2157417   0357      189.51
2186056   0357       83.36
2189077   0357       97.55
2196831   0357       85.07
2198274   0357       77.13
2198799   0357       83.36
22326349  0357       93.42
2272067   0357       86.70
23156662  0357       74.71
2376223   0357       75.49
2380275   0357       79.72
2384661   0357       81.57
2529886   0357       81.57
2532585   0357       86.70
2533320   0357       77.59
2534786   0357       45.31
2535843   0357       79.72
2536373   0357       79.72
2536795   0357       78.73
2538821   0357       80.77
2539607   0357       79.72
2539943   0357       86.70
2541142   0357       81.57
2541439   0357       82.28
2541709   0357       81.17
2543654   0357       81.57
2543813   0357       81.57
2543932   0357       85.07
2592064   0357       79.73
2592966   0357       85.07
2593377   0357       78.30
2593686   0357       83.36
2596405   0357       74.44
2597854   0357       84.80
2598033   0357       88.34
2598733   0357       86.81
2598872   0357       84.39
2601437   0357       81.25
2603046   0357       86.99
2605117   0357       76.08
2605164   0357       84.39
2605539   0357       46.36
2605823   0357       41.39
2607322   0357       72.60
2608233   0357       70.82
2608304   0357       82.13
2608554   0357       84.80
2684589   0357       81.57
2741170   0357       78.17
2854705   0357       83.36
2870837   0357       85.63
2910376   0357       86.70
2910432   0357       82.69
2911765   0357       83.36
2912407   0357       86.70
2912692   0357       75.80
2913757   0357       82.72
2913809   0357       86.70
2914272   0357       80.95
2915293   0357       86.70
2915714   0357       81.57
2915780   0357       86.60
2916102   0357       45.31
2916362   0357       85.63
2916467   0357       85.07
2916786   0357       83.36
2918280   0357      203.91
2992913   0357       86.70
3035349   0357       81.57
3039370   0357       79.58
3080057   0357      113.71
3080311   0357       81.57
3080984   0357       99.03
3081351   0357       78.98
3082505   0357       77.12
3083006   0357       81.57
3083065   0357       86.70
3083457   0357       91.32
3083843   0357       85.07
3084868   0357       81.95
3084978   0357       79.72
3085009   0357       77.93
3085276   0357       77.81
3090485   0357       71.75
3156003   0357       71.90
3234299   0357       77.81
3245420   0357       81.57
3314884   0357       45.30
3315121   0357       86.70
3315781   0357       86.70
3317339   0357       71.82
3317520   0357       77.30
3318589   0357       75.35
3318694   0357       71.45
3318719   0357       81.95
3319659   0357       85.07
3320986   0357       81.57
3322128   0357       79.62
3322284   0357       83.36
3322381   0357       82.57
3324084   0357      102.67
3324110   0357       90.93
3324403   0357       75.80
3329806   0357       86.99
3353242   0357       75.07
3457632   0357       65.50
3528540   0357       73.24
3533360   0357       76.34
3535445   0357       82.47
3535676   0357       82.49
3535838   0357       86.15
3538837   0357       73.13
3539352   0357       84.65
3541739   0357       75.97
3541975   0357       41.39
3542004   0357      108.05
3542015   0357       47.42
3554092   0357       79.72
3593839   0357       78.34
3598528   0357       82.93
3710064   0357       93.84
3759377   0357       87.90
3784066   0357       71.12
3784441   0357       74.95
3785251   0357       75.75
3792247   0357       78.02
3830110   0357       90.07
3855157   0357       41.39
3855577   0357       81.57
3856978   0357       86.61
3857004   0357       77.93
3857220   0357       75.54
3857667   0357       87.28
3857878   0357       85.41
3858323   0357      151.07
3858856   0357      108.05
3859230   0357      105.99
3864991   0357       68.68
3875055   0357       93.32
3877925   0357      216.11
3878006   0357       90.75
3963688   0357       71.18
3964093   0357      102.45
3964337   0357       92.71
3965704   0357       79.54
3969513   0357       67.89
4001934   0357       78.49
4064149   0357       65.39
4065177   0357       85.07
4065584   0357       99.03
4065648   0357       87.59
4066245   0357       84.72
4067118   0357       67.48
4067735   0357       84.66
4067795   0357       84.21
4068788   0357       67.45
4071074   0357      113.51
4071241   0357       68.01
4107436   0357       90.75
4191539   0357       73.43
4193094   0357      183.18
4194671   0357       72.57
4195654   0357       85.88
4199927   0357       42.63
4200911   0357       83.05
4238916   0357       92.28
430240    0357       86.70
4317775   0357      118.44
4373204   0357      122.35
4373479   0357       67.45
4375498   0357       83.46
4375998   0357       85.99
4376813   0357       82.07
4377201   0357       86.80
4378140   0357       68.21
4378236   0357       86.55
4378283   0357       75.75
4378759   0357      110.84
4379154   0357       89.72
4381341   0357       79.99
4381614   0357       95.99
4382400   0357      110.07
4383023   0357      108.05
4383200   0357       89.69
4385047   0357       88.44
4386936   0357      117.77
4387777   0357      226.88
439023    0357       53.83
4409485   0357      108.05
4409788   0357       84.04
4409789   0357      191.97
4414417   0357       76.58
4414541   0357       78.85
4414909   0357       86.98
4415675   0357       82.31
443869    0357       81.57
4609506   0357       72.38
4610129   0357       84.39
4720170   0357      143.98
4720923   0357       99.03
4721016   0357       95.99
4721639   0357       86.70
4722680   0357       86.14
4722814   0357       43.07
4723168   0357       82.72
4723276   0357       81.74
4723403   0357       85.93
4724433   0357       88.34
4725919   0357      216.11
4727740   0357       90.75
4728331   0357       83.29
4729448   0357       42.92
4729575   0357       57.73
4730168   0357      125.72
4730490   0357       80.18
4730823   0357       86.04
4731322   0357      114.27
4731494   0357       71.38
4732090   0357       68.98
4732618   0357       93.42
4734527   0357       93.42
4734940   0357       95.99
4735505   0357       86.70
4738424   0357       81.57
4739546   0357      110.36
4739796   0357      108.05
4754833   0357      116.39
4803744   0357      108.05
4805842   0357       99.03
4827213   0357       68.34
4853128   0357       70.47
4882144   0357       46.42
5017295   0357       90.75
5022967   0357       86.92
5237805   0357       99.03
5238236   0357       87.90
5239261   0357       68.94
5240821   0357       75.34
5242545   0357       79.10
5244302   0357       73.45
5244483   0357       90.75
5244484   0357       71.38
5244765   0357       69.49
5245261   0357      108.05
5248926   0357       77.47
5248954   0357       71.99
5249259   0357       99.03
5249817   0357      108.05
5250965   0357       82.09
5251153   0357       82.33
5251214   0357       68.56
5252606   0357      216.11
5253930   0357       92.05
5254613   0357       87.71
5254952   0357       81.78
5255567   0357       99.03
5255641   0357      108.05
5257069   0357       70.96
5257175   0357       84.80
5257421   0357      117.77
5257727   0357      247.58
5257774   0357       99.03
5259121   0357       89.87
5259785   0357       77.78
5261116   0357       93.42
5261139   0357       92.75
5261250   0357       74.07
5261418   0357       69.53
5261643   0357       95.79
5263470   0357       78.51
5344986   0357       95.99
5435450   0357       93.42
5436619   0357      108.05
5436795   0357       46.81
5438690   0357       84.25
5439480   0357       99.03
5439865   0357      294.42
5458236   0357       93.42
5461455   0357       84.79
5605414   0357      193.91
5658043   0357       94.40
5688352   0357       99.03
5765952   0357       99.03
5779173   0357       99.03
5915261   0357       81.57
5921128   0357       99.03
5921800   0357       95.99
5923624   0357      108.05
5925143   0357      108.05
5925949   0357       41.40
5929492   0357       99.03
5935536   0357      270.13
5938630   0357       99.03
5938995   0357       99.03
6044716   0357      148.55
6125595   0357      239.97
6127630   0357       78.18
6238388   0357      128.23
6394853   0357       55.07
64800     0357       77.81
6537141   0357       83.39
6573443   0357       84.79
6573855   0357      117.77
6573893   0357       93.42
6575243   0357       90.75
6575301   0357       99.03
6584406   0357      195.27
6602322   0357       95.99
6634354   0357       99.03
6689708   0357       99.03
6690236   0357       99.03
6701343   0357       99.03
6701344   0357       99.03
6701453   0357       99.03
673822    0357       85.07
6841910   0357       95.99
7076647   0357       99.03
7211860   0357      108.05
7240399   0357       99.03
7300376   0357       84.25
7301470   0357       86.88
7305494   0357       84.89
7305781   0357       79.54
7308623   0357       75.15
7309317   0357       95.99
7309375   0357       90.75
7310425   0357      117.77
7310959   0357       75.75
7311233   0357       71.95
7311255   0357      102.81
7312149   0357       93.79
7313189   0357       82.13
7314050   0357       95.99
7314987   0357      117.77
7315048   0357      108.05
7315058   0357      247.58
7315331   0357       99.03
7316059   0357      117.77
7316139   0357      108.05
7316607   0357       82.28
7316959   0357      147.93
7317744   0357      173.39
7318041   0357       70.79
7319649   0357      216.11
7321787   0357       90.75
7322304   0357       90.75
7322780   0357       93.42
7322794   0357       95.20
7324725   0357       82.57
7325664   0357       65.51
7325721   0357       85.38
7325722   0357       97.94
7325778   0357       41.69
7328421   0357       95.99
7330948   0357       99.03
7331943   0357      128.33
7332202   0357       95.99
7332734   0357      127.19
7333145   0357      108.05
7333526   0357      191.97
7335642   0357       99.03
7337422   0357       61.98
7337778   0357       95.99
7338055   0357      117.77
7340200   0357       83.36
7340742   0357       79.62
7340989   0357       91.85
7342107   0357       90.75
7342680   0357       81.57
7343605   0357       95.99
7344290   0357       90.75
7344465   0357      181.50
7347856   0357       75.54
7348137   0357       95.99
7348986   0357       99.03
7349428   0357      320.57
7349843   0357       95.99
7350162   0357       68.86
7350273   0357       90.75
7351297   0357       56.06
7352317   0357       90.75
7353364   0357      191.97
7353377   0357       99.03
7354064   0357       95.99
7354848   0357       41.69
7355928   0357       77.59
7359478   0357      108.05
7360346   0357       93.42
7360517   0357       99.03
7363171   0357       60.32
7363652   0357       99.03
7365166   0357       99.03
7365545   0357       90.75
7367276   0357       95.99
7368710   0357      191.97
7369018   0357       99.03
7371154   0357       99.03
7372156   0357       95.99
7372973   0357       64.38
7373089   0357       93.42
7373215   0357      117.77
7374243   0357       93.42
7374616   0357       73.16
7377030   0357       93.42
7377579   0357       99.03
7379256   0357      181.50
7380616   0357       95.99
7381553   0357       99.03
7382148   0357       74.45
7382532   0357       95.99
7384964   0357       99.03
7387544   0357      198.07
7388038   0357       95.99
7388080   0357       99.03
7388125   0357      108.05
7388199   0357      140.13
7389581   0357       99.03
7391472   0357       90.75
7392153   0357      270.13
7393061   0357       90.75
7393144   0357      191.97
7395742   0357       41.39
7396051   0357      148.55
7398038   0357       52.52
7400031   0357       99.03
7401094   0357       99.03
7401380   0357       99.03
7401853   0357       95.99
7403123   0357       95.99
7403188   0357       90.75
7403563   0357       90.75
7406353   0357       99.03
7408531   0357       99.03
7409730   0357       90.75
7410177   0357      128.23
7412535   0357      108.05
7412738   0357       93.42
7415285   0357      128.23
7415448   0357       99.03
7416870   0357       95.99
7417289   0357      191.97
7417791   0357      198.07
7418898   0357       95.99
7418939   0357       95.99
7419340   0357       90.75
7419740   0357       96.04
7419800   0357       99.03
7419866   0357      226.88
7420316   0357       99.03
7420429   0357      108.05
7423108   0357      108.05
7423415   0357       99.03
7423444   0357       99.03
7425063   0357       95.99
7425430   0357       99.03
7425900   0357       90.75
7426046   0357       99.03
7427359   0357       95.99
7427520   0357       99.03
7429274   0357       99.03
7432253   0357      108.05
7434591   0357      247.58
7435158   0357      239.97
7436077   0357      181.50
7436996   0357       99.03
7437806   0357       95.99
7437808   0357       95.99
7438450   0357       99.03
7439597   0357      235.53
7439617   0357       99.03
7439629   0357       99.03
7440809   0357       43.86
7442445   0357       99.03
7444497   0357      143.98
7444651   0357      108.05
7444842   0357       99.03
7444889   0357      235.53
7445661   0357       93.42
7446382   0357      108.05
7446644   0357       99.03
7447067   0357      247.58
7447334   0357      117.77
7447992   0357       95.99
7449457   0357       93.42
7455429   0357       99.79
7455588   0357       99.03
7461704   0357       99.03
7465820   0357      247.58
7465910   0357       99.03
7466779   0357       84.76
7466870   0357      107.72
7502836   0357       68.55
7548386   0357       70.10
7548420   0357       90.75
770342    0357       81.57
7917981   0357       99.03
7981510   0357      108.05
7982728   0357       95.99
7982865   0357      108.05
7983170   0357       95.99
7984159   0357       99.03
7985605   0357       43.79
7988969   0357      123.36
8054279   0357       81.22
8064487   0357      118.06
8068577   0357       67.28
8069571   0357       99.03
8140450   0357       47.30
8594315   0357       99.03
8718789   0357      198.07
8734286   0357      108.05
9066082   0357       77.78
9100619   0357      123.36
9211039   0357       90.75
9261804   0357      108.05
9317884   0357      216.11
9433060   0357       99.03
9540404   0357      108.05
9540845   0357      176.65
9542018   0357      108.05
9542237   0357       90.75
9543174   0357       99.03
9543530   0357       72.88
9544179   0357       99.03
9544345   0357       93.42
9544429   0357      108.05
9544827   0357      108.05
9545198   0357       80.18
9545952   0357      100.02
9546474   0357       99.03
9547148   0357       90.75
9551389   0357       99.03
9552709   0357       88.48
9553039   0357      144.77
9553047   0357       90.75
9553149   0357       95.99
9553310   0357      191.97
9555077   0357       71.64
9555609   0357       95.99
9555641   0357       99.03
9557148   0357      235.53
9557803   0357       93.42
9557875   0357       95.99
9557894   0357       78.55
9558628   0357       93.42
9560453   0357       95.99
9570736   0357       99.66
9572755   0357       99.03
9577605   0357      107.56
9601343   0357      247.58
9603154   0357       93.42
9603683   0357       99.03
9603870   0357       41.39
9604166   0357       90.75
9604592   0357      192.34
9607091   0357       77.93
9608547   0357       99.03
9609337   0357       95.99
9609338   0357      198.07
9612117   0357      122.48
9612530   0357      247.58
9612692   0357       99.03
9614364   0357      181.50
9615563   0357       99.03
9615964   0357       99.03
9617493   0357      181.50
9620242   0357      216.11
9620248   0357      235.53
9620376   0357       99.03
9620599   0357      108.05
9620701   0357       90.75
9620720   0357       90.75
9621777   0357       95.99
9622347   0357       99.03
9624370   0357      128.23
9624596   0357       95.99
9625361   0357       99.03
9625933   0357      198.07
9626082   0357       99.03
9626215   0357       90.75
9627150   0357      270.13
9627523   0357      198.07
9627724   0357       95.99
9629963   0357      108.05
9631462   0357      108.05
9634554   0357       99.03
9634674   0357       99.03
9636806   0357       95.99
9638320   0357       99.03
9639201   0357       90.75
9845319   0357       93.42
9846320   0357      108.05
9847068   0357       90.75
9847350   0357      116.89
9848693   0357       90.75
9850403   0357       99.03
9851111   0357       99.03
9851993   0357       99.03
10107724  3357      128.23
10120357  3357       99.03
10121866  3357      108.05
10125466  3357       95.99
10126656  3357       99.03
10141786  3357      108.05
10312414  3357       90.75
10373550  3357       99.03
10639752  3357       95.99
10726693  3357       99.03
10760806  3357       95.99
10764554  3357      108.05
10770124  3357       99.03
10772668  3357       95.99
10774121  3357      108.05
10775520  3357       90.75
10776516  3357      128.23
10776915  3357       95.99
10777482  3357       95.99
10777645  3357       99.03
10778464  3357       95.99
10779723  3357      106.61
10784623  3357       99.03
10820078  3357      108.05
10840266  3357       99.03
10841061  3357       93.42
10841823  3357      128.23
10842205  3357       99.03
10843324  3357       99.03
10844575  3357      128.23
10844947  3357       99.03
10845717  3357       95.99
10845943  3357      128.23
10846474  3357       99.03
10846532  3357      108.05
10846629  3357       99.03
10846940  3357       99.03
10846985  3357       99.03
10847648  3357       95.99
10848158  3357      117.77
10849906  3357       99.03
10849907  3357      108.05
10860593  3357       99.03
10903693  3357       95.99
10959957  3357       99.03
10960021  3357       99.03
10963442  3357      108.05
10963957  3357      108.05
10964062  3357       99.03
1108218   3357       83.36
1112379   3357       81.57
1115136   3357       81.72
11163187  3357       95.99
11177533  3357       95.99
11260715  3357       99.03
11261772  3357      128.23
11262378  3357       99.03
11263756  3357       95.99
11264465  3357       99.03
11264550  3357       90.75
11265496  3357       99.03
11265527  3357      108.05
11266390  3357       99.03
11267811  3357       90.75
11267932  3357       95.99
11268437  3357      128.23
11269196  3357      117.77
1129535   3357       79.41
11414487  3357      108.05
11425214  3357       99.03
11425449  3357       99.03
11426462  3357       90.75
11428034  3357       90.75
11428889  3357       99.03
11429539  3357       99.03
11429792  3357       95.99
11429991  3357       99.03
11430700  3357       99.03
11433167  3357       99.03
11433865  3357       99.03
11433968  3357       99.03
11434350  3357       99.03
11546168  3357       90.75
11580362  3357      108.05
11584952  3357       99.03
11586448  3357       99.03
11589730  3357       99.03
11594236  3357      128.23
11594524  3357       95.99
11596252  3357       99.03
11597667  3357       99.03
11598121  3357       93.42
11598207  3357       95.99
11598956  3357       93.42
11633896  3357       93.42
11645810  3357       99.03
11651035  3357       99.03
11651090  3357       99.03
11652405  3357       99.03
11653864  3357       99.03
11694358  3357       95.99
11694758  3357       99.03
11695394  3357       95.99
11749469  3357       99.03
11783201  3357      108.05
11783366  3357      128.23
11784637  3357       95.99
11786325  3357      128.23
11786432  3357       93.42
11787653  3357       99.03
11787807  3357       99.03
11788587  3357      108.05
11788630  3357      108.05
11790273  3357       99.03
11790818  3357       99.03
11791177  3357       99.03
11792506  3357       95.99
11792846  3357       99.03
118087    3357      105.97
11878930  3357       99.03
11879419  3357      108.05
11879750  3357      128.23
11881224  3357      128.23
11881668  3357       95.99
11881669  3357       95.99
11882080  3357       90.75
11882720  3357      128.23
11883300  3357       99.03
11949766  3357      128.23
12011761  3357      128.23
12018571  3357       90.75
12018729  3357       95.99
12018852  3357       99.03
12019816  3357       90.75
12020535  3357      117.77
12021559  3357      108.05
12021966  3357       99.03
12022428  3357      108.05
12023306  3357      117.77
12023981  3357       99.03
12024178  3357       99.03
12024179  3357       99.03
12025294  3357       99.03
12025488  3357       95.99
12025491  3357       95.99
12026565  3357       99.03
12027093  3357       99.03
12027260  3357       99.03
12027527  3357       95.99
12027928  3357       95.99
12027973  3357      108.05
12080554  3357       99.03
1218058   3357       78.02
12241212  3357       95.99
12242270  3357       99.03
12243077  3357       95.99
12244707  3357       95.99
12247738  3357       99.03
12248400  3357       95.99
12248755  3357      108.05
12248784  3357       93.42
12248960  3357       99.03
12249178  3357      128.23
12279667  3357       99.03
12314254  3357      117.77
1232375   3357       95.22
12369466  3357       99.03
12370670  3357      117.77
1239070   3357       83.36
12434895  3357       93.42
12435304  3357       99.03
12435757  3357       95.99
12435759  3357       99.03
12527456  3357       90.75
12534356  3357       99.03
12536172  3357       99.03
12536549  3357      117.77
1254062   3357       85.07
1257983   3357       79.72
1258658   3357       81.57
1261562   3357       85.07
1262953   3357       76.79
1263302   3357       86.70
1263303   3357       81.57
1263991   3357       93.82
1265436   3357       81.57
1266723   3357       41.40
12691465  3357       99.03
1269356   3357       79.72
12698409  3357       95.99
12698965  3357       95.99
12700553  3357       90.75
12701276  3357       99.03
12701301  3357       95.99
12702273  3357       90.75
12704473  3357       93.42
12704482  3357      108.05
12704649  3357       99.03
12704927  3357       99.03
12705860  3357       99.03
12706171  3357       99.03
12706774  3357      108.05
12707136  3357       99.03
1272390   3357       85.07
1273369   3357       78.98
1277938   3357       85.07
1278407   3357       81.57
12848719  3357       99.03
12849330  3357      117.77
12851330  3357       99.03
12852888  3357       99.03
12858616  3357       99.03
12878256  3357       99.03
12884972  3357       99.03
12934142  3357       90.75
12934525  3357       95.99
12935305  3357       99.03
12935606  3357       99.03
13032012  3357       95.99
13032033  3357       99.03
13034237  3357       99.03
13035222  3357      128.23
13084488  3357       93.42
13084886  3357       90.75
13180551  3357       99.03
1318484   3357       83.36
13187744  3357       99.03
13187816  3357       99.03
13188137  3357       93.42
13188604  3357       93.42
13264411  3357       99.03
13265462  3357       95.99
13265946  3357       99.03
13266369  3357       99.03
13268000  3357       95.99
13268185  3357       95.99
13268457  3357       90.75
13268537  3357       99.03
13343258  3357       95.99
13346269  3357       95.99
13408041  3357       93.42
13510172  3357       93.42
13510180  3357       95.99
13519440  3357       95.99
13527636  3357      108.05
13566631  3357      128.23
13643981  3357       95.99
13643982  3357       95.99
13644051  3357       99.03
13644555  3357       95.99
13644665  3357       99.03
13644680  3357      108.05
13652653  3357       95.99
13674854  3357      108.05
13678214  3357       99.03
13678857  3357       95.99
13679940  3357       99.03
13724134  3357       99.03
13774187  3357       95.99
13774684  3357       99.03
13775452  3357       95.99
13775808  3357       95.99
13777181  3357       95.99
13785046  3357       95.99
13785661  3357       99.03
13785997  3357       90.75
13786181  3357       99.03
13787208  3357       99.03
13787741  3357       95.99
13842354  3357       99.03
13843775  3357       99.03
13856268  3357       99.03
13867427  3357       99.03
13868652  3357       99.03
13880177  3357       95.99
13880981  3357       99.03
13905892  3357       95.99
13986119  3357       99.03
13990906  3357      108.05
14003086  3357       90.75
14030527  3357       95.99
14031045  3357       99.03
14031497  3357       99.03
14093727  3357       99.03
14094806  3357      108.05
14143188  3357       90.75
14159223  3357       95.99
14176129  3357       99.03
14176671  3357       99.03
14270811  3357       95.99
14293118  3357       99.03
1431183   3357       81.57
14335445  3357       90.75
14335539  3357       99.03
14372299  3357      108.05
14372545  3357       95.99
14372818  3357       62.30
14376347  3357       99.03
14398946  3357       99.03
14399267  3357       93.42
14405196  3357       99.03
14405401  3357       99.03
14513487  3357       95.99
14590375  3357       93.42
14607589  3357       93.42
14648947  3357       99.03
14649126  3357       95.99
14825867  3357       99.03
14877620  3357       99.03
14877805  3357      108.05
14877859  3357      117.77
14879704  3357       95.99
14880827  3357      108.05
15170350  3357       93.42
15177340  3357      108.05
15177867  3357       95.99
15306151  3357       90.75
15306996  3357       90.75
15352095  3357       99.03
15444811  3357      108.05
15448608  3357       99.03
15597541  3357       95.99
15598043  3357       95.99
15598319  3357       99.03
15598510  3357       99.03
15598933  3357       95.99
15599928  3357       93.42
15668151  3357       99.03
15668851  3357       93.42
15690244  3357       95.99
15729233  3357       99.03
15729536  3357       93.42
15778630  3357       99.03
15885754  3357       95.99
15959808  3357       95.99
15961650  3357       95.99
16001576  3357       95.99
16137706  3357       90.75
16138119  3357       99.03
1631390   3357       72.59
16324090  3357       99.03
16385667  3357       93.42
16387437  3357       99.03
16594051  3357       93.42
16641426  3357       90.75
16736267  3357       99.03
16770549  3357       99.03
16788972  3357       99.03
16796439  3357       95.99
17011869  3357       99.03
17012587  3357       99.03
17019549  3357       99.03
17033230  3357       95.99
17033256  3357       95.99
17104175  3357       99.03
17306742  3357       95.99
1737075   3357       83.36
17379215  3357       93.42
17380736  3357       95.99
17504786  3357       93.42
17572385  3357       99.03
17574055  3357       93.42
17626132  3357       93.42
1763812   3357       76.79
1764349   3357       86.70
1765295   3357      105.83
1769938   3357       82.69
17727473  3357       93.42
17859806  3357       95.99
17859921  3357       95.99
17872590  3357       99.03
17965237  3357       99.03
18058393  3357       95.99
18059918  3357       99.03
18263579  3357       99.03
18263756  3357       99.03
1834693   3357       41.40
18421508  3357       95.99
18471327  3357       99.03
18618969  3357       95.99
18656459  3357       99.03
18785684  3357       95.99
18950730  3357       95.99
1906129   3357       81.57
19166206  3357       95.99
19262723  3357       99.03
1926999   3357       79.72
19324610  3357       99.03
19424156  3357       99.03
19431369  3357       99.03
19827450  3357       95.99
19850185  3357       95.99
19886649  3357       99.03
19973112  3357       99.03
20046577  3357       95.99
20046584  3357       95.99
20187870  3357       93.42
20189202  3357      117.77
20235584  3357       93.42
2030572   3357       83.36
2033664   3357       75.80
20348834  3357       95.99
20351464  3357       99.03
21140944  3357       95.99
2130876   3357       86.70
2157417   3357       75.80
2186056   3357       83.36
2189077   3357       97.55
2196831   3357       85.07
2198274   3357       77.13
2198799   3357       83.36
22326349  3357       93.42
2272067   3357       86.70
23156662  3357       74.71
2376223   3357       75.49
2380275   3357       79.72
2384661   3357       81.57
2529886   3357       81.57
2532585   3357       86.70
2533320   3357       77.59
2534786   3357       45.31
2535843   3357       79.72
2536373   3357       79.72
2536795   3357       78.73
2538821   3357       80.77
2539607   3357       79.72
2539943   3357       86.70
2541142   3357       81.57
2541439   3357       82.28
2541709   3357       81.17
2543654   3357       81.57
2543813   3357       81.57
2543932   3357       85.07
2592064   3357       79.73
2592966   3357       85.07
2593377   3357       78.30
2593686   3357       83.36
2596405   3357       74.44
2597854   3357       84.80
2598033   3357       88.34
2598733   3357       86.81
2598872   3357       84.39
2601437   3357       81.25
2603046   3357       86.99
2605117   3357       76.08
2605164   3357       84.39
2605539   3357       46.36
2605823   3357       41.39
2607322   3357       72.60
2608233   3357       70.82
2608304   3357       82.13
2608554   3357       84.80
2684589   3357       81.57
2741170   3357       78.17
2854705   3357       83.36
2870837   3357       85.63
2910376   3357       86.70
2910432   3357       82.69
2911765   3357       83.36
2912407   3357       86.70
2912692   3357       75.80
2913757   3357       82.72
2913809   3357       86.70
2914272   3357       80.95
2915293   3357       86.70
2915714   3357       81.57
2915780   3357       86.60
2916102   3357       45.31
2916362   3357       85.63
2916467   3357       85.07
2916786   3357       83.36
2918280   3357       81.57
2992913   3357       86.70
3035349   3357       81.57
3039370   3357       79.58
3080057   3357       75.80
3080311   3357       81.57
3080984   3357       99.03
3081351   3357       78.98
3082505   3357       77.12
3083006   3357       81.57
3083065   3357       86.70
3083457   3357       91.32
3083843   3357       85.07
3084868   3357       81.95
3084978   3357       79.72
3085009   3357       77.93
3085276   3357       77.81
3090485   3357       71.75
3156003   3357       71.90
3234299   3357       77.81
3245420   3357       81.57
3314884   3357       45.30
3315121   3357       86.70
3315781   3357       86.70
3317339   3357       71.82
3317520   3357       77.30
3318589   3357       75.35
3318694   3357       71.45
3318719   3357       81.95
3319659   3357       85.07
3320986   3357       81.57
3322128   3357       79.62
3322284   3357       83.36
3322381   3357       82.57
3324084   3357      102.67
3324110   3357       90.93
3324403   3357       75.80
3329806   3357       86.99
3353242   3357       75.07
3457632   3357       65.50
3528540   3357       73.24
3533360   3357       76.34
3535445   3357       82.47
3535676   3357       82.49
3535838   3357       86.15
3538837   3357       73.13
3539352   3357       84.65
3541739   3357       75.97
3541975   3357       41.39
3542004   3357      108.05
3542015   3357       47.42
3554092   3357       79.72
3593839   3357       78.34
3598528   3357       82.93
3710064   3357       93.84
3759377   3357       87.90
3784066   3357       71.12
3784441   3357       74.95
3785251   3357       75.75
3792247   3357       78.02
3830110   3357       90.07
3855157   3357       41.39
3855577   3357       81.57
3856978   3357       86.61
3857004   3357       77.93
3857220   3357       75.54
3857667   3357       87.28
3857878   3357       85.41
3858323   3357       75.54
3858856   3357      108.05
3859230   3357       70.66
3864991   3357       68.68
3875055   3357       93.32
3877925   3357      108.05
3878006   3357       90.75
3963688   3357       71.18
3964093   3357      102.45
3964337   3357       92.71
3965704   3357       79.54
3969513   3357       67.89
4001934   3357       78.49
4064149   3357       65.39
4065177   3357       85.07
4065584   3357       99.03
4065648   3357       87.59
4066245   3357       84.72
4067118   3357       67.48
4067735   3357       84.66
4067795   3357       84.21
4068788   3357       67.45
4071074   3357      113.51
4071241   3357       68.01
4107436   3357       90.75
4191539   3357       73.43
4193094   3357       73.27
4194671   3357       72.57
4195654   3357       85.88
4199927   3357       42.63
4200911   3357       83.05
4238916   3357       92.28
430240    3357       86.70
4317775   3357      118.44
4373204   3357      122.35
4373479   3357       67.45
4375498   3357       83.46
4375998   3357       85.99
4376813   3357       82.07
4377201   3357       86.80
4378140   3357       68.21
4378236   3357       86.55
4378283   3357       75.75
4378759   3357      110.84
4379154   3357       89.72
4381341   3357       79.99
4381614   3357       95.99
4382400   3357       73.38
4383023   3357      108.05
4383200   3357       89.69
4385047   3357       88.44
4386936   3357      117.77
4387777   3357       90.75
439023    3357       53.83
4409485   3357      108.05
4409788   3357       84.04
4409789   3357       95.99
4414417   3357       76.58
4414541   3357       78.85
4414909   3357       86.98
4415675   3357       82.31
443869    3357       81.57
4609506   3357       72.38
4610129   3357       84.39
4720170   3357       95.99
4720923   3357       99.03
4721016   3357       95.99
4721639   3357       86.70
4722680   3357       86.14
4722814   3357       43.07
4723168   3357       82.72
4723276   3357       81.74
4723403   3357       85.93
4724433   3357       88.34
4725919   3357      108.05
4727740   3357       90.75
4728331   3357       83.29
4729448   3357       42.92
4729575   3357       57.73
4730168   3357      125.72
4730490   3357       80.18
4730823   3357       86.04
4731322   3357      114.27
4731494   3357       71.38
4732090   3357       68.98
4732618   3357       93.42
4734527   3357       93.42
4734940   3357       95.99
4735505   3357       86.70
4738424   3357       81.57
4739546   3357      110.36
4739796   3357      108.05
4754833   3357      116.39
4803744   3357      108.05
4805842   3357       99.03
4827213   3357       68.34
4853128   3357       70.47
4882144   3357       46.42
5017295   3357       90.75
5022967   3357       86.92
5237805   3357       99.03
5238236   3357       87.90
5239261   3357       68.94
5240821   3357       75.34
5242545   3357       79.10
5244302   3357       73.45
5244483   3357       90.75
5244484   3357       71.38
5244765   3357       69.49
5245261   3357      108.05
5248926   3357       77.47
5248954   3357       71.99
5249259   3357       99.03
5249817   3357      108.05
5250965   3357       82.09
5251153   3357       82.33
5251214   3357       68.56
5252606   3357      108.05
5253930   3357       92.05
5254613   3357       87.71
5254952   3357       81.78
5255567   3357       99.03
5255641   3357      108.05
5257069   3357       70.96
5257175   3357       84.80
5257421   3357      117.77
5257727   3357       99.03
5257774   3357       99.03
5259121   3357       89.87
5259785   3357       77.78
5261116   3357       93.42
5261139   3357       92.75
5261250   3357       74.07
5261418   3357       69.53
5261643   3357       95.79
5263470   3357       78.51
5344986   3357       95.99
5435450   3357       93.42
5436619   3357      108.05
5436795   3357       46.81
5438690   3357       84.25
5439480   3357       99.03
5439865   3357      117.77
5458236   3357       93.42
5461455   3357       84.79
5605414   3357       96.96
5658043   3357       94.40
5688352   3357       99.03
5765952   3357       99.03
5779173   3357       99.03
5915261   3357       81.57
5921128   3357       99.03
5921800   3357       95.99
5923624   3357      108.05
5925143   3357      108.05
5925949   3357       41.40
5929492   3357       99.03
5935536   3357      108.05
5938630   3357       99.03
5938995   3357       99.03
6044716   3357       99.03
6125595   3357       95.99
6127630   3357       78.18
6238388   3357      128.23
6394853   3357       55.07
64800     3357       77.81
6537141   3357       83.39
6573443   3357       84.79
6573855   3357      117.77
6573893   3357       93.42
6575243   3357       90.75
6575301   3357       99.03
6584406   3357       78.11
6602322   3357       95.99
6634354   3357       99.03
6689708   3357       99.03
6690236   3357       99.03
6701343   3357       99.03
6701344   3357       99.03
6701453   3357       99.03
673822    3357       85.07
6841910   3357       95.99
7076647   3357       99.03
7211860   3357      108.05
7240399   3357       99.03
7300376   3357       84.25
7301470   3357       86.88
7305494   3357       84.89
7305781   3357       79.54
7308623   3357       75.15
7309317   3357       95.99
7309375   3357       90.75
7310425   3357      117.77
7310959   3357       75.75
7311233   3357       71.95
7311255   3357      102.81
7312149   3357       93.79
7313189   3357       82.13
7314050   3357       95.99
7314987   3357      117.77
7315048   3357      108.05
7315058   3357       99.03
7315331   3357       99.03
7316059   3357      117.77
7316139   3357      108.05
7316607   3357       82.28
7316959   3357       73.97
7317744   3357       86.70
7318041   3357       70.79
7319649   3357      108.05
7321787   3357       90.75
7322304   3357       90.75
7322780   3357       93.42
7322794   3357       95.20
7324725   3357       82.57
7325664   3357       65.51
7325721   3357       85.38
7325722   3357       97.94
7325778   3357       41.69
7328421   3357       95.99
7330948   3357       99.03
7331943   3357      128.33
7332202   3357       95.99
7332734   3357       84.80
7333145   3357      108.05
7333526   3357       95.99
7335642   3357       99.03
7337422   3357       61.98
7337778   3357       95.99
7338055   3357      117.77
7340200   3357       83.36
7340742   3357       79.62
7340989   3357       91.85
7342107   3357       90.75
7342680   3357       81.57
7343605   3357       95.99
7344290   3357       90.75
7344465   3357       90.75
7347856   3357       75.54
7348137   3357       95.99
7348986   3357       99.03
7349428   3357      128.23
7349843   3357       95.99
7350162   3357       68.86
7350273   3357       90.75
7351297   3357       56.06
7352317   3357       90.75
7353364   3357       95.99
7353377   3357       99.03
7354064   3357       95.99
7354848   3357       41.69
7355928   3357       77.59
7359478   3357      108.05
7360346   3357       93.42
7360517   3357       99.03
7363171   3357       60.32
7363652   3357       99.03
7365166   3357       99.03
7365545   3357       90.75
7367276   3357       95.99
7368710   3357       95.99
7369018   3357       99.03
7371154   3357       99.03
7372156   3357       95.99
7372973   3357       64.38
7373089   3357       93.42
7373215   3357      117.77
7374243   3357       93.42
7374616   3357       73.16
7377030   3357       93.42
7377579   3357       99.03
7379256   3357       90.75
7380616   3357       95.99
7381553   3357       99.03
7382148   3357       74.45
7382532   3357       95.99
7384964   3357       99.03
7387544   3357       99.03
7388038   3357       95.99
7388080   3357       99.03
7388125   3357      108.05
7388199   3357       93.42
7389581   3357       99.03
7391472   3357       90.75
7392153   3357      108.05
7393061   3357       90.75
7393144   3357       95.99
7395742   3357       41.39
7396051   3357       99.03
7398038   3357       52.52
7400031   3357       99.03
7401094   3357       99.03
7401380   3357       99.03
7401853   3357       95.99
7403123   3357       95.99
7403188   3357       90.75
7403563   3357       90.75
7406353   3357       99.03
7408531   3357       99.03
7409730   3357       90.75
7410177   3357      128.23
7412535   3357      108.05
7412738   3357       93.42
7415285   3357      128.23
7415448   3357       99.03
7416870   3357       95.99
7417289   3357       95.99
7417791   3357       99.03
7418898   3357       95.99
7418939   3357       95.99
7419340   3357       90.75
7419740   3357       96.04
7419800   3357       99.03
7419866   3357       90.75
7420316   3357       99.03
7420429   3357      108.05
7423108   3357      108.05
7423415   3357       99.03
7423444   3357       99.03
7425063   3357       95.99
7425430   3357       99.03
7425900   3357       90.75
7426046   3357       99.03
7427359   3357       95.99
7427520   3357       99.03
7429274   3357       99.03
7432253   3357      108.05
7434591   3357       99.03
7435158   3357       95.99
7436077   3357       90.75
7436996   3357       99.03
7437806   3357       95.99
7437808   3357       95.99
7438450   3357       99.03
7439597   3357      117.77
7439617   3357       99.03
7439629   3357       99.03
7440809   3357       43.86
7442445   3357       99.03
7444497   3357       95.99
7444651   3357      108.05
7444842   3357       99.03
7444889   3357      117.77
7445661   3357       93.42
7446382   3357      108.05
7446644   3357       99.03
7447067   3357       99.03
7447334   3357      117.77
7447992   3357       95.99
7449457   3357       93.42
7455429   3357       99.79
7455588   3357       99.03
7461704   3357       99.03
7465820   3357       99.03
7465910   3357       99.03
7466779   3357       84.76
7466870   3357      107.72
7502836   3357       68.55
7548386   3357       70.10
7548420   3357       90.75
770342    3357       81.57
7917981   3357       99.03
7981510   3357      108.05
7982728   3357       95.99
7982865   3357      108.05
7983170   3357       95.99
7984159   3357       99.03
7985605   3357       43.79
7988969   3357      123.36
8054279   3357       81.22
8064487   3357       59.03
8068577   3357       67.28
8069571   3357       99.03
8140450   3357       47.30
8594315   3357       99.03
8718789   3357       99.03
8734286   3357      108.05
9066082   3357       77.78
9100619   3357      123.36
9211039   3357       90.75
9261804   3357      108.05
9317884   3357      108.05
9433060   3357       99.03
9540404   3357      108.05
9540845   3357      117.77
9542018   3357      108.05
9542237   3357       90.75
9543174   3357       99.03
9543530   3357       72.88
9544179   3357       99.03
9544345   3357       93.42
9544429   3357      108.05
9544827   3357      108.05
9545198   3357       80.18
9545952   3357      100.02
9546474   3357       99.03
9547148   3357       90.75
9551389   3357       99.03
9552709   3357       88.48
9553039   3357      144.77
9553047   3357       90.75
9553149   3357       95.99
9553310   3357       95.99
9555077   3357       71.64
9555609   3357       95.99
9555641   3357       99.03
9557148   3357      117.77
9557803   3357       93.42
9557875   3357       95.99
9557894   3357       78.55
9558628   3357       93.42
9560453   3357       95.99
9570736   3357       99.66
9572755   3357       99.03
9577605   3357      107.56
9601343   3357       99.03
9603154   3357       93.42
9603683   3357       99.03
9603870   3357       41.39
9604166   3357       90.75
9604592   3357      128.23
9607091   3357       77.93
9608547   3357       99.03
9609337   3357       95.99
9609338   3357       99.03
9612117   3357      122.48
9612530   3357       99.03
9612692   3357       99.03
9614364   3357       90.75
9615563   3357       99.03
9615964   3357       99.03
9617493   3357       90.75
9620242   3357      108.05
9620248   3357      117.77
9620376   3357       99.03
9620599   3357      108.05
9620701   3357       90.75
9620720   3357       90.75
9621777   3357       95.99
9622347   3357       99.03
9624370   3357      128.23
9624596   3357       95.99
9625361   3357       99.03
9625933   3357       99.03
9626082   3357       99.03
9626215   3357       90.75
9627150   3357      108.05
9627523   3357       99.03
9627724   3357       95.99
9629963   3357      108.05
9631462   3357      108.05
9634554   3357       99.03
9634674   3357       99.03
9636806   3357       95.99
9638320   3357       99.03
9639201   3357       90.75
9845319   3357       93.42
9846320   3357      108.05
9847068   3357       90.75
9847350   3357      116.89
9848693   3357       90.75
9850403   3357       99.03
9851111   3357       99.03
9851993   3357       99.03
