10120357  0357       17.01
10121866  0357        8.63
10125466  0357       33.33
10126656  0357       11.34
10141786  0357        3.45
10312414  0357       19.05
10373550  0357       22.68
10639752  0357       33.33
10726693  0357       11.34
10760806  0357       33.33
10764554  0357        3.45
10770124  0357       11.34
10772668  0357       33.33
10774121  0357        3.45
10775520  0357       19.05
10776915  0357       33.33
10777482  0357       33.33
10777645  0357       17.01
10778464  0357       33.33
10779723  0357       11.34
10784623  0357       11.34
10794552  0357       11.34
10820078  0357        3.45
10840266  0357       11.34
10841061  0357       26.34
10842205  0357       11.34
10843324  0357       28.35
10844947  0357       11.34
10845717  0357       33.33
10845943  0357       11.34
10846474  0357       11.34
10846532  0357        3.45
10846629  0357       11.34
10846940  0357       22.68
10846985  0357       11.34
10847648  0357       33.33
10849906  0357       11.34
10849907  0357        3.45
10860593  0357       11.34
10903693  0357       33.33
10959957  0357       11.34
10960021  0357       11.34
10963442  0357        3.45
10963957  0357        3.45
10964062  0357       22.68
1108218   0357       19.05
1112379   0357       11.34
1115136   0357       11.34
11163187  0357       33.33
11177533  0357       33.33
11260715  0357       11.34
11262378  0357       11.34
11263756  0357       33.33
11264041  0357       39.51
11264550  0357       19.05
11265496  0357       11.34
11265527  0357        3.45
11266390  0357       22.68
11267811  0357       38.10
11267932  0357       66.66
1129535   0357        3.45
11414487  0357        3.45
11425214  0357       11.34
11425449  0357       11.34
11426462  0357       19.05
11428034  0357       19.05
11428889  0357       28.35
11429539  0357       22.68
11429792  0357       33.33
11429991  0357       17.01
11430700  0357       11.34
11433167  0357       11.34
11433865  0357       22.68
11434350  0357       11.34
11546168  0357       19.05
11580362  0357        3.45
11584952  0357       11.34
11586448  0357       11.34
11589730  0357       22.68
11594524  0357       33.33
11596252  0357       11.34
11597667  0357       11.34
11598121  0357       26.34
11598207  0357       33.33
11598956  0357       26.34
11633896  0357       26.34
11645810  0357       11.34
11651035  0357       11.34
11651090  0357       11.34
11652405  0357       11.34
11653864  0357       11.34
11694358  0357       33.33
11694758  0357       11.34
11695394  0357       66.66
11749469  0357       11.34
11783201  0357        3.45
11784637  0357       33.33
11786432  0357       26.34
11787653  0357       22.68
11787807  0357       11.34
11788587  0357       22.68
11788630  0357        3.45
11790273  0357       11.34
11790818  0357       17.01
11791177  0357       11.34
11792127  0357       11.34
11792506  0357       33.33
11792846  0357       11.34
118087    0357       83.65
11878930  0357       11.34
11879419  0357        3.45
11879750  0357        3.45
11881668  0357       83.33
11881669  0357       33.33
11882080  0357       19.05
11883300  0357       22.68
12018571  0357       28.58
12018729  0357       33.33
12018852  0357       11.34
12019816  0357       19.05
12021559  0357        3.45
12021966  0357       11.34
12022428  0357        3.45
12023981  0357       17.01
12024178  0357       11.34
12024179  0357       11.34
12025294  0357       17.01
12025488  0357       33.33
12025491  0357       33.33
12026565  0357       11.34
12027093  0357       11.34
12027260  0357       11.34
12027527  0357       33.33
12027928  0357       33.33
12027973  0357        6.90
12080554  0357       11.34
1218058   0357       11.34
12241212  0357       50.00
12242270  0357       11.34
12243077  0357       33.33
12244707  0357       33.33
12247738  0357       17.01
12248400  0357       83.33
12248755  0357        3.45
12248784  0357       52.68
12248960  0357       11.34
12279667  0357       11.34
1232375   0357       15.36
1239070   0357       19.05
12434895  0357       26.34
12435304  0357       11.34
12435757  0357       50.00
12435759  0357       17.01
12527456  0357       19.05
12534356  0357       11.34
12536172  0357       11.34
1254062   0357       26.34
1257983   0357        3.45
1258658   0357       11.34
1259324   0357       26.34
1260432   0357       11.34
1261562   0357       26.34
1262953   0357       11.34
1263302   0357       33.33
1263303   0357       11.34
1263991   0357        6.88
1265436   0357       11.34
1266723   0357       33.33
12691465  0357       11.34
1269356   0357        6.90
12698409  0357       33.33
12698965  0357       33.33
12700553  0357       19.05
12701276  0357       11.34
12701301  0357       33.33
12702273  0357       19.05
12704473  0357       26.34
12704482  0357        6.90
12704649  0357       11.34
12704927  0357       11.34
12705860  0357       11.34
12706171  0357       11.34
12706774  0357        6.90
12707136  0357       11.34
1272390   0357       26.34
1273369   0357       11.34
1277938   0357       26.34
1278407   0357       11.34
12848719  0357       11.34
12851330  0357       11.34
12852888  0357       11.34
12858616  0357       17.01
12878256  0357       11.34
12884972  0357       11.34
12934142  0357       19.05
12934525  0357       33.33
12935305  0357       11.34
12935606  0357       11.34
13032012  0357       66.66
13032033  0357       11.34
13034237  0357       11.34
13084488  0357       26.34
13084886  0357       19.05
13180551  0357       11.34
1318484   0357       19.05
13187744  0357       22.68
13187816  0357       39.51
13188137  0357       26.34
13188604  0357       26.34
13264411  0357       11.34
13265462  0357       33.33
13265946  0357       17.01
13266369  0357       11.34
13268000  0357       66.66
13268185  0357       66.66
13268457  0357       19.05
13268537  0357       17.01
13346269  0357       83.33
13408041  0357       39.51
13510172  0357       26.34
13510180  0357       33.33
13527636  0357        3.45
13643981  0357       66.66
13643982  0357       50.00
13644051  0357       11.34
13644555  0357       83.33
13644665  0357       11.34
13644680  0357        8.63
13652653  0357       33.33
13674854  0357        3.45
13678214  0357       11.34
13678857  0357       33.33
13679940  0357       11.34
13724134  0357       17.01
13774187  0357       33.33
13774684  0357       11.34
13775452  0357       33.33
13775808  0357       33.33
13777181  0357       50.00
13785046  0357       33.33
13785661  0357       11.34
13785997  0357       19.05
13786181  0357       11.34
13787208  0357       11.34
13787741  0357       33.33
13842354  0357       11.34
13843775  0357       11.34
13856268  0357       11.34
13867427  0357       17.01
13868652  0357       11.34
13868786  0357       33.33
13880177  0357       33.33
13880981  0357       11.34
13905892  0357       33.33
13986119  0357       11.34
13990906  0357        5.18
14003086  0357       19.05
14030527  0357       33.33
14031045  0357       11.34
14031497  0357       28.35
14093727  0357       17.01
14094806  0357        3.45
14143188  0357       19.05
14159223  0357       66.66
14176129  0357       11.34
14270811  0357       83.33
14293118  0357       17.01
1431183   0357       11.34
14335445  0357       19.05
14335539  0357       11.34
1433726   0357       11.34
14372299  0357        3.45
14372818  0357       28.35
14376347  0357       11.34
14398946  0357       11.34
14399267  0357       39.51
14405196  0357       11.34
14405401  0357       11.34
14513487  0357       33.33
14590375  0357       26.34
14607589  0357       39.51
14648947  0357       11.34
14649126  0357       33.33
14810540  0357       17.01
14825867  0357       11.34
14877620  0357       11.34
14877805  0357        3.45
14879704  0357       50.00
14880827  0357        3.45
15170350  0357       26.34
15177340  0357        3.45
15177867  0357       66.66
15306151  0357       47.63
15306996  0357       19.05
15352095  0357       11.34
15444811  0357        3.45
15448608  0357       11.34
15597541  0357       33.33
15598043  0357       33.33
15598319  0357       11.34
15598510  0357       22.68
15598933  0357       33.33
15599928  0357       39.51
15668151  0357       22.68
15668851  0357       26.34
15729233  0357       17.01
15729536  0357       65.85
15778630  0357       17.01
15827139  0357        3.45
15959808  0357       33.33
16001576  0357       33.33
16137706  0357       19.05
16138119  0357       17.01
16324090  0357       11.34
16594051  0357       26.34
16641426  0357       19.05
16736267  0357       11.34
16770549  0357       11.34
16788972  0357       22.68
17011869  0357       22.68
17012587  0357       28.35
17019549  0357       11.34
17033256  0357       33.33
17104175  0357       11.34
17306742  0357       33.33
1737075   0357       19.05
17379215  0357       39.51
17504786  0357       26.34
17626132  0357       52.68
1763812   0357       11.34
1764349   0357       33.33
1765295   0357      183.92
1769938   0357       19.05
1778800   0357       20.23
17965237  0357       17.01
18058393  0357       33.33
18059654  0357       26.34
18059918  0357       11.34
18263579  0357       17.01
18263756  0357       11.34
1834693   0357       33.33
18471327  0357       11.34
1854577   0357       11.34
18656459  0357       17.01
18785684  0357       33.33
18950730  0357       33.33
1906129   0357       11.34
19166206  0357       83.33
19262723  0357       11.34
1926999   0357        3.45
19324610  0357       98.07
19827450  0357       33.33
19850185  0357       83.33
19973112  0357       11.34
20187870  0357       52.68
20235584  0357       52.68
2030572   0357       19.05
20348834  0357       50.00
20351464  0357       22.68
21140944  0357       50.00
2130876   0357       33.33
2186056   0357       19.05
2189077   0357       43.31
2195858   0357       11.34
2196831   0357       26.34
2198274   0357        3.45
2198799   0357       19.05
2199826   0357       26.34
2272067   0357       33.33
23156662  0357       11.34
2380275   0357        3.45
2384661   0357       11.34
2529886   0357       11.34
2532585   0357       33.33
2533320   0357       19.05
2533977   0357       10.67
2534786   0357       11.34
2535843   0357        3.45
2536373   0357        3.45
2536795   0357       11.34
2538821   0357       19.05
2539425   0357       11.34
2539607   0357        3.45
2539943   0357       33.33
2541142   0357       11.34
2541709   0357       10.67
2543654   0357       11.34
2543932   0357       26.34
2592064   0357        3.45
2592966   0357       26.34
2593377   0357       11.34
2593686   0357       19.05
2596405   0357        9.65
2597854   0357        9.65
2598033   0357        9.65
2598872   0357       33.33
2601437   0357       11.34
2601914   0357       26.34
2603046   0357        9.99
2605117   0357        3.45
2605164   0357        9.99
2605539   0357        9.08
2605823   0357       26.68
2607322   0357       11.34
2608233   0357       11.34
2608304   0357       33.33
2608411   0357        9.08
2608554   0357        9.65
2684589   0357       11.34
2854705   0357       19.05
2870837   0357       22.40
2910376   0357       33.33
2910432   0357       19.05
2911765   0357       19.05
2912407   0357       33.33
2913757   0357       19.05
2913809   0357       33.33
2914272   0357       18.48
2915293   0357       33.33
2915714   0357       11.34
2915780   0357       17.34
2916102   0357       11.34
2916362   0357       10.33
2916467   0357       26.34
2916786   0357       19.05
2918280   0357       28.35
2919212   0357       11.34
2992913   0357       33.33
3035349   0357       11.34
3080311   0357       11.34
3080984   0357       11.34
3081351   0357       11.34
3082505   0357       18.48
3083006   0357       11.34
3083065   0357       33.33
3083457   0357       22.40
3083843   0357       26.34
3084868   0357       10.33
3084978   0357       33.33
3085009   0357       19.05
3090485   0357       11.34
3156003   0357       33.33
3245420   0357       11.34
3314562   0357       26.34
3314884   0357       33.33
3315121   0357       33.33
3315781   0357       33.33
3317339   0357       19.05
3317520   0357       11.34
3318589   0357       11.34
3318719   0357       10.33
3319659   0357       26.34
3320986   0357       11.34
3322128   0357        9.65
3322273   0357       33.33
3322284   0357       19.05
3322381   0357        3.24
3324084   0357       11.34
3329806   0357        9.99
3353242   0357       19.05
3457632   0357       21.08
3528540   0357       11.34
3534582   0357        3.45
3535445   0357       26.34
3535676   0357        9.65
3535838   0357       16.19
3538837   0357       11.34
3539352   0357        9.65
3541739   0357       11.34
3541975   0357       26.68
3542004   0357        3.45
3542015   0357        2.76
3554092   0357        3.45
3593839   0357       19.05
3598528   0357       11.01
3710064   0357       19.05
3759377   0357       16.76
3784066   0357       33.33
3784441   0357        3.45
3785251   0357       11.34
3792247   0357       11.34
3830110   0357       23.19
3855157   0357       26.68
3855577   0357       11.34
3856978   0357       16.19
3857004   0357       19.05
3857220   0357       11.34
3857667   0357       16.19
3857878   0357        3.04
3858323   0357       22.68
3858856   0357        3.45
3859230   0357       17.01
3875055   0357       11.34
3877925   0357        6.90
3878006   0357       19.05
3963688   0357       11.34
3964093   0357       11.34
3964337   0357       28.35
3965704   0357       33.33
3969513   0357       19.05
4001934   0357        3.45
4065177   0357       26.34
4065584   0357       11.34
4065648   0357       19.05
4066245   0357       16.76
4067118   0357       11.34
4067735   0357       19.05
4067795   0357        9.65
4068788   0357       26.34
4071241   0357       28.35
4107436   0357       19.05
4191539   0357       19.05
4193094   0357        8.63
4194671   0357       11.34
4195654   0357       16.19
4199927   0357       21.08
4200911   0357       19.05
4238916   0357       26.68
430240    0357       33.33
430631    0357       11.34
4317775   0357        3.45
4373204   0357        3.45
4373479   0357       26.34
4376813   0357       26.34
4377201   0357        2.93
437803    0357       11.34
4378140   0357       33.33
4378236   0357       16.19
4378283   0357       11.34
4378759   0357        3.45
4379154   0357       26.68
4381341   0357       26.34
4381614   0357       33.33
4382400   0357       17.01
4383023   0357        3.45
4383200   0357       23.19
4385047   0357        9.65
4386936   0357       19.05
4387777   0357       47.63
4409485   0357        3.45
4409788   0357       33.33
4409789   0357       66.66
4414417   0357       19.05
4414541   0357        3.04
4414909   0357        9.99
4415675   0357       33.33
443869    0357       11.34
4609506   0357        3.45
4610129   0357       33.33
4720170   0357       50.00
4720923   0357       11.34
4721016   0357       33.33
4721639   0357       33.33
4722680   0357       22.40
4722814   0357        9.06
4723168   0357       16.76
4723276   0357       19.05
4723403   0357        9.99
4724433   0357        9.65
4725919   0357        6.90
4727740   0357       19.05
4728331   0357       16.19
4729448   0357       22.68
4730168   0357        3.45
4730490   0357       26.34
4731322   0357        3.45
4731494   0357        3.45
4732090   0357       33.33
4732618   0357       26.34
4734527   0357       26.34
4734940   0357       33.33
4735505   0357       33.33
4738424   0357       11.34
4739546   0357       11.34
4739796   0357        3.45
4754833   0357        3.45
4803744   0357        3.45
4805842   0357       11.34
4827213   0357       11.34
4853128   0357       11.34
4882144   0357       15.24
5017295   0357       19.05
5022967   0357        2.93
5237805   0357       11.34
5238236   0357       16.76
5240821   0357       19.05
5244302   0357       26.34
5244483   0357       19.05
5244484   0357        3.45
5244765   0357       26.34
5245261   0357        3.45
5248926   0357       26.34
5248954   0357       19.05
5249259   0357       11.34
5249817   0357        3.45
5250965   0357       10.33
5251153   0357       11.34
5251214   0357        3.45
5251893   0357       11.34
5252606   0357        6.90
5253930   0357       26.68
5254613   0357       26.34
5254952   0357       33.33
5255567   0357       11.34
5255641   0357        3.45
5257069   0357       19.05
5257175   0357        9.65
5257727   0357       28.35
5257774   0357       11.34
5259121   0357       16.19
5259785   0357       26.34
5261116   0357       26.34
5261139   0357       11.34
5261250   0357       10.67
5261418   0357       19.05
5261643   0357       33.33
5344986   0357       33.33
5435450   0357       26.34
5436619   0357        3.45
5436795   0357       33.33
5438690   0357       33.33
5439480   0357       11.34
5458236   0357       26.34
5461455   0357        9.65
5605414   0357       22.68
5658043   0357       11.34
5688352   0357       11.34
5765952   0357       11.34
5779173   0357       11.34
5915261   0357       11.34
5921128   0357       11.34
5921800   0357       33.33
5923624   0357        3.45
5925143   0357        3.45
5925949   0357       33.33
5929492   0357       11.34
5935536   0357        8.63
5938630   0357       11.34
5938995   0357       11.34
6044716   0357       17.01
6125595   0357       33.33
6127630   0357       11.34
6394853   0357       33.33
6537141   0357       16.76
6573443   0357       11.34
6573893   0357       26.34
6575243   0357       19.05
6575301   0357       11.34
6584406   0357       65.85
6634354   0357       11.34
6689708   0357       11.34
6690236   0357       11.34
6701343   0357       11.34
6701344   0357       11.34
6701453   0357       11.34
673822    0357       26.34
6841910   0357       33.33
7076647   0357       11.34
7211860   0357        3.45
7240399   0357       11.34
7300376   0357       33.33
7301470   0357       16.19
7305494   0357        9.65
7305781   0357       33.33
7308623   0357       11.34
7309317   0357       33.33
7309375   0357       19.05
7310959   0357       11.34
7311233   0357       11.34
7311255   0357       33.33
7312149   0357       11.34
7313189   0357       33.33
7314050   0357       33.33
7315048   0357        3.45
7315058   0357       28.35
7315331   0357       11.34
7316139   0357        3.45
7316959   0357        6.90
7317744   0357       66.66
7318041   0357       11.34
7319649   0357        6.90
7321787   0357       19.05
7322304   0357       19.05
7322780   0357       26.34
7322794   0357       33.33
7324725   0357        3.24
7325664   0357       21.08
7325721   0357        9.65
7325722   0357       11.34
7325778   0357       33.33
7328421   0357       33.33
7330948   0357       11.34
7331943   0357       19.05
7332202   0357       33.33
7332734   0357       14.47
7333145   0357        3.45
7335642   0357       11.34
7337422   0357       11.34
7337778   0357       33.33
7340200   0357       19.05
7340742   0357        9.65
7340989   0357       33.33
7342107   0357       19.05
7342680   0357       11.34
7343605   0357       33.33
7344290   0357       19.05
7344465   0357       38.10
7347856   0357       11.34
7348137   0357       33.33
7348986   0357       11.34
7349843   0357       33.33
7350162   0357       26.34
7350273   0357       19.05
7351297   0357       33.33
7352317   0357       19.05
7353364   0357       66.66
7353377   0357       11.34
7354064   0357       33.33
7354848   0357       33.33
7355837   0357       28.35
7355928   0357       26.34
7359478   0357        3.45
7360346   0357       26.34
7360517   0357       11.34
7363171   0357       19.05
7363652   0357       11.34
7365166   0357       19.05
7365545   0357       19.05
7367276   0357       33.33
7368710   0357       66.66
7369018   0357       11.34
7371154   0357       11.34
7372156   0357       33.33
7372973   0357       22.68
7373089   0357       26.34
7374243   0357       26.34
7374616   0357       11.34
7377030   0357       26.34
7377579   0357       11.34
7379256   0357       38.10
7380616   0357       33.33
7381553   0357       11.34
7382148   0357        3.45
7382532   0357       33.33
7384964   0357       11.34
7387544   0357       22.68
7388038   0357       33.33
7388080   0357       11.34
7388125   0357        3.45
7388199   0357       39.51
7389581   0357       11.34
7391472   0357       19.05
7392153   0357        8.63
7393061   0357       19.05
7393144   0357       66.66
7395742   0357       21.08
7396051   0357       17.01
7400031   0357       11.34
7401094   0357       11.34
7401380   0357       11.34
7401853   0357       33.33
7403123   0357       33.33
7403188   0357       19.05
7403563   0357       19.05
7406353   0357       11.34
7408531   0357       11.34
7409730   0357       19.05
7412535   0357        3.45
7412738   0357       26.34
7415448   0357       11.34
7416870   0357       33.33
7417289   0357       66.66
7417791   0357       22.68
7418898   0357       33.33
7418939   0357       33.33
7419340   0357       19.05
7419740   0357       33.33
7419800   0357       11.34
7419866   0357       47.63
7420316   0357       11.34
7420429   0357        3.45
7423096   0357       33.33
7423108   0357        3.45
7423415   0357       11.34
7423444   0357       11.34
7425063   0357       33.33
7425430   0357       11.34
7425900   0357       19.05
7426046   0357       11.34
7427359   0357       33.33
7427520   0357       11.34
7429274   0357       11.34
7432253   0357        3.45
7434591   0357       28.35
7435158   0357       83.33
7436077   0357       38.10
7436996   0357       11.34
7437806   0357       33.33
7437808   0357       33.33
7438450   0357       11.34
7439617   0357       11.34
7439629   0357       11.34
7440809   0357       22.68
7442445   0357       11.34
7444497   0357       50.00
7444651   0357        3.45
7444842   0357       11.34
7445661   0357       26.34
7446382   0357        3.45
7446644   0357       11.34
7447067   0357       28.35
7447992   0357       33.33
7449457   0357       26.34
7455429   0357       11.34
7455588   0357       11.34
7460503   0357       11.34
7461704   0357       11.34
7465820   0357       28.35
7465910   0357       11.34
7466870   0357       11.34
7502836   0357        3.45
7548386   0357       26.34
7548420   0357       19.05
770342    0357       11.34
7917981   0357       11.34
7981510   0357        3.45
7982728   0357       33.33
7982865   0357        3.45
7983170   0357       33.33
7984159   0357       11.34
7985605   0357        9.08
7988969   0357       11.34
8054279   0357       26.34
8064487   0357       22.68
8068577   0357       11.34
8069571   0357       11.34
8140450   0357       26.34
8594315   0357       11.34
8718789   0357       22.68
8734286   0357        3.45
9066082   0357       26.34
9100619   0357       11.34
9211039   0357       19.05
9261804   0357        3.45
9317884   0357        6.90
940859    0357        3.45
9433060   0357       11.34
9540404   0357        3.45
9542018   0357        3.45
9542237   0357       19.05
9543174   0357       11.34
9543530   0357        3.45
9544179   0357       11.34
9544345   0357       26.34
9544429   0357        3.45
9544827   0357        3.45
9545198   0357       26.34
9545952   0357       26.34
9546474   0357       11.34
9547148   0357       19.05
9551389   0357       11.34
9552709   0357       33.33
9553039   0357       11.34
9553047   0357       19.05
9553149   0357       33.33
9555609   0357       33.33
9555641   0357       11.34
9557803   0357       26.34
9557875   0357       33.33
9557894   0357       33.33
9558628   0357       26.34
9560453   0357       33.33
9570736   0357       11.34
9572755   0357       11.34
9577605   0357       11.34
9601343   0357       28.35
9603154   0357       26.34
9603683   0357       11.34
9603870   0357       22.68
9604166   0357       19.05
9607091   0357       19.05
9608547   0357       11.34
9609337   0357       33.33
9609338   0357       22.68
9612117   0357        3.45
9612530   0357       28.35
9612692   0357       11.34
9614364   0357       19.05
9615563   0357       11.34
9615964   0357       11.34
9617493   0357       38.10
9620242   0357        6.90
9620376   0357       11.34
9620599   0357        3.45
9620701   0357       19.05
9620720   0357       19.05
9621777   0357       33.33
9622347   0357       11.34
9624596   0357       33.33
9625361   0357       11.34
9625933   0357       22.68
9626082   0357       11.34
9626215   0357       19.05
9627150   0357        8.63
9627523   0357       22.68
9627724   0357       33.33
9629963   0357        3.45
9631462   0357        3.45
9634554   0357       11.34
9634674   0357       11.34
9636806   0357       33.33
9638320   0357       11.34
9639201   0357       19.05
9845319   0357       26.34
9846320   0357        3.45
9847068   0357       11.34
9847350   0357       11.34
9848693   0357       19.05
9850403   0357       11.34
9851111   0357       11.34
9851993   0357       11.34
10120357  3357       11.34
10121866  3357        3.45
10125466  3357       33.33
10126656  3357       11.34
10141786  3357        3.45
10312414  3357       19.05
10373550  3357       11.34
10639752  3357       33.33
10726693  3357       11.34
10760806  3357       33.33
10764554  3357        3.45
10770124  3357       11.34
10772668  3357       33.33
10774121  3357        3.45
10775520  3357       19.05
10776915  3357       33.33
10777482  3357       33.33
10777645  3357       11.34
10778464  3357       33.33
10779723  3357       11.34
10784623  3357       11.34
10794552  3357       11.34
10820078  3357        3.45
10840266  3357       11.34
10841061  3357       26.34
10842205  3357       11.34
10843324  3357       11.34
10844947  3357       11.34
10845717  3357       33.33
10845943  3357       11.34
10846474  3357       11.34
10846532  3357        3.45
10846629  3357       11.34
10846940  3357       11.34
10846985  3357       11.34
10847648  3357       33.33
10849906  3357       11.34
10849907  3357        3.45
10860593  3357       11.34
10903693  3357       33.33
10959957  3357       11.34
10960021  3357       11.34
10963442  3357        3.45
10963957  3357        3.45
10964062  3357       11.34
1108218   3357       19.05
1112379   3357       11.34
1115136   3357       11.34
11163187  3357       33.33
11177533  3357       33.33
11260715  3357       11.34
11262378  3357       11.34
11263756  3357       33.33
11264041  3357       26.34
11264550  3357       19.05
11265496  3357       11.34
11265527  3357        3.45
11266390  3357       11.34
11267811  3357       19.05
11267932  3357       33.33
1129535   3357        3.45
11414487  3357        3.45
11425214  3357       11.34
11425449  3357       11.34
11426462  3357       19.05
11428034  3357       19.05
11428889  3357       11.34
11429539  3357       11.34
11429792  3357       33.33
11429991  3357       11.34
11430700  3357       11.34
11433167  3357       11.34
11433865  3357       11.34
11434350  3357       11.34
11546168  3357       19.05
11580362  3357        3.45
11584952  3357       11.34
11586448  3357       11.34
11589730  3357       11.34
11594524  3357       33.33
11596252  3357       11.34
11597667  3357       11.34
11598121  3357       26.34
11598207  3357       33.33
11598956  3357       26.34
11633896  3357       26.34
11645810  3357       11.34
11651035  3357       11.34
11651090  3357       11.34
11652405  3357       11.34
11653864  3357       11.34
11694358  3357       33.33
11694758  3357       11.34
11695394  3357       33.33
11749469  3357       11.34
11783201  3357        3.45
11784637  3357       33.33
11786432  3357       26.34
11787653  3357       11.34
11787807  3357       11.34
11788587  3357       11.34
11788630  3357        3.45
11790273  3357       11.34
11790818  3357       11.34
11791177  3357       11.34
11792127  3357       11.34
11792506  3357       33.33
11792846  3357       11.34
118087    3357       83.65
11878930  3357       11.34
11879419  3357        3.45
11879750  3357        3.45
11881668  3357       33.33
11881669  3357       33.33
11882080  3357       19.05
11883300  3357       11.34
12018571  3357       19.05
12018729  3357       33.33
12018852  3357       11.34
12019816  3357       19.05
12021559  3357        3.45
12021966  3357       11.34
12022428  3357        3.45
12023981  3357       11.34
12024178  3357       11.34
12024179  3357       11.34
12025294  3357       11.34
12025488  3357       33.33
12025491  3357       33.33
12026565  3357       11.34
12027093  3357       11.34
12027260  3357       11.34
12027527  3357       33.33
12027928  3357       33.33
12027973  3357        3.45
12080554  3357       11.34
1218058   3357       11.34
12241212  3357       33.33
12242270  3357       11.34
12243077  3357       33.33
12244707  3357       33.33
12247738  3357       11.34
12248400  3357       33.33
12248755  3357        3.45
12248784  3357       26.34
12248960  3357       11.34
12279667  3357       11.34
1232375   3357       15.36
1239070   3357       19.05
12434895  3357       26.34
12435304  3357       11.34
12435757  3357       33.33
12435759  3357       11.34
12527456  3357       19.05
12534356  3357       11.34
12536172  3357       11.34
1254062   3357       26.34
1257983   3357        3.45
1258658   3357       11.34
1259324   3357       26.34
1260432   3357       11.34
1261562   3357       26.34
1262953   3357       11.34
1263302   3357       33.33
1263303   3357       11.34
1263991   3357        6.88
1265436   3357       11.34
1266723   3357       33.33
12691465  3357       11.34
1269356   3357        3.45
12698409  3357       33.33
12698965  3357       33.33
12700553  3357       19.05
12701276  3357       11.34
12701301  3357       33.33
12702273  3357       19.05
12704473  3357       26.34
12704482  3357        3.45
12704649  3357       11.34
12704927  3357       11.34
12705860  3357       11.34
12706171  3357       11.34
12706774  3357        3.45
12707136  3357       11.34
1272390   3357       26.34
1273369   3357       11.34
1277938   3357       26.34
1278407   3357       11.34
12848719  3357       11.34
12851330  3357       11.34
12852888  3357       11.34
12858616  3357       11.34
12878256  3357       11.34
12884972  3357       11.34
12934142  3357       19.05
12934525  3357       33.33
12935305  3357       11.34
12935606  3357       11.34
13032012  3357       33.33
13032033  3357       11.34
13034237  3357       11.34
13084488  3357       26.34
13084886  3357       19.05
13180551  3357       11.34
1318484   3357       19.05
13187744  3357       11.34
13187816  3357       26.34
13188137  3357       26.34
13188604  3357       26.34
13264411  3357       11.34
13265462  3357       33.33
13265946  3357       11.34
13266369  3357       11.34
13268000  3357       33.33
13268185  3357       33.33
13268457  3357       19.05
13268537  3357       11.34
13346269  3357       33.33
13408041  3357       26.34
13510172  3357       26.34
13510180  3357       33.33
13527636  3357        3.45
13643981  3357       33.33
13643982  3357       33.33
13644051  3357       11.34
13644555  3357       33.33
13644665  3357       11.34
13644680  3357        3.45
13652653  3357       33.33
13674854  3357        3.45
13678214  3357       11.34
13678857  3357       33.33
13679940  3357       11.34
13724134  3357       11.34
13774187  3357       33.33
13774684  3357       11.34
13775452  3357       33.33
13775808  3357       33.33
13777181  3357       33.33
13785046  3357       33.33
13785661  3357       11.34
13785997  3357       19.05
13786181  3357       11.34
13787208  3357       11.34
13787741  3357       33.33
13842354  3357       11.34
13843775  3357       11.34
13856268  3357       11.34
13867427  3357       11.34
13868652  3357       11.34
13868786  3357       33.33
13880177  3357       33.33
13880981  3357       11.34
13905892  3357       33.33
13986119  3357       11.34
13990906  3357        3.45
14003086  3357       19.05
14030527  3357       33.33
14031045  3357       11.34
14031497  3357       11.34
14093727  3357       11.34
14094806  3357        3.45
14143188  3357       19.05
14159223  3357       33.33
14176129  3357       11.34
14270811  3357       33.33
14293118  3357       11.34
1431183   3357       11.34
14335445  3357       19.05
14335539  3357       11.34
1433726   3357       11.34
14372299  3357        3.45
14372818  3357       11.34
14376347  3357       11.34
14398946  3357       11.34
14399267  3357       26.34
14405196  3357       11.34
14405401  3357       11.34
14513487  3357       33.33
14590375  3357       26.34
14607589  3357       26.34
14648947  3357       11.34
14649126  3357       33.33
14810540  3357       11.34
14825867  3357       11.34
14877620  3357       11.34
14877805  3357        3.45
14879704  3357       33.33
14880827  3357        3.45
15170350  3357       26.34
15177340  3357        3.45
15177867  3357       33.33
15306151  3357       19.05
15306996  3357       19.05
15352095  3357       11.34
15444811  3357        3.45
15448608  3357       11.34
15597541  3357       33.33
15598043  3357       33.33
15598319  3357       11.34
15598510  3357       11.34
15598933  3357       33.33
15599928  3357       26.34
15668151  3357       11.34
15668851  3357       26.34
15729233  3357       11.34
15729536  3357       26.34
15778630  3357       11.34
15827139  3357        3.45
15959808  3357       33.33
16001576  3357       33.33
16137706  3357       19.05
16138119  3357       11.34
16324090  3357       11.34
16594051  3357       26.34
16641426  3357       19.05
16736267  3357       11.34
16770549  3357       11.34
16788972  3357       11.34
17011869  3357       11.34
17012587  3357       11.34
17019549  3357       11.34
17033256  3357       33.33
17104175  3357       11.34
17306742  3357       33.33
1737075   3357       19.05
17379215  3357       26.34
17504786  3357       26.34
17626132  3357       26.34
1763812   3357       11.34
1764349   3357       33.33
1765295   3357       91.96
1769938   3357       19.05
1778800   3357       20.23
17965237  3357       11.34
18058393  3357       33.33
18059654  3357       26.34
18059918  3357       11.34
18263579  3357       11.34
18263756  3357       11.34
1834693   3357       33.33
18471327  3357       11.34
1854577   3357       11.34
18656459  3357       11.34
18785684  3357       33.33
18950730  3357       33.33
1906129   3357       11.34
19166206  3357       33.33
19262723  3357       11.34
1926999   3357        3.45
19324610  3357       49.03
19827450  3357       33.33
19850185  3357       33.33
19973112  3357       11.34
20187870  3357       26.34
20235584  3357       26.34
2030572   3357       19.05
20348834  3357       33.33
20351464  3357       11.34
21140944  3357       33.33
2130876   3357       33.33
2186056   3357       19.05
2189077   3357       43.31
2195858   3357       11.34
2196831   3357       26.34
2198274   3357        3.45
2198799   3357       19.05
2199826   3357       26.34
2272067   3357       33.33
23156662  3357       11.34
2380275   3357        3.45
2384661   3357       11.34
2529886   3357       11.34
2532585   3357       33.33
2533320   3357       19.05
2533977   3357       10.67
2534786   3357       11.34
2535843   3357        3.45
2536373   3357        3.45
2536795   3357       11.34
2538821   3357       19.05
2539425   3357       11.34
2539607   3357        3.45
2539943   3357       33.33
2541142   3357       11.34
2541709   3357       10.67
2543654   3357       11.34
2543932   3357       26.34
2592064   3357        3.45
2592966   3357       26.34
2593377   3357       11.34
2593686   3357       19.05
2596405   3357        9.65
2597854   3357        9.65
2598033   3357        9.65
2598872   3357       33.33
2601437   3357       11.34
2601914   3357       26.34
2603046   3357        9.99
2605117   3357        3.45
2605164   3357        9.99
2605539   3357        9.08
2605823   3357       26.68
2607322   3357       11.34
2608233   3357       11.34
2608304   3357       33.33
2608411   3357        9.08
2608554   3357        9.65
2684589   3357       11.34
2854705   3357       19.05
2870837   3357       22.40
2910376   3357       33.33
2910432   3357       19.05
2911765   3357       19.05
2912407   3357       33.33
2913757   3357       19.05
2913809   3357       33.33
2914272   3357       18.48
2915293   3357       33.33
2915714   3357       11.34
2915780   3357       17.34
2916102   3357       11.34
2916362   3357       10.33
2916467   3357       26.34
2916786   3357       19.05
2918280   3357       11.34
2919212   3357       11.34
2992913   3357       33.33
3035349   3357       11.34
3080311   3357       11.34
3080984   3357       11.34
3081351   3357       11.34
3082505   3357       18.48
3083006   3357       11.34
3083065   3357       33.33
3083457   3357       22.40
3083843   3357       26.34
3084868   3357       10.33
3084978   3357       33.33
3085009   3357       19.05
3090485   3357       11.34
3156003   3357       33.33
3245420   3357       11.34
3314562   3357       26.34
3314884   3357       33.33
3315121   3357       33.33
3315781   3357       33.33
3317339   3357       19.05
3317520   3357       11.34
3318589   3357       11.34
3318719   3357       10.33
3319659   3357       26.34
3320986   3357       11.34
3322128   3357        9.65
3322273   3357       33.33
3322284   3357       19.05
3322381   3357        3.24
3324084   3357       11.34
3329806   3357        9.99
3353242   3357       19.05
3457632   3357       21.08
3528540   3357       11.34
3534582   3357        3.45
3535445   3357       26.34
3535676   3357        9.65
3535838   3357       16.19
3538837   3357       11.34
3539352   3357        9.65
3541739   3357       11.34
3541975   3357       26.68
3542004   3357        3.45
3542015   3357        2.76
3554092   3357        3.45
3593839   3357       19.05
3598528   3357       11.01
3710064   3357       19.05
3759377   3357       16.76
3784066   3357       33.33
3784441   3357        3.45
3785251   3357       11.34
3792247   3357       11.34
3830110   3357       23.19
3855157   3357       26.68
3855577   3357       11.34
3856978   3357       16.19
3857004   3357       19.05
3857220   3357       11.34
3857667   3357       16.19
3857878   3357        3.04
3858323   3357       11.34
3858856   3357        3.45
3859230   3357       11.34
3875055   3357       11.34
3877925   3357        3.45
3878006   3357       19.05
3963688   3357       11.34
3964093   3357       11.34
3964337   3357       28.35
3965704   3357       33.33
3969513   3357       19.05
4001934   3357        3.45
4065177   3357       26.34
4065584   3357       11.34
4065648   3357       19.05
4066245   3357       16.76
4067118   3357       11.34
4067735   3357       19.05
4067795   3357        9.65
4068788   3357       26.34
4071241   3357       28.35
4107436   3357       19.05
4191539   3357       19.05
4193094   3357        3.45
4194671   3357       11.34
4195654   3357       16.19
4199927   3357       21.08
4200911   3357       19.05
4238916   3357       26.68
430240    3357       33.33
430631    3357       11.34
4317775   3357        3.45
4373204   3357        3.45
4373479   3357       26.34
4376813   3357       26.34
4377201   3357        2.93
437803    3357       11.34
4378140   3357       33.33
4378236   3357       16.19
4378283   3357       11.34
4378759   3357        3.45
4379154   3357       26.68
4381341   3357       26.34
4381614   3357       33.33
4382400   3357       11.34
4383023   3357        3.45
4383200   3357       23.19
4385047   3357        9.65
4386936   3357       19.05
4387777   3357       19.05
4409485   3357        3.45
4409788   3357       33.33
4409789   3357       33.33
4414417   3357       19.05
4414541   3357        3.04
4414909   3357        9.99
4415675   3357       33.33
443869    3357       11.34
4609506   3357        3.45
4610129   3357       33.33
4720170   3357       33.33
4720923   3357       11.34
4721016   3357       33.33
4721639   3357       33.33
4722680   3357       22.40
4722814   3357        9.06
4723168   3357       16.76
4723276   3357       19.05
4723403   3357        9.99
4724433   3357        9.65
4725919   3357        3.45
4727740   3357       19.05
4728331   3357       16.19
4729448   3357       22.68
4730168   3357        3.45
4730490   3357       26.34
4731322   3357        3.45
4731494   3357        3.45
4732090   3357       33.33
4732618   3357       26.34
4734527   3357       26.34
4734940   3357       33.33
4735505   3357       33.33
4738424   3357       11.34
4739546   3357       11.34
4739796   3357        3.45
4754833   3357        3.45
4803744   3357        3.45
4805842   3357       11.34
4827213   3357       11.34
4853128   3357       11.34
4882144   3357       15.24
5017295   3357       19.05
5022967   3357        2.93
5237805   3357       11.34
5238236   3357       16.76
5240821   3357       19.05
5244302   3357       26.34
5244483   3357       19.05
5244484   3357        3.45
5244765   3357       26.34
5245261   3357        3.45
5248926   3357       26.34
5248954   3357       19.05
5249259   3357       11.34
5249817   3357        3.45
5250965   3357       10.33
5251153   3357       11.34
5251214   3357        3.45
5251893   3357       11.34
5252606   3357        3.45
5253930   3357       26.68
5254613   3357       26.34
5254952   3357       33.33
5255567   3357       11.34
5255641   3357        3.45
5257069   3357       19.05
5257175   3357        9.65
5257727   3357       11.34
5257774   3357       11.34
5259121   3357       16.19
5259785   3357       26.34
5261116   3357       26.34
5261139   3357       11.34
5261250   3357       10.67
5261418   3357       19.05
5261643   3357       33.33
5344986   3357       33.33
5435450   3357       26.34
5436619   3357        3.45
5436795   3357       33.33
5438690   3357       33.33
5439480   3357       11.34
5458236   3357       26.34
5461455   3357        9.65
5605414   3357       11.34
5658043   3357       11.34
5688352   3357       11.34
5765952   3357       11.34
5779173   3357       11.34
5915261   3357       11.34
5921128   3357       11.34
5921800   3357       33.33
5923624   3357        3.45
5925143   3357        3.45
5925949   3357       33.33
5929492   3357       11.34
5935536   3357        3.45
5938630   3357       11.34
5938995   3357       11.34
6044716   3357       11.34
6125595   3357       33.33
6127630   3357       11.34
6394853   3357       33.33
6537141   3357       16.76
6573443   3357       11.34
6573893   3357       26.34
6575243   3357       19.05
6575301   3357       11.34
6584406   3357       26.34
6634354   3357       11.34
6689708   3357       11.34
6690236   3357       11.34
6701343   3357       11.34
6701344   3357       11.34
6701453   3357       11.34
673822    3357       26.34
6841910   3357       33.33
7076647   3357       11.34
7211860   3357        3.45
7240399   3357       11.34
7300376   3357       33.33
7301470   3357       16.19
7305494   3357        9.65
7305781   3357       33.33
7308623   3357       11.34
7309317   3357       33.33
7309375   3357       19.05
7310959   3357       11.34
7311233   3357       11.34
7311255   3357       33.33
7312149   3357       11.34
7313189   3357       33.33
7314050   3357       33.33
7315048   3357        3.45
7315058   3357       11.34
7315331   3357       11.34
7316139   3357        3.45
7316959   3357        3.45
7317744   3357       33.33
7318041   3357       11.34
7319649   3357        3.45
7321787   3357       19.05
7322304   3357       19.05
7322780   3357       26.34
7322794   3357       33.33
7324725   3357        3.24
7325664   3357       21.08
7325721   3357        9.65
7325722   3357       11.34
7325778   3357       33.33
7328421   3357       33.33
7330948   3357       11.34
7331943   3357       19.05
7332202   3357       33.33
7332734   3357        9.65
7333145   3357        3.45
7335642   3357       11.34
7337422   3357       11.34
7337778   3357       33.33
7340200   3357       19.05
7340742   3357        9.65
7340989   3357       33.33
7342107   3357       19.05
7342680   3357       11.34
7343605   3357       33.33
7344290   3357       19.05
7344465   3357       19.05
7347856   3357       11.34
7348137   3357       33.33
7348986   3357       11.34
7349843   3357       33.33
7350162   3357       26.34
7350273   3357       19.05
7351297   3357       33.33
7352317   3357       19.05
7353364   3357       33.33
7353377   3357       11.34
7354064   3357       33.33
7354848   3357       33.33
7355837   3357       11.34
7355928   3357       26.34
7359478   3357        3.45
7360346   3357       26.34
7360517   3357       11.34
7363171   3357       19.05
7363652   3357       11.34
7365166   3357       19.05
7365545   3357       19.05
7367276   3357       33.33
7368710   3357       33.33
7369018   3357       11.34
7371154   3357       11.34
7372156   3357       33.33
7372973   3357       22.68
7373089   3357       26.34
7374243   3357       26.34
7374616   3357       11.34
7377030   3357       26.34
7377579   3357       11.34
7379256   3357       19.05
7380616   3357       33.33
7381553   3357       11.34
7382148   3357        3.45
7382532   3357       33.33
7384964   3357       11.34
7387544   3357       11.34
7388038   3357       33.33
7388080   3357       11.34
7388125   3357        3.45
7388199   3357       26.34
7389581   3357       11.34
7391472   3357       19.05
7392153   3357        3.45
7393061   3357       19.05
7393144   3357       33.33
7395742   3357       21.08
7396051   3357       11.34
7400031   3357       11.34
7401094   3357       11.34
7401380   3357       11.34
7401853   3357       33.33
7403123   3357       33.33
7403188   3357       19.05
7403563   3357       19.05
7406353   3357       11.34
7408531   3357       11.34
7409730   3357       19.05
7412535   3357        3.45
7412738   3357       26.34
7415448   3357       11.34
7416870   3357       33.33
7417289   3357       33.33
7417791   3357       11.34
7418898   3357       33.33
7418939   3357       33.33
7419340   3357       19.05
7419740   3357       33.33
7419800   3357       11.34
7419866   3357       19.05
7420316   3357       11.34
7420429   3357        3.45
7423096   3357       33.33
7423108   3357        3.45
7423415   3357       11.34
7423444   3357       11.34
7425063   3357       33.33
7425430   3357       11.34
7425900   3357       19.05
7426046   3357       11.34
7427359   3357       33.33
7427520   3357       11.34
7429274   3357       11.34
7432253   3357        3.45
7434591   3357       11.34
7435158   3357       33.33
7436077   3357       19.05
7436996   3357       11.34
7437806   3357       33.33
7437808   3357       33.33
7438450   3357       11.34
7439617   3357       11.34
7439629   3357       11.34
7440809   3357       22.68
7442445   3357       11.34
7444497   3357       33.33
7444651   3357        3.45
7444842   3357       11.34
7445661   3357       26.34
7446382   3357        3.45
7446644   3357       11.34
7447067   3357       11.34
7447992   3357       33.33
7449457   3357       26.34
7455429   3357       11.34
7455588   3357       11.34
7460503   3357       11.34
7461704   3357       11.34
7465820   3357       11.34
7465910   3357       11.34
7466870   3357       11.34
7502836   3357        3.45
7548386   3357       26.34
7548420   3357       19.05
770342    3357       11.34
7917981   3357       11.34
7981510   3357        3.45
7982728   3357       33.33
7982865   3357        3.45
7983170   3357       33.33
7984159   3357       11.34
7985605   3357        9.08
7988969   3357       11.34
8054279   3357       26.34
8064487   3357       11.34
8068577   3357       11.34
8069571   3357       11.34
8140450   3357       26.34
8594315   3357       11.34
8718789   3357       11.34
8734286   3357        3.45
9066082   3357       26.34
9100619   3357       11.34
9211039   3357       19.05
9261804   3357        3.45
9317884   3357        3.45
940859    3357        3.45
9433060   3357       11.34
9540404   3357        3.45
9542018   3357        3.45
9542237   3357       19.05
9543174   3357       11.34
9543530   3357        3.45
9544179   3357       11.34
9544345   3357       26.34
9544429   3357        3.45
9544827   3357        3.45
9545198   3357       26.34
9545952   3357       26.34
9546474   3357       11.34
9547148   3357       19.05
9551389   3357       11.34
9552709   3357       33.33
9553039   3357       11.34
9553047   3357       19.05
9553149   3357       33.33
9555609   3357       33.33
9555641   3357       11.34
9557803   3357       26.34
9557875   3357       33.33
9557894   3357       33.33
9558628   3357       26.34
9560453   3357       33.33
9570736   3357       11.34
9572755   3357       11.34
9577605   3357       11.34
9601343   3357       11.34
9603154   3357       26.34
9603683   3357       11.34
9603870   3357       22.68
9604166   3357       19.05
9607091   3357       19.05
9608547   3357       11.34
9609337   3357       33.33
9609338   3357       11.34
9612117   3357        3.45
9612530   3357       11.34
9612692   3357       11.34
9614364   3357       19.05
9615563   3357       11.34
9615964   3357       11.34
9617493   3357       19.05
9620242   3357        3.45
9620376   3357       11.34
9620599   3357        3.45
9620701   3357       19.05
9620720   3357       19.05
9621777   3357       33.33
9622347   3357       11.34
9624596   3357       33.33
9625361   3357       11.34
9625933   3357       11.34
9626082   3357       11.34
9626215   3357       19.05
9627150   3357        3.45
9627523   3357       11.34
9627724   3357       33.33
9629963   3357        3.45
9631462   3357        3.45
9634554   3357       11.34
9634674   3357       11.34
9636806   3357       33.33
9638320   3357       11.34
9639201   3357       19.05
9845319   3357       26.34
9846320   3357        3.45
9847068   3357       11.34
9847350   3357       11.34
9848693   3357       19.05
9850403   3357       11.34
9851111   3357       11.34
9851993   3357       11.34
