10125466  0357       27.24
10639752  0357       27.24
10760806  0357       27.24
10772668  0357       27.24
10776915  0357       27.24
10777482  0357       27.24
10778464  0357       27.24
10845717  0357       27.24
10847648  0357       27.24
10903693  0357       27.24
11163187  0357       27.24
11177533  0357       27.24
11263756  0357       27.24
11267932  0357       54.48
11429792  0357       27.24
11594524  0357       27.24
11598207  0357       27.24
11694358  0357       27.24
11695394  0357       54.48
11784637  0357       27.24
11792506  0357       27.24
11881668  0357       68.10
11881669  0357       27.24
12018729  0357       27.24
12025488  0357       27.24
12025491  0357       27.24
12027527  0357       27.24
12027928  0357       27.24
12241212  0357       40.86
12243077  0357       27.24
12244707  0357       27.24
12248400  0357       68.10
12435757  0357       40.86
1263302   0357       27.24
1266723   0357       27.24
12698409  0357       27.24
12698965  0357       27.24
12701301  0357       27.24
12934525  0357       27.24
13032012  0357       54.48
13265462  0357       27.24
13268000  0357       54.48
13268185  0357       54.48
13346269  0357       68.10
13510180  0357       27.24
13643981  0357       54.48
13643982  0357       40.86
13644555  0357       68.10
13652653  0357       27.24
13678857  0357       27.24
13774187  0357       27.24
13775452  0357       27.24
13775808  0357       27.24
13777181  0357       40.86
13785046  0357       27.24
13787741  0357       27.24
13868786  0357       27.24
13880177  0357       27.24
13905892  0357       27.24
14030527  0357       27.24
14159223  0357       54.48
14270811  0357       68.10
14513487  0357       27.24
14649126  0357       27.24
14879704  0357       40.86
15177867  0357       54.48
15597541  0357       27.24
15598043  0357       27.24
15598933  0357       27.24
15959808  0357       27.24
16001576  0357       27.24
17033256  0357       27.24
17306742  0357       27.24
1764349   0357       27.24
1765295   0357       40.48
18058393  0357       27.24
1834693   0357       27.24
18785684  0357       27.24
18950730  0357       27.24
19166206  0357       68.10
19827450  0357       27.24
19850185  0357       68.10
20348834  0357       40.86
21140944  0357       40.86
2130876   0357       27.24
2272067   0357       27.24
2532585   0357       27.24
2539943   0357       27.24
2598872   0357       27.24
2608304   0357       27.24
2910376   0357       27.24
2912407   0357       27.24
2913809   0357       27.24
2915293   0357       27.24
2992913   0357       27.24
3083065   0357       27.24
3084978   0357       27.24
3156003   0357       27.24
3314884   0357       27.24
3315121   0357       27.24
3315781   0357       27.24
3322273   0357       27.24
3784066   0357       27.24
3965704   0357       27.24
430240    0357       27.24
4378140   0357       27.24
4381614   0357       27.24
4409788   0357       27.24
4409789   0357       54.48
4415675   0357       27.24
4610129   0357       27.24
4720170   0357       40.86
4721016   0357       27.24
4721639   0357       27.24
4732090   0357       27.24
4734940   0357       27.24
4735505   0357       27.24
5254952   0357       27.24
5261643   0357       27.24
5344986   0357       27.24
5438690   0357       27.24
5921800   0357       27.24
5925949   0357       27.24
6125595   0357       27.24
6394853   0357       27.24
6841910   0357       27.24
7300376   0357       27.24
7305781   0357       27.24
7309317   0357       27.24
7311255   0357       27.24
7313189   0357       27.24
7314050   0357       27.24
7317744   0357       54.48
7322794   0357       27.24
7328421   0357       27.24
7332202   0357       27.24
7337778   0357       27.24
7340989   0357       27.24
7343605   0357       27.24
7348137   0357       27.24
7349843   0357       27.24
7351297   0357       27.24
7353364   0357       54.48
7354064   0357       27.24
7367276   0357       27.24
7368710   0357       54.48
7372156   0357       27.24
7380616   0357       27.24
7382532   0357       27.24
7388038   0357       27.24
7393144   0357       54.48
7401853   0357       27.24
7403123   0357       27.24
7416870   0357       27.24
7417289   0357       54.48
7418898   0357       27.24
7418939   0357       27.24
7419740   0357       27.24
7423096   0357       27.24
7425063   0357       27.24
7427359   0357       27.24
7435158   0357       68.10
7437806   0357       27.24
7437808   0357       27.24
7444497   0357       40.86
7447992   0357       27.24
7982728   0357       27.24
7983170   0357       27.24
9552709   0357       27.24
9553149   0357       27.24
9555609   0357       27.24
9557875   0357       27.24
9557894   0357       27.24
9560453   0357       27.24
9609337   0357       27.24
9621777   0357       27.24
9624596   0357       27.24
9627724   0357       27.24
9636806   0357       27.24
10125466  3357       27.24
10639752  3357       27.24
10760806  3357       27.24
10772668  3357       27.24
10776915  3357       27.24
10777482  3357       27.24
10778464  3357       27.24
10845717  3357       27.24
10847648  3357       27.24
10903693  3357       27.24
11163187  3357       27.24
11177533  3357       27.24
11263756  3357       27.24
11267932  3357       27.24
11429792  3357       27.24
11594524  3357       27.24
11598207  3357       27.24
11694358  3357       27.24
11695394  3357       27.24
11784637  3357       27.24
11792506  3357       27.24
11881668  3357       27.24
11881669  3357       27.24
12018729  3357       27.24
12025488  3357       27.24
12025491  3357       27.24
12027527  3357       27.24
12027928  3357       27.24
12241212  3357       27.24
12243077  3357       27.24
12244707  3357       27.24
12248400  3357       27.24
12435757  3357       27.24
1263302   3357       27.24
1266723   3357       27.24
12698409  3357       27.24
12698965  3357       27.24
12701301  3357       27.24
12934525  3357       27.24
13032012  3357       27.24
13265462  3357       27.24
13268000  3357       27.24
13268185  3357       27.24
13346269  3357       27.24
13510180  3357       27.24
13643981  3357       27.24
13643982  3357       27.24
13644555  3357       27.24
13652653  3357       27.24
13678857  3357       27.24
13774187  3357       27.24
13775452  3357       27.24
13775808  3357       27.24
13777181  3357       27.24
13785046  3357       27.24
13787741  3357       27.24
13868786  3357       27.24
13880177  3357       27.24
13905892  3357       27.24
14030527  3357       27.24
14159223  3357       27.24
14270811  3357       27.24
14513487  3357       27.24
14649126  3357       27.24
14879704  3357       27.24
15177867  3357       27.24
15597541  3357       27.24
15598043  3357       27.24
15598933  3357       27.24
15959808  3357       27.24
16001576  3357       27.24
17033256  3357       27.24
17306742  3357       27.24
1764349   3357       27.24
1765295   3357       20.24
18058393  3357       27.24
1834693   3357       27.24
18785684  3357       27.24
18950730  3357       27.24
19166206  3357       27.24
19827450  3357       27.24
19850185  3357       27.24
20348834  3357       27.24
21140944  3357       27.24
2130876   3357       27.24
2272067   3357       27.24
2532585   3357       27.24
2539943   3357       27.24
2598872   3357       27.24
2608304   3357       27.24
2910376   3357       27.24
2912407   3357       27.24
2913809   3357       27.24
2915293   3357       27.24
2992913   3357       27.24
3083065   3357       27.24
3084978   3357       27.24
3156003   3357       27.24
3314884   3357       27.24
3315121   3357       27.24
3315781   3357       27.24
3322273   3357       27.24
3784066   3357       27.24
3965704   3357       27.24
430240    3357       27.24
4378140   3357       27.24
4381614   3357       27.24
4409788   3357       27.24
4409789   3357       27.24
4415675   3357       27.24
4610129   3357       27.24
4720170   3357       27.24
4721016   3357       27.24
4721639   3357       27.24
4732090   3357       27.24
4734940   3357       27.24
4735505   3357       27.24
5254952   3357       27.24
5261643   3357       27.24
5344986   3357       27.24
5438690   3357       27.24
5921800   3357       27.24
5925949   3357       27.24
6125595   3357       27.24
6394853   3357       27.24
6841910   3357       27.24
7300376   3357       27.24
7305781   3357       27.24
7309317   3357       27.24
7311255   3357       27.24
7313189   3357       27.24
7314050   3357       27.24
7317744   3357       27.24
7322794   3357       27.24
7328421   3357       27.24
7332202   3357       27.24
7337778   3357       27.24
7340989   3357       27.24
7343605   3357       27.24
7348137   3357       27.24
7349843   3357       27.24
7351297   3357       27.24
7353364   3357       27.24
7354064   3357       27.24
7367276   3357       27.24
7368710   3357       27.24
7372156   3357       27.24
7380616   3357       27.24
7382532   3357       27.24
7388038   3357       27.24
7393144   3357       27.24
7401853   3357       27.24
7403123   3357       27.24
7416870   3357       27.24
7417289   3357       27.24
7418898   3357       27.24
7418939   3357       27.24
7419740   3357       27.24
7423096   3357       27.24
7425063   3357       27.24
7427359   3357       27.24
7435158   3357       27.24
7437806   3357       27.24
7437808   3357       27.24
7444497   3357       27.24
7447992   3357       27.24
7982728   3357       27.24
7983170   3357       27.24
9552709   3357       27.24
9553149   3357       27.24
9555609   3357       27.24
9557875   3357       27.24
9557894   3357       27.24
9560453   3357       27.24
9609337   3357       27.24
9621777   3357       27.24
9624596   3357       27.24
9627724   3357       27.24
9636806   3357       27.24
