10107724  0357      793.50
10120357  0357      973.80
10121866  0357     1733.50
10125466  0357      605.20
10126656  0357      649.20
10141786  0357      693.40
10312414  0357      605.20
10373550  0357     1298.40
10639752  0357      605.20
10726693  0357      649.20
10760806  0357      605.20
10764554  0357      693.40
10770124  0357      649.20
10772668  0357      605.20
10774121  0357      693.40
10775520  0357     1210.40
10776516  0357      793.50
10776915  0357      605.20
10777645  0357      973.80
10778464  0357      605.20
10779723  0357     1103.45
10784623  0357      649.20
10820078  0357      693.40
10840266  0357      649.20
10841061  0357      605.20
10841823  0357      793.50
10842205  0357      649.20
10843324  0357     1623.00
10844575  0357     1587.00
10844947  0357     1623.00
10845717  0357      605.20
10845943  0357      793.50
10846474  0357      649.20
10846532  0357      693.40
10846629  0357      649.20
10846940  0357     1298.40
10846985  0357      649.20
10847648  0357      605.20
10848158  0357     1275.52
10849906  0357      649.20
10849907  0357      693.40
10860593  0357      649.20
10903693  0357      605.20
10959957  0357      649.20
10960021  0357      649.20
10963442  0357      693.40
10963957  0357      693.40
10964062  0357     1298.40
1108218   0357      826.47
1112379   0357      829.36
1115136   0357     1089.71
11163187  0357      605.20
11177533  0357      605.20
11260715  0357      649.20
11261772  0357      793.50
11262378  0357      649.20
11263756  0357      605.20
11264465  0357      649.20
11264550  0357      605.20
11265496  0357      649.20
11265527  0357      693.40
11266390  0357     1298.40
11267811  0357     1210.40
11267932  0357     1210.40
11268437  0357      793.50
11269196  0357      741.40
1129535   0357      827.92
11414487  0357      693.40
11425214  0357      649.20
11425449  0357      649.20
11426462  0357      605.20
11428034  0357      605.20
11428889  0357     1623.00
11429539  0357     1298.40
11429792  0357      605.20
11429991  0357      973.80
11430700  0357      649.20
11433167  0357      649.20
11433865  0357     1298.40
11433968  0357     1298.40
11434350  0357      649.20
11546168  0357      605.20
11580362  0357      693.40
11584952  0357      649.20
11586448  0357      693.40
11589730  0357     1298.40
11594236  0357      793.50
11594524  0357      605.20
11596252  0357      649.20
11597667  0357      649.20
11598121  0357      605.20
11598207  0357      605.20
11598956  0357      605.20
11633896  0357      605.20
11645810  0357      649.20
11651035  0357      649.20
11651090  0357      649.20
11652405  0357      649.20
11653864  0357      649.20
11694358  0357      605.20
11694758  0357      649.20
11695394  0357     1210.40
11749469  0357      649.20
11783201  0357      693.40
11783366  0357      793.50
11784637  0357      605.20
11786325  0357      793.50
11786432  0357      605.20
11787653  0357     1298.40
11787807  0357      649.20
11788587  0357     1386.80
11788630  0357      693.40
11790273  0357      649.20
11790818  0357      973.80
11791177  0357      649.20
11792127  0357      649.20
11792506  0357      605.20
11792846  0357      649.20
11878930  0357      649.20
11879419  0357      693.40
11879750  0357      793.50
11881224  0357      793.50
11881668  0357     1513.00
11881669  0357     1084.58
11882080  0357      605.20
11882720  0357      793.50
11883300  0357     1298.40
11949766  0357      793.50
12011761  0357     1587.00
12018571  0357      907.80
12018729  0357      605.20
12018852  0357      649.20
12019816  0357      605.20
12020535  0357      741.40
12021559  0357      693.40
12021966  0357      649.20
12022428  0357      693.40
12023306  0357      741.40
12023981  0357      973.80
12024178  0357      649.20
12024179  0357      649.20
12025294  0357      973.80
12025488  0357      605.20
12025491  0357      605.20
12026565  0357      649.20
12027093  0357      649.20
12027260  0357     1147.00
12027527  0357      605.20
12027928  0357      605.20
12027973  0357     1386.80
12080554  0357      649.20
12241212  0357      907.80
12242270  0357      649.20
12243077  0357      605.20
12244707  0357      605.20
12247738  0357      973.80
12248400  0357     1513.00
12248755  0357      693.40
12248784  0357     1210.40
12248960  0357      649.20
12249178  0357      793.50
12279667  0357      649.20
12314254  0357     1853.50
1232375   0357      827.92
12369466  0357      649.20
12370670  0357      741.40
1239070   0357      826.47
12434895  0357      605.20
12435304  0357      649.20
12435757  0357      907.80
12435759  0357     1623.00
12527456  0357      605.20
12534356  0357      649.20
12536172  0357      649.20
12536549  0357      741.40
1254062   0357      826.47
1257983   0357      827.92
1258658   0357      829.36
1261562   0357      826.47
1262953   0357      988.79
1263302   0357      826.47
1263303   0357      829.36
1265436   0357      829.36
1266723   0357      570.89
12691465  0357      649.20
1269356   0357     1655.84
12698409  0357      605.20
12698965  0357      605.20
12700553  0357      605.20
12701276  0357      649.20
12701301  0357     1513.00
12702273  0357      605.20
12704473  0357      605.20
12704482  0357     1386.80
12704649  0357      649.20
12704927  0357      649.20
12705860  0357      649.20
12706171  0357      649.20
12706774  0357     1386.80
12707136  0357      649.20
1272390   0357      826.47
1273369   0357      829.36
1277938   0357      826.47
1278407   0357      829.36
12848719  0357      649.20
12849330  0357      741.40
12851330  0357      649.20
12852888  0357      649.20
12858616  0357      973.80
12878256  0357      649.20
12884972  0357      649.20
12934142  0357      605.20
12934525  0357      605.20
12935305  0357      649.20
12935606  0357      649.20
13032012  0357     1513.00
13032033  0357      649.20
13034237  0357      649.20
13035222  0357      793.50
13084488  0357      605.20
13084886  0357      605.20
13180551  0357      649.20
1318484   0357      826.47
13187744  0357     1298.40
13187816  0357      973.80
13188137  0357      605.20
13188604  0357      907.80
13264411  0357      649.20
13265462  0357      605.20
13265946  0357      973.80
13266369  0357      649.20
13268000  0357     1210.40
13268185  0357     1210.40
13268457  0357      605.20
13268537  0357      973.80
13343258  0357      605.20
13408041  0357      605.20
13510172  0357      605.20
13510180  0357      605.20
13519440  0357      605.20
13527636  0357      693.40
13566631  0357      793.50
13643981  0357     1210.40
13643982  0357      907.80
13644051  0357      649.20
13644555  0357     1513.00
13644665  0357      649.20
13644680  0357     1733.50
13652653  0357      605.20
13674854  0357      693.40
13678214  0357      649.20
13678857  0357      605.20
13679940  0357      649.20
13724134  0357      973.80
13774187  0357      605.20
13774684  0357      649.20
13775452  0357      605.20
13775808  0357      605.20
13777181  0357      907.80
13785046  0357      605.20
13785661  0357      649.20
13785997  0357      605.20
13786181  0357      649.20
13787208  0357      649.20
13787741  0357      605.20
13842354  0357      649.20
13843775  0357      649.20
13856268  0357      649.20
13867427  0357      973.80
13868652  0357      649.20
13880177  0357      649.20
13880981  0357      649.20
13905892  0357      605.20
13986119  0357      649.20
13990906  0357     1040.10
14003086  0357      605.20
14030527  0357      605.20
14031045  0357      649.20
14031497  0357     1623.00
14093727  0357      973.80
14094806  0357      693.40
14143188  0357      605.20
14159223  0357     1210.40
14176671  0357      649.20
14270811  0357     1513.00
14293118  0357      973.80
1431183   0357      829.36
14335445  0357      605.20
14335539  0357      649.20
14372299  0357      693.40
14372545  0357      605.20
14372818  0357     2139.62
14376347  0357      649.20
14398946  0357      649.20
14399267  0357      907.80
14405196  0357      649.20
14405401  0357      649.20
14513487  0357      605.20
14590375  0357      605.20
14607589  0357      907.80
14648947  0357      649.20
14649126  0357      605.20
14825867  0357     1623.00
14877620  0357      649.20
14877805  0357      693.40
14877859  0357      741.40
14879597  0357     1298.40
14879704  0357     1513.00
14880827  0357      693.40
14880972  0357     1298.40
15170350  0357      605.20
15177340  0357      693.40
15177867  0357     1210.40
15306151  0357     1513.00
15306996  0357      605.20
15351139  0357      649.20
15352095  0357      649.20
15444811  0357      693.40
15448608  0357      649.20
15597541  0357      605.20
15598043  0357      605.20
15598319  0357      649.20
15598510  0357     1298.40
15598933  0357      605.20
15599928  0357      907.80
15668151  0357     1298.40
15668851  0357      605.20
15690244  0357      605.20
15729233  0357      973.80
15729536  0357     1513.00
15778630  0357      973.80
15885754  0357      605.20
15959808  0357      605.20
15961650  0357      605.20
16001576  0357      605.20
16137706  0357      605.20
16138119  0357      973.80
1631390   0357      972.24
16324090  0357      649.20
16385667  0357      605.20
16387437  0357     1298.40
16594051  0357      605.20
16641426  0357      605.20
16736267  0357      649.20
16770549  0357      649.20
16788972  0357     1298.40
16796439  0357     1210.40
17011869  0357     1298.40
17012587  0357     1623.00
17019549  0357      649.20
17033230  0357      605.20
17033256  0357      605.20
17104175  0357      973.80
17104709  0357      649.20
17306742  0357      605.20
1737075   0357      826.47
17379215  0357      907.80
17380736  0357      605.20
17572385  0357     1298.40
17574055  0357      605.20
17626132  0357     1210.40
1763812   0357      988.79
1764349   0357      826.47
1765295   0357     1652.93
1769938   0357      826.47
17727473  0357      605.20
17859806  0357      605.20
17859921  0357     1210.40
17872590  0357      649.20
17942640  0357      649.20
17965237  0357      973.80
18054647  0357      649.20
18058393  0357      605.20
18059918  0357      649.20
18263579  0357      649.20
18263756  0357      649.20
1834693   0357      570.89
18421508  0357      605.20
18422439  0357     1298.40
18618969  0357      605.20
18655916  0357      649.20
18656459  0357      973.80
18785684  0357      605.20
18928116  0357      605.20
18950730  0357      605.20
1906129   0357      829.36
19166206  0357     1513.00
19262723  0357      649.20
1926999   0357      827.92
19324610  0357     1298.40
19348247  0357      649.20
19424156  0357     1298.40
19431369  0357      649.20
19827450  0357      649.20
19850185  0357     1513.00
19886649  0357     1623.00
19973112  0357      649.20
20046577  0357     1210.40
20046584  0357     1210.40
20187870  0357     1210.40
20189202  0357      741.40
20235584  0357     1210.40
2030572   0357      826.47
2033664   0357      880.26
20348834  0357      907.80
20351464  0357     1298.40
2101693   0357      972.96
21140944  0357      907.80
2130876   0357      826.47
2157417   0357     2200.64
2186056   0357      826.47
2189077   0357      826.47
2196831   0357      826.47
2198274   0357      831.06
2198799   0357      826.47
22326349  0357      605.20
2272067   0357      826.47
23156662  0357      829.36
2376223   0357      896.98
2380275   0357      827.92
2384661   0357      829.36
2529886   0357      829.36
2532585   0357      826.47
2533320   0357      826.47
2534786   0357      606.61
2535843   0357      827.92
2536373   0357      827.92
2536795   0357      829.36
2539607   0357      827.92
2539943   0357      826.47
2541142   0357      829.36
2541439   0357     1131.09
2541709   0357      829.36
2543654   0357      829.36
2543813   0357      829.36
2543932   0357      826.47
2592064   0357      827.92
2592966   0357      900.87
2593377   0357      829.36
2593686   0357      826.47
2596405   0357      979.96
2597854   0357      829.36
2598033   0357      829.36
2598733   0357      827.92
2598872   0357      826.47
2601437   0357      829.36
2603046   0357      829.36
2605117   0357      827.92
2605164   0357      829.36
2605823   0357      570.84
2607322   0357      893.22
2608233   0357      871.35
2608304   0357      826.47
2608554   0357      829.36
2684589   0357      829.36
2741170   0357      878.31
2854705   0357      826.47
2870837   0357      826.47
2910376   0357      826.47
2910432   0357      826.47
2911765   0357      826.47
2912407   0357      826.47
2912692   0357      880.26
2913757   0357      826.47
2913809   0357      826.47
2915293   0357      826.47
2915714   0357      829.36
2915780   0357      826.47
2916102   0357      606.61
2916362   0357      829.36
2916467   0357      826.47
2916786   0357      826.47
2918280   0357     2073.40
2992913   0357      826.47
3035349   0357      829.36
3080057   0357     1320.38
3080311   0357      829.36
3080984   0357     1208.61
3081351   0357      829.36
3082505   0357      995.00
3083006   0357      829.36
3083065   0357      826.47
3083457   0357      826.47
3083843   0357      826.47
3084868   0357      829.36
3084978   0357      826.47
3085009   0357      826.47
3085276   0357      828.14
3090485   0357      882.78
3156003   0357      942.74
3234299   0357      828.14
3245420   0357      829.36
3314884   0357      618.54
3315121   0357      826.47
3315781   0357      826.47
3317339   0357      880.44
3318589   0357      957.57
3318694   0357      998.87
3318719   0357      829.36
3320986   0357      829.36
3322128   0357      879.03
3322284   0357      826.47
3322381   0357      827.92
3324084   0357     1152.83
3324110   0357     1243.30
3324403   0357      880.26
3329806   0357      829.36
3353242   0357      942.74
3528540   0357      901.16
3533360   0357     1058.77
3535445   0357      826.47
3535676   0357      829.36
3535838   0357      826.47
3538837   0357      899.79
3539352   0357      829.36
3541739   0357      829.36
3541975   0357      570.89
3542004   0357      693.40
3542015   0357      658.83
3554092   0357      827.92
3593839   0357      826.47
3598528   0357      829.36
3710064   0357     1068.33
3759377   0357      826.47
3784066   0357      826.47
3784441   0357      920.79
3785251   0357      829.36
3792247   0357      829.36
3830110   0357      826.47
3855157   0357      570.84
3855577   0357      829.36
3856978   0357      826.47
3857004   0357      826.47
3857220   0357      829.40
3857667   0357      826.47
3857878   0357      827.92
3858323   0357     1658.72
3858856   0357      693.40
3859230   0357     1304.07
3864991   0357      963.38
3875055   0357     1020.68
3877925   0357     2542.33
3878006   0357     1036.04
3963688   0357      982.43
3964093   0357     1136.05
3964337   0357      826.47
3965704   0357      826.47
3969513   0357      832.39
4001934   0357     1088.83
4064149   0357      890.53
4065177   0357      826.47
4065584   0357      649.20
4065648   0357     1073.42
4066245   0357      826.47
4067118   0357      963.67
4067735   0357      955.63
4067795   0357      829.36
4068788   0357      826.47
4071074   0357     1179.62
4071241   0357      976.46
4107436   0357      605.20
4191539   0357      826.47
4193094   0357     2069.81
4194671   0357      892.90
4195654   0357      826.47
4199927   0357      570.89
4200911   0357      826.47
4238916   0357      826.47
430240    0357      826.47
4317775   0357     1272.03
4373204   0357     1308.39
4373479   0357      826.47
4375498   0357      880.26
4375998   0357      846.93
4376813   0357      907.15
4377201   0357      827.92
4378140   0357      826.47
4378236   0357      826.47
4378283   0357      826.47
4378759   0357     1206.13
4379154   0357      826.47
4381341   0357      826.47
4381614   0357      943.37
4382400   0357     1244.04
4383023   0357     1102.52
4383200   0357      826.47
4385047   0357      829.36
4386936   0357      741.40
4387777   0357     2209.67
4409485   0357     1221.35
4409788   0357      826.47
4409789   0357     1794.54
4414417   0357      938.73
4414541   0357      877.43
4414909   0357      829.36
4415675   0357      826.47
443869    0357      829.36
4609506   0357      889.14
4610129   0357      826.47
4720170   0357      907.80
4720923   0357      649.20
4721016   0357      605.20
4721639   0357      826.47
4722680   0357      826.47
4722814   0357      665.38
4723168   0357      826.47
4723276   0357      926.99
4723403   0357      826.47
4724433   0357      829.36
4725919   0357     1386.80
4727740   0357      605.20
4728331   0357      826.47
4729448   0357      589.63
4730168   0357     1272.85
4730490   0357      826.47
4730823   0357     1246.23
4731322   0357     1231.44
4731494   0357      898.61
4732090   0357      956.03
4732618   0357      934.99
4734527   0357      605.20
4734940   0357      605.20
4735505   0357      826.47
4738424   0357      829.36
4739546   0357     1095.54
4739796   0357      693.40
4754833   0357     1117.11
4803744   0357     1397.60
4805842   0357      649.20
4827213   0357      934.07
4853128   0357      770.81
4882144   0357      621.06
5017295   0357      605.20
5022967   0357      827.92
5237805   0357      649.20
5238236   0357      826.47
5239261   0357      960.29
5240821   0357      826.47
5242545   0357      931.03
5244302   0357      942.74
5244483   0357      605.20
5244484   0357      898.61
5244765   0357      826.47
5245261   0357      693.40
5248926   0357      949.57
5248954   0357      873.15
5249259   0357      649.20
5249817   0357      693.40
5250965   0357      829.36
5251153   0357     1056.98
5251214   0357      951.79
5252606   0357     1386.80
5253930   0357      826.47
5254613   0357     1074.87
5254952   0357      826.47
5255567   0357      649.20
5255641   0357      693.40
5257069   0357      869.88
5257175   0357      829.36
5257421   0357      741.40
5257727   0357     1623.00
5257774   0357      649.20
5259121   0357      826.47
5259785   0357      826.47
5261116   0357      605.20
5261139   0357     1031.20
5261250   0357      826.47
5261418   0357      852.36
5261643   0357     1031.56
5263470   0357      925.74
5344986   0357      605.20
5435450   0357      928.33
5436619   0357      693.40
5436795   0357      637.01
5438690   0357      907.37
5439480   0357      649.20
5439865   0357     1853.50
5458236   0357      605.20
5461455   0357      829.39
5605414   0357     2111.15
5658043   0357     1032.49
5688352   0357      649.20
5765952   0357      649.20
5779173   0357      649.20
5915261   0357      829.36
5921128   0357     1247.10
5921800   0357      605.20
5923624   0357      693.40
5925143   0357      693.40
5925949   0357      570.89
5929492   0357      649.20
5935536   0357     3253.85
5938630   0357     1079.67
5938995   0357      649.20
6044716   0357      973.80
6125595   0357     2184.47
6127630   0357      958.26
6238388   0357      793.50
6394853   0357      738.20
64800     0357      828.14
6537141   0357      826.47
6573443   0357     1073.68
6573855   0357      741.40
6573893   0357      605.20
6575243   0357      605.20
6575301   0357      649.20
6584406   0357     2066.17
6602322   0357      605.20
6634354   0357      649.20
6689708   0357      649.20
6690236   0357      649.20
6701343   0357      649.20
6701344   0357     1091.70
6701453   0357      649.20
673822    0357      826.47
6841910   0357      605.20
7076647   0357      649.20
7211860   0357      693.40
7240399   0357      649.20
7300376   0357      907.37
7301470   0357      826.47
7305494   0357      829.36
7305781   0357      826.47
7308623   0357      970.75
7309317   0357      605.20
7309375   0357      605.20
7310425   0357      741.40
7310959   0357      829.36
7311233   0357      885.27
7311255   0357     1071.69
7312149   0357     1042.51
7313189   0357      826.47
7314050   0357      977.66
7314987   0357      741.40
7315048   0357      693.40
7315058   0357     2507.00
7315331   0357      649.20
7316059   0357      741.40
7316139   0357      693.40
7316607   0357     1131.09
7316959   0357     1655.84
7317744   0357     1652.93
7318041   0357      903.06
7319649   0357     1386.80
7321787   0357      605.20
7322304   0357      605.20
7322780   0357      605.20
7322794   0357     1166.54
7324725   0357      827.92
7325664   0357      821.72
7325721   0357      829.36
7325722   0357     1205.15
7325778   0357      570.89
7328421   0357      605.20
7330948   0357      649.20
7331943   0357     1517.61
7332202   0357     1031.50
7332734   0357     1244.04
7333145   0357     1287.50
7333526   0357     2062.99
7335642   0357      649.20
7337422   0357      811.82
7337778   0357      605.20
7338055   0357      741.40
7340200   0357      826.47
7340742   0357      879.03
7340989   0357      970.82
7342107   0357      605.20
7342680   0357      829.36
7343605   0357      605.20
7344290   0357      605.20
7344465   0357     1210.40
7347856   0357      829.36
7348137   0357      605.20
7348986   0357     1052.98
7349428   0357     1983.75
7349843   0357      605.20
7350162   0357      849.03
7350273   0357      605.20
7351297   0357      714.49
7352317   0357      605.20
7353377   0357      649.20
7354064   0357      605.20
7354848   0357      570.89
7355928   0357      826.47
7359478   0357      693.40
7360346   0357      605.20
7360517   0357      649.20
7363171   0357      791.25
7363652   0357      649.20
7365166   0357     1038.24
7365545   0357      605.20
7367276   0357      605.20
7368710   0357     1210.40
7369018   0357      649.20
7371154   0357      649.20
7372156   0357      605.20
7372973   0357      922.37
7373089   0357      605.20
7373215   0357      741.40
7374243   0357      924.20
7374616   0357      829.36
7377030   0357      605.20
7377579   0357      649.20
7379256   0357     1210.40
7380616   0357      605.20
7381553   0357      649.20
7382148   0357      914.56
7382532   0357      605.20
7384964   0357      649.20
7387544   0357     1298.40
7388038   0357      605.20
7388080   0357      649.20
7388125   0357      693.40
7388199   0357     1386.29
7389581   0357      649.20
7391472   0357      605.20
7392153   0357     1733.50
7393061   0357      605.20
7393144   0357     1210.40
7395742   0357      570.84
7396051   0357      973.80
7398038   0357      735.62
7400031   0357      649.20
7401094   0357      649.20
7401380   0357      984.78
7401853   0357      605.20
7403123   0357      605.20
7403188   0357      605.20
7403563   0357      605.20
7406353   0357      649.20
7408531   0357      649.20
7409730   0357      605.20
7410177   0357      793.50
7412535   0357      693.40
7412738   0357      605.20
7415285   0357      793.50
7415448   0357      649.20
7416870   0357      605.20
7417289   0357     1210.40
7417791   0357     1298.40
7418898   0357      605.20
7418939   0357      649.20
7419340   0357      605.20
7419740   0357     1017.25
7419800   0357      649.20
7419866   0357     1513.00
7420316   0357      649.20
7420429   0357      693.40
7423108   0357      693.40
7423415   0357      649.20
7423444   0357     1154.84
7425063   0357      605.20
7425430   0357      649.20
7425900   0357      605.20
7426046   0357      649.20
7427359   0357      605.20
7427520   0357      649.20
7429274   0357      649.20
7432253   0357      693.40
7434591   0357     1623.00
7435158   0357     1513.00
7436077   0357     1210.40
7436996   0357      649.20
7437806   0357      605.20
7437808   0357      605.20
7438450   0357      649.20
7439597   0357     1482.80
7439617   0357      649.20
7439629   0357      649.20
7440809   0357      621.01
7442445   0357      649.20
7444497   0357      907.80
7444651   0357      693.40
7444842   0357      649.20
7444889   0357     1482.80
7445661   0357      605.20
7446382   0357      693.40
7446644   0357      649.20
7447067   0357     1623.00
7447334   0357      741.40
7447992   0357      605.20
7449457   0357      605.20
7455429   0357     1089.42
7455588   0357      984.78
7461704   0357      649.20
7465820   0357     1623.00
7465910   0357      649.20
7466779   0357     1230.41
7466870   0357     1160.52
7502836   0357      951.82
7548386   0357      780.86
7548420   0357      987.09
770342    0357      829.36
7917981   0357      649.20
7981510   0357     1234.04
7982728   0357      605.20
7982865   0357      693.40
7983170   0357      605.20
7984159   0357      649.20
7985605   0357      656.93
7988969   0357     1297.29
8054279   0357      897.32
8064487   0357     1550.89
8069571   0357      892.70
8140450   0357      627.91
8594315   0357      649.20
8718789   0357     1298.40
8734286   0357      693.40
9066082   0357      826.47
9100619   0357     1297.29
9211039   0357      605.20
9261804   0357      693.40
9317884   0357     1386.80
9433060   0357      649.20
9540404   0357      693.40
9540845   0357     1112.10
9542018   0357     1733.50
9542237   0357      605.20
9543174   0357     1038.24
9543530   0357     1052.61
9544179   0357      649.20
9544345   0357      605.20
9544429   0357     1127.12
9544827   0357      693.40
9545198   0357      826.47
9545952   0357     1054.42
9546474   0357      649.20
9547148   0357     1124.68
9551389   0357      649.20
9552709   0357      898.31
9553039   0357     1616.45
9553047   0357      605.20
9553149   0357      605.20
9555077   0357      900.03
9555609   0357      605.20
9555641   0357      649.20
9557148   0357     1482.80
9557803   0357      605.20
9557875   0357      605.20
9557894   0357     1044.07
9558628   0357      605.20
9560453   0357      605.20
9570736   0357     1090.70
9572755   0357      649.20
9577605   0357     1159.56
9601343   0357     1623.00
9603154   0357     1084.58
9603683   0357      649.20
9603870   0357      570.89
9604166   0357      605.20
9604592   0357     1190.25
9607091   0357      826.47
9608547   0357      649.20
9609337   0357      605.20
9609338   0357     1298.40
9612117   0357     1298.80
9612530   0357     3043.00
9612692   0357      649.20
9614364   0357     1210.40
9615563   0357      649.20
9615964   0357      649.20
9617493   0357     1210.40
9620242   0357     1386.80
9620248   0357     1482.80
9620376   0357      649.20
9620599   0357      693.40
9620701   0357      605.20
9620720   0357      605.20
9621777   0357      649.20
9622347   0357      649.20
9624370   0357      793.50
9624596   0357      605.20
9625361   0357      649.20
9625933   0357     1298.40
9626082   0357      649.20
9626215   0357      605.20
9627150   0357     1733.50
9627523   0357     1298.40
9627724   0357      605.20
9629963   0357      693.40
9631462   0357      693.40
9634554   0357     1186.26
9634674   0357      649.20
9636806   0357      605.20
9638320   0357      649.20
9639201   0357      605.20
9845319   0357      605.20
9846320   0357      693.40
9847068   0357      605.20
9847350   0357     1256.64
9848693   0357      988.32
9850403   0357      649.20
9851111   0357      649.20
9851993   0357     1166.43
10107724  3357      793.50
10120357  3357      649.20
10121866  3357      693.40
10125466  3357      605.20
10126656  3357      649.20
10141786  3357      693.40
10312414  3357      605.20
10373550  3357      649.20
10639752  3357      605.20
10726693  3357      649.20
10760806  3357      605.20
10764554  3357      693.40
10770124  3357      649.20
10772668  3357      605.20
10774121  3357      693.40
10775520  3357      605.20
10776516  3357      793.50
10776915  3357      605.20
10777645  3357      649.20
10778464  3357      605.20
10779723  3357     1103.45
10784623  3357      649.20
10820078  3357      693.40
10840266  3357      649.20
10841061  3357      605.20
10841823  3357      793.50
10842205  3357      649.20
10843324  3357      649.20
10844575  3357      793.50
10844947  3357      649.20
10845717  3357      605.20
10845943  3357      793.50
10846474  3357      649.20
10846532  3357      693.40
10846629  3357      649.20
10846940  3357      649.20
10846985  3357      649.20
10847648  3357      605.20
10848158  3357     1275.52
10849906  3357      649.20
10849907  3357      693.40
10860593  3357      649.20
10903693  3357      605.20
10959957  3357      649.20
10960021  3357      649.20
10963442  3357      693.40
10963957  3357      693.40
10964062  3357      649.20
1108218   3357      826.47
1112379   3357      829.36
1115136   3357     1089.71
11163187  3357      605.20
11177533  3357      605.20
11260715  3357      649.20
11261772  3357      793.50
11262378  3357      649.20
11263756  3357      605.20
11264465  3357      649.20
11264550  3357      605.20
11265496  3357      649.20
11265527  3357      693.40
11266390  3357      649.20
11267811  3357      605.20
11267932  3357      605.20
11268437  3357      793.50
11269196  3357      741.40
1129535   3357      827.92
11414487  3357      693.40
11425214  3357      649.20
11425449  3357      649.20
11426462  3357      605.20
11428034  3357      605.20
11428889  3357      649.20
11429539  3357      649.20
11429792  3357      605.20
11429991  3357      649.20
11430700  3357      649.20
11433167  3357      649.20
11433865  3357      649.20
11433968  3357      649.20
11434350  3357      649.20
11546168  3357      605.20
11580362  3357      693.40
11584952  3357      649.20
11586448  3357      693.40
11589730  3357      649.20
11594236  3357      793.50
11594524  3357      605.20
11596252  3357      649.20
11597667  3357      649.20
11598121  3357      605.20
11598207  3357      605.20
11598956  3357      605.20
11633896  3357      605.20
11645810  3357      649.20
11651035  3357      649.20
11651090  3357      649.20
11652405  3357      649.20
11653864  3357      649.20
11694358  3357      605.20
11694758  3357      649.20
11695394  3357      605.20
11749469  3357      649.20
11783201  3357      693.40
11783366  3357      793.50
11784637  3357      605.20
11786325  3357      793.50
11786432  3357      605.20
11787653  3357      649.20
11787807  3357      649.20
11788587  3357      693.40
11788630  3357      693.40
11790273  3357      649.20
11790818  3357      649.20
11791177  3357      649.20
11792127  3357      649.20
11792506  3357      605.20
11792846  3357      649.20
11878930  3357      649.20
11879419  3357      693.40
11879750  3357      793.50
11881224  3357      793.50
11881668  3357      605.20
11881669  3357     1084.58
11882080  3357      605.20
11882720  3357      793.50
11883300  3357      649.20
11949766  3357      793.50
12011761  3357      793.50
12018571  3357      605.20
12018729  3357      605.20
12018852  3357      649.20
12019816  3357      605.20
12020535  3357      741.40
12021559  3357      693.40
12021966  3357      649.20
12022428  3357      693.40
12023306  3357      741.40
12023981  3357      649.20
12024178  3357      649.20
12024179  3357      649.20
12025294  3357      649.20
12025488  3357      605.20
12025491  3357      605.20
12026565  3357      649.20
12027093  3357      649.20
12027260  3357     1147.00
12027527  3357      605.20
12027928  3357      605.20
12027973  3357      693.40
12080554  3357      649.20
12241212  3357      605.20
12242270  3357      649.20
12243077  3357      605.20
12244707  3357      605.20
12247738  3357      649.20
12248400  3357      605.20
12248755  3357      693.40
12248784  3357      605.20
12248960  3357      649.20
12249178  3357      793.50
12279667  3357      649.20
12314254  3357      741.40
1232375   3357      827.92
12369466  3357      649.20
12370670  3357      741.40
1239070   3357      826.47
12434895  3357      605.20
12435304  3357      649.20
12435757  3357      605.20
12435759  3357      649.20
12527456  3357      605.20
12534356  3357      649.20
12536172  3357      649.20
12536549  3357      741.40
1254062   3357      826.47
1257983   3357      827.92
1258658   3357      829.36
1261562   3357      826.47
1262953   3357      988.79
1263302   3357      826.47
1263303   3357      829.36
1265436   3357      829.36
1266723   3357      570.89
12691465  3357      649.20
1269356   3357      827.92
12698409  3357      605.20
12698965  3357      605.20
12700553  3357      605.20
12701276  3357      649.20
12701301  3357      605.20
12702273  3357      605.20
12704473  3357      605.20
12704482  3357      693.40
12704649  3357      649.20
12704927  3357      649.20
12705860  3357      649.20
12706171  3357      649.20
12706774  3357      693.40
12707136  3357      649.20
1272390   3357      826.47
1273369   3357      829.36
1277938   3357      826.47
1278407   3357      829.36
12848719  3357      649.20
12849330  3357      741.40
12851330  3357      649.20
12852888  3357      649.20
12858616  3357      649.20
12878256  3357      649.20
12884972  3357      649.20
12934142  3357      605.20
12934525  3357      605.20
12935305  3357      649.20
12935606  3357      649.20
13032012  3357      605.20
13032033  3357      649.20
13034237  3357      649.20
13035222  3357      793.50
13084488  3357      605.20
13084886  3357      605.20
13180551  3357      649.20
1318484   3357      826.47
13187744  3357      649.20
13187816  3357      649.20
13188137  3357      605.20
13188604  3357      605.20
13264411  3357      649.20
13265462  3357      605.20
13265946  3357      649.20
13266369  3357      649.20
13268000  3357      605.20
13268185  3357      605.20
13268457  3357      605.20
13268537  3357      649.20
13343258  3357      605.20
13408041  3357      605.20
13510172  3357      605.20
13510180  3357      605.20
13519440  3357      605.20
13527636  3357      693.40
13566631  3357      793.50
13643981  3357      605.20
13643982  3357      605.20
13644051  3357      649.20
13644555  3357      605.20
13644665  3357      649.20
13644680  3357      693.40
13652653  3357      605.20
13674854  3357      693.40
13678214  3357      649.20
13678857  3357      605.20
13679940  3357      649.20
13724134  3357      649.20
13774187  3357      605.20
13774684  3357      649.20
13775452  3357      605.20
13775808  3357      605.20
13777181  3357      605.20
13785046  3357      605.20
13785661  3357      649.20
13785997  3357      605.20
13786181  3357      649.20
13787208  3357      649.20
13787741  3357      605.20
13842354  3357      649.20
13843775  3357      649.20
13856268  3357      649.20
13867427  3357      649.20
13868652  3357      649.20
13880177  3357      649.20
13880981  3357      649.20
13905892  3357      605.20
13986119  3357      649.20
13990906  3357      693.40
14003086  3357      605.20
14030527  3357      605.20
14031045  3357      649.20
14031497  3357      649.20
14093727  3357      649.20
14094806  3357      693.40
14143188  3357      605.20
14159223  3357      605.20
14176671  3357      649.20
14270811  3357      605.20
14293118  3357      649.20
1431183   3357      829.36
14335445  3357      605.20
14335539  3357      649.20
14372299  3357      693.40
14372545  3357      605.20
14372818  3357      855.85
14376347  3357      649.20
14398946  3357      649.20
14399267  3357      605.20
14405196  3357      649.20
14405401  3357      649.20
14513487  3357      605.20
14590375  3357      605.20
14607589  3357      605.20
14648947  3357      649.20
14649126  3357      605.20
14825867  3357      649.20
14877620  3357      649.20
14877805  3357      693.40
14877859  3357      741.40
14879597  3357      649.20
14879704  3357      605.20
14880827  3357      693.40
14880972  3357      649.20
15170350  3357      605.20
15177340  3357      693.40
15177867  3357      605.20
15306151  3357      605.20
15306996  3357      605.20
15351139  3357      649.20
15352095  3357      649.20
15444811  3357      693.40
15448608  3357      649.20
15597541  3357      605.20
15598043  3357      605.20
15598319  3357      649.20
15598510  3357      649.20
15598933  3357      605.20
15599928  3357      605.20
15668151  3357      649.20
15668851  3357      605.20
15690244  3357      605.20
15729233  3357      649.20
15729536  3357      605.20
15778630  3357      649.20
15885754  3357      605.20
15959808  3357      605.20
15961650  3357      605.20
16001576  3357      605.20
16137706  3357      605.20
16138119  3357      649.20
1631390   3357      972.24
16324090  3357      649.20
16385667  3357      605.20
16387437  3357      649.20
16594051  3357      605.20
16641426  3357      605.20
16736267  3357      649.20
16770549  3357      649.20
16788972  3357      649.20
16796439  3357      605.20
17011869  3357      649.20
17012587  3357      649.20
17019549  3357      649.20
17033230  3357      605.20
17033256  3357      605.20
17104175  3357      649.20
17104709  3357      649.20
17306742  3357      605.20
1737075   3357      826.47
17379215  3357      605.20
17380736  3357      605.20
17572385  3357      649.20
17574055  3357      605.20
17626132  3357      605.20
1763812   3357      988.79
1764349   3357      826.47
1765295   3357      826.47
1769938   3357      826.47
17727473  3357      605.20
17859806  3357      605.20
17859921  3357      605.20
17872590  3357      649.20
17942640  3357      649.20
17965237  3357      649.20
18054647  3357      649.20
18058393  3357      605.20
18059918  3357      649.20
18263579  3357      649.20
18263756  3357      649.20
1834693   3357      570.89
18421508  3357      605.20
18422439  3357      649.20
18618969  3357      605.20
18655916  3357      649.20
18656459  3357      649.20
18785684  3357      605.20
18928116  3357      605.20
18950730  3357      605.20
1906129   3357      829.36
19166206  3357      605.20
19262723  3357      649.20
1926999   3357      827.92
19324610  3357      649.20
19348247  3357      649.20
19424156  3357      649.20
19431369  3357      649.20
19827450  3357      649.20
19850185  3357      605.20
19886649  3357      649.20
19973112  3357      649.20
20046577  3357      605.20
20046584  3357      605.20
20187870  3357      605.20
20189202  3357      741.40
20235584  3357      605.20
2030572   3357      826.47
2033664   3357      880.26
20348834  3357      605.20
20351464  3357      649.20
2101693   3357      972.96
21140944  3357      605.20
2130876   3357      826.47
2157417   3357      880.26
2186056   3357      826.47
2189077   3357      826.47
2196831   3357      826.47
2198274   3357      831.06
2198799   3357      826.47
22326349  3357      605.20
2272067   3357      826.47
23156662  3357      829.36
2376223   3357      896.98
2380275   3357      827.92
2384661   3357      829.36
2529886   3357      829.36
2532585   3357      826.47
2533320   3357      826.47
2534786   3357      606.61
2535843   3357      827.92
2536373   3357      827.92
2536795   3357      829.36
2539607   3357      827.92
2539943   3357      826.47
2541142   3357      829.36
2541439   3357     1131.09
2541709   3357      829.36
2543654   3357      829.36
2543813   3357      829.36
2543932   3357      826.47
2592064   3357      827.92
2592966   3357      900.87
2593377   3357      829.36
2593686   3357      826.47
2596405   3357      979.96
2597854   3357      829.36
2598033   3357      829.36
2598733   3357      827.92
2598872   3357      826.47
2601437   3357      829.36
2603046   3357      829.36
2605117   3357      827.92
2605164   3357      829.36
2605823   3357      570.84
2607322   3357      893.22
2608233   3357      871.35
2608304   3357      826.47
2608554   3357      829.36
2684589   3357      829.36
2741170   3357      878.31
2854705   3357      826.47
2870837   3357      826.47
2910376   3357      826.47
2910432   3357      826.47
2911765   3357      826.47
2912407   3357      826.47
2912692   3357      880.26
2913757   3357      826.47
2913809   3357      826.47
2915293   3357      826.47
2915714   3357      829.36
2915780   3357      826.47
2916102   3357      606.61
2916362   3357      829.36
2916467   3357      826.47
2916786   3357      826.47
2918280   3357      829.36
2992913   3357      826.47
3035349   3357      829.36
3080057   3357      880.26
3080311   3357      829.36
3080984   3357     1208.61
3081351   3357      829.36
3082505   3357      995.00
3083006   3357      829.36
3083065   3357      826.47
3083457   3357      826.47
3083843   3357      826.47
3084868   3357      829.36
3084978   3357      826.47
3085009   3357      826.47
3085276   3357      828.14
3090485   3357      882.78
3156003   3357      942.74
3234299   3357      828.14
3245420   3357      829.36
3314884   3357      618.54
3315121   3357      826.47
3315781   3357      826.47
3317339   3357      880.44
3318589   3357      957.57
3318694   3357      998.87
3318719   3357      829.36
3320986   3357      829.36
3322128   3357      879.03
3322284   3357      826.47
3322381   3357      827.92
3324084   3357     1152.83
3324110   3357     1243.30
3324403   3357      880.26
3329806   3357      829.36
3353242   3357      942.74
3528540   3357      901.16
3533360   3357     1058.77
3535445   3357      826.47
3535676   3357      829.36
3535838   3357      826.47
3538837   3357      899.79
3539352   3357      829.36
3541739   3357      829.36
3541975   3357      570.89
3542004   3357      693.40
3542015   3357      658.83
3554092   3357      827.92
3593839   3357      826.47
3598528   3357      829.36
3710064   3357     1068.33
3759377   3357      826.47
3784066   3357      826.47
3784441   3357      920.79
3785251   3357      829.36
3792247   3357      829.36
3830110   3357      826.47
3855157   3357      570.84
3855577   3357      829.36
3856978   3357      826.47
3857004   3357      826.47
3857220   3357      829.40
3857667   3357      826.47
3857878   3357      827.92
3858323   3357      829.36
3858856   3357      693.40
3859230   3357      869.38
3864991   3357      963.38
3875055   3357     1020.68
3877925   3357     1271.17
3878006   3357     1036.04
3963688   3357      982.43
3964093   3357     1136.05
3964337   3357      826.47
3965704   3357      826.47
3969513   3357      832.39
4001934   3357     1088.83
4064149   3357      890.53
4065177   3357      826.47
4065584   3357      649.20
4065648   3357     1073.42
4066245   3357      826.47
4067118   3357      963.67
4067735   3357      955.63
4067795   3357      829.36
4068788   3357      826.47
4071074   3357     1179.62
4071241   3357      976.46
4107436   3357      605.20
4191539   3357      826.47
4193094   3357      827.92
4194671   3357      892.90
4195654   3357      826.47
4199927   3357      570.89
4200911   3357      826.47
4238916   3357      826.47
430240    3357      826.47
4317775   3357     1272.03
4373204   3357     1308.39
4373479   3357      826.47
4375498   3357      880.26
4375998   3357      846.93
4376813   3357      907.15
4377201   3357      827.92
4378140   3357      826.47
4378236   3357      826.47
4378283   3357      826.47
4378759   3357     1206.13
4379154   3357      826.47
4381341   3357      826.47
4381614   3357      943.37
4382400   3357      829.36
4383023   3357     1102.52
4383200   3357      826.47
4385047   3357      829.36
4386936   3357      741.40
4387777   3357      883.87
4409485   3357     1221.35
4409788   3357      826.47
4409789   3357      897.27
4414417   3357      938.73
4414541   3357      877.43
4414909   3357      829.36
4415675   3357      826.47
443869    3357      829.36
4609506   3357      889.14
4610129   3357      826.47
4720170   3357      605.20
4720923   3357      649.20
4721016   3357      605.20
4721639   3357      826.47
4722680   3357      826.47
4722814   3357      665.38
4723168   3357      826.47
4723276   3357      926.99
4723403   3357      826.47
4724433   3357      829.36
4725919   3357      693.40
4727740   3357      605.20
4728331   3357      826.47
4729448   3357      589.63
4730168   3357     1272.85
4730490   3357      826.47
4730823   3357     1246.23
4731322   3357     1231.44
4731494   3357      898.61
4732090   3357      956.03
4732618   3357      934.99
4734527   3357      605.20
4734940   3357      605.20
4735505   3357      826.47
4738424   3357      829.36
4739546   3357     1095.54
4739796   3357      693.40
4754833   3357     1117.11
4803744   3357     1397.60
4805842   3357      649.20
4827213   3357      934.07
4853128   3357      770.81
4882144   3357      621.06
5017295   3357      605.20
5022967   3357      827.92
5237805   3357      649.20
5238236   3357      826.47
5239261   3357      960.29
5240821   3357      826.47
5242545   3357      931.03
5244302   3357      942.74
5244483   3357      605.20
5244484   3357      898.61
5244765   3357      826.47
5245261   3357      693.40
5248926   3357      949.57
5248954   3357      873.15
5249259   3357      649.20
5249817   3357      693.40
5250965   3357      829.36
5251153   3357     1056.98
5251214   3357      951.79
5252606   3357      693.40
5253930   3357      826.47
5254613   3357     1074.87
5254952   3357      826.47
5255567   3357      649.20
5255641   3357      693.40
5257069   3357      869.88
5257175   3357      829.36
5257421   3357      741.40
5257727   3357      649.20
5257774   3357      649.20
5259121   3357      826.47
5259785   3357      826.47
5261116   3357      605.20
5261139   3357     1031.20
5261250   3357      826.47
5261418   3357      852.36
5261643   3357     1031.56
5263470   3357      925.74
5344986   3357      605.20
5435450   3357      928.33
5436619   3357      693.40
5436795   3357      637.01
5438690   3357      907.37
5439480   3357      649.20
5439865   3357      741.40
5458236   3357      605.20
5461455   3357      829.39
5605414   3357     1055.57
5658043   3357     1032.49
5688352   3357      649.20
5765952   3357      649.20
5779173   3357      649.20
5915261   3357      829.36
5921128   3357     1247.10
5921800   3357      605.20
5923624   3357      693.40
5925143   3357      693.40
5925949   3357      570.89
5929492   3357      649.20
5935536   3357     1301.54
5938630   3357     1079.67
5938995   3357      649.20
6044716   3357      649.20
6125595   3357      873.79
6127630   3357      958.26
6238388   3357      793.50
6394853   3357      738.20
64800     3357      828.14
6537141   3357      826.47
6573443   3357     1073.68
6573855   3357      741.40
6573893   3357      605.20
6575243   3357      605.20
6575301   3357      649.20
6584406   3357      826.47
6602322   3357      605.20
6634354   3357      649.20
6689708   3357      649.20
6690236   3357      649.20
6701343   3357      649.20
6701344   3357     1091.70
6701453   3357      649.20
673822    3357      826.47
6841910   3357      605.20
7076647   3357      649.20
7211860   3357      693.40
7240399   3357      649.20
7300376   3357      907.37
7301470   3357      826.47
7305494   3357      829.36
7305781   3357      826.47
7308623   3357      970.75
7309317   3357      605.20
7309375   3357      605.20
7310425   3357      741.40
7310959   3357      829.36
7311233   3357      885.27
7311255   3357     1071.69
7312149   3357     1042.51
7313189   3357      826.47
7314050   3357      977.66
7314987   3357      741.40
7315048   3357      693.40
7315058   3357     1002.80
7315331   3357      649.20
7316059   3357      741.40
7316139   3357      693.40
7316607   3357     1131.09
7316959   3357      827.92
7317744   3357      826.47
7318041   3357      903.06
7319649   3357      693.40
7321787   3357      605.20
7322304   3357      605.20
7322780   3357      605.20
7322794   3357     1166.54
7324725   3357      827.92
7325664   3357      821.72
7325721   3357      829.36
7325722   3357     1205.15
7325778   3357      570.89
7328421   3357      605.20
7330948   3357      649.20
7331943   3357     1517.61
7332202   3357     1031.50
7332734   3357      829.36
7333145   3357     1287.50
7333526   3357     1031.50
7335642   3357      649.20
7337422   3357      811.82
7337778   3357      605.20
7338055   3357      741.40
7340200   3357      826.47
7340742   3357      879.03
7340989   3357      970.82
7342107   3357      605.20
7342680   3357      829.36
7343605   3357      605.20
7344290   3357      605.20
7344465   3357      605.20
7347856   3357      829.36
7348137   3357      605.20
7348986   3357     1052.98
7349428   3357      793.50
7349843   3357      605.20
7350162   3357      849.03
7350273   3357      605.20
7351297   3357      714.49
7352317   3357      605.20
7353377   3357      649.20
7354064   3357      605.20
7354848   3357      570.89
7355928   3357      826.47
7359478   3357      693.40
7360346   3357      605.20
7360517   3357      649.20
7363171   3357      791.25
7363652   3357      649.20
7365166   3357     1038.24
7365545   3357      605.20
7367276   3357      605.20
7368710   3357      605.20
7369018   3357      649.20
7371154   3357      649.20
7372156   3357      605.20
7372973   3357      922.37
7373089   3357      605.20
7373215   3357      741.40
7374243   3357      924.20
7374616   3357      829.36
7377030   3357      605.20
7377579   3357      649.20
7379256   3357      605.20
7380616   3357      605.20
7381553   3357      649.20
7382148   3357      914.56
7382532   3357      605.20
7384964   3357      649.20
7387544   3357      649.20
7388038   3357      605.20
7388080   3357      649.20
7388125   3357      693.40
7388199   3357      924.20
7389581   3357      649.20
7391472   3357      605.20
7392153   3357      693.40
7393061   3357      605.20
7393144   3357      605.20
7395742   3357      570.84
7396051   3357      649.20
7398038   3357      735.62
7400031   3357      649.20
7401094   3357      649.20
7401380   3357      984.78
7401853   3357      605.20
7403123   3357      605.20
7403188   3357      605.20
7403563   3357      605.20
7406353   3357      649.20
7408531   3357      649.20
7409730   3357      605.20
7410177   3357      793.50
7412535   3357      693.40
7412738   3357      605.20
7415285   3357      793.50
7415448   3357      649.20
7416870   3357      605.20
7417289   3357      605.20
7417791   3357      649.20
7418898   3357      605.20
7418939   3357      649.20
7419340   3357      605.20
7419740   3357     1017.25
7419800   3357      649.20
7419866   3357      605.20
7420316   3357      649.20
7420429   3357      693.40
7423108   3357      693.40
7423415   3357      649.20
7423444   3357     1154.84
7425063   3357      605.20
7425430   3357      649.20
7425900   3357      605.20
7426046   3357      649.20
7427359   3357      605.20
7427520   3357      649.20
7429274   3357      649.20
7432253   3357      693.40
7434591   3357      649.20
7435158   3357      605.20
7436077   3357      605.20
7436996   3357      649.20
7437806   3357      605.20
7437808   3357      605.20
7438450   3357      649.20
7439597   3357      741.40
7439617   3357      649.20
7439629   3357      649.20
7440809   3357      621.01
7442445   3357      649.20
7444497   3357      605.20
7444651   3357      693.40
7444842   3357      649.20
7444889   3357      741.40
7445661   3357      605.20
7446382   3357      693.40
7446644   3357      649.20
7447067   3357      649.20
7447334   3357      741.40
7447992   3357      605.20
7449457   3357      605.20
7455429   3357     1089.42
7455588   3357      984.78
7461704   3357      649.20
7465820   3357      649.20
7465910   3357      649.20
7466779   3357     1230.41
7466870   3357     1160.52
7502836   3357      951.82
7548386   3357      780.86
7548420   3357      987.09
770342    3357      829.36
7917981   3357      649.20
7981510   3357     1234.04
7982728   3357      605.20
7982865   3357      693.40
7983170   3357      605.20
7984159   3357      649.20
7985605   3357      656.93
7988969   3357     1297.29
8054279   3357      897.32
8064487   3357      775.45
8069571   3357      892.70
8140450   3357      627.91
8594315   3357      649.20
8718789   3357      649.20
8734286   3357      693.40
9066082   3357      826.47
9100619   3357     1297.29
9211039   3357      605.20
9261804   3357      693.40
9317884   3357      693.40
9433060   3357      649.20
9540404   3357      693.40
9540845   3357      741.40
9542018   3357      693.40
9542237   3357      605.20
9543174   3357     1038.24
9543530   3357     1052.61
9544179   3357      649.20
9544345   3357      605.20
9544429   3357     1127.12
9544827   3357      693.40
9545198   3357      826.47
9545952   3357     1054.42
9546474   3357      649.20
9547148   3357     1124.68
9551389   3357      649.20
9552709   3357      898.31
9553039   3357     1616.45
9553047   3357      605.20
9553149   3357      605.20
9555077   3357      900.03
9555609   3357      605.20
9555641   3357      649.20
9557148   3357      741.40
9557803   3357      605.20
9557875   3357      605.20
9557894   3357     1044.07
9558628   3357      605.20
9560453   3357      605.20
9570736   3357     1090.70
9572755   3357      649.20
9577605   3357     1159.56
9601343   3357      649.20
9603154   3357     1084.58
9603683   3357      649.20
9603870   3357      570.89
9604166   3357      605.20
9604592   3357      793.50
9607091   3357      826.47
9608547   3357      649.20
9609337   3357      605.20
9609338   3357      649.20
9612117   3357     1298.80
9612530   3357     1217.20
9612692   3357      649.20
9614364   3357      605.20
9615563   3357      649.20
9615964   3357      649.20
9617493   3357      605.20
9620242   3357      693.40
9620248   3357      741.40
9620376   3357      649.20
9620599   3357      693.40
9620701   3357      605.20
9620720   3357      605.20
9621777   3357      649.20
9622347   3357      649.20
9624370   3357      793.50
9624596   3357      605.20
9625361   3357      649.20
9625933   3357      649.20
9626082   3357      649.20
9626215   3357      605.20
9627150   3357      693.40
9627523   3357      649.20
9627724   3357      605.20
9629963   3357      693.40
9631462   3357      693.40
9634554   3357     1186.26
9634674   3357      649.20
9636806   3357      605.20
9638320   3357      649.20
9639201   3357      605.20
9845319   3357      605.20
9846320   3357      693.40
9847068   3357      605.20
9847350   3357     1256.64
9848693   3357      988.32
9850403   3357      649.20
9851111   3357      649.20
9851993   3357     1166.43
