10107724  0357   116306.55
10120357  0357   142411.33
10121866  0357   253966.73
10125466  0357    88729.75
10126656  0357    94940.88
10141786  0357   101586.69
10312414  0357    88729.75
10373550  0357   189881.77
10639752  0357    88729.75
10726693  0357    94940.88
10760806  0357    88729.75
10764554  0357   101586.69
10770124  0357    94940.88
10772668  0357    88729.75
10774121  0357   101586.69
10775520  0357   177459.50
10776516  0357   116306.55
10776915  0357    88729.75
10777645  0357   142411.33
10778464  0357    88729.75
10779723  0357    94940.88
10784623  0357    94940.88
10820078  0357   101586.69
10840266  0357    94940.88
10841061  0357    88729.75
10841823  0357   116306.55
10842205  0357    94940.88
10843324  0357   237352.21
10844947  0357   237352.21
10845717  0357    88729.75
10845943  0357   116306.55
10846532  0357   101586.69
10846629  0357    94940.88
10846940  0357   189881.77
10846985  0357    94940.88
10847648  0357    88729.75
10848158  0357   108697.82
10849906  0357    94940.88
10860593  0357    94940.88
10959957  0357    94940.88
10960021  0357    94940.88
10963442  0357   101586.69
10963957  0357   101586.69
1108218   0357    88729.75
1112379   0357    94940.88
1115136   0357    94940.88
11163187  0357    88729.75
11177533  0357    88729.75
11260715  0357    94940.88
11261772  0357   116306.55
11262378  0357    94940.88
11263756  0357    88729.75
11264465  0357    94940.88
11264550  0357   101586.69
11265496  0357    94940.88
11265527  0357   101586.69
11266390  0357   189881.77
11267932  0357   177459.50
11269196  0357   108697.82
1129535   0357   101586.69
11414487  0357   101586.69
11425214  0357    94940.88
11425449  0357    94940.88
11426462  0357    88729.75
11428034  0357    88729.75
11428889  0357   237352.21
11429539  0357   203173.38
11429792  0357    88729.75
11429991  0357   142411.33
11430700  0357    94940.88
11433167  0357    94940.88
11433865  0357   189881.77
11433968  0357    94940.88
11434350  0357    94940.88
11546168  0357    88729.75
11584952  0357    94940.88
11586448  0357   101586.69
11594236  0357   116306.55
11594524  0357    88729.75
11596252  0357    94940.88
11598121  0357   101586.69
11633896  0357    88729.75
11645810  0357    94940.88
11651035  0357    94940.88
11651090  0357    94940.88
11652405  0357    94940.88
11653864  0357    94940.88
11694358  0357    94940.88
11694758  0357    94940.88
11695394  0357   177459.50
11749469  0357    94940.88
11783201  0357   101586.69
11783366  0357   116306.55
11784637  0357    88729.75
11786325  0357   116306.55
11786432  0357    88729.75
11787653  0357   189881.77
11790273  0357    94940.88
11790818  0357   142411.33
11791177  0357    94940.88
11792127  0357    94940.88
11792506  0357    94940.88
11792846  0357    75952.71
11878930  0357    94940.88
11879419  0357   101586.69
11879750  0357   116306.55
11881668  0357   221824.38
11881669  0357    88729.75
11882080  0357    88729.75
11883300  0357   189881.77
12018571  0357   133094.63
12018729  0357    88729.75
12019816  0357    88729.75
12020535  0357   108697.82
12021559  0357   101586.69
12021966  0357   116306.55
12023306  0357   108697.82
12023981  0357   142411.33
12024178  0357    94940.88
12024179  0357    94940.88
12025294  0357   142411.33
12025491  0357    88729.75
12027093  0357    94940.88
12027260  0357    94940.88
12027527  0357    88729.75
12027973  0357   101586.69
12080554  0357    94940.88
12241212  0357   133094.63
12242270  0357    94940.88
12243077  0357    88729.75
12244707  0357    88729.75
12247738  0357   142411.33
12248400  0357   237352.21
12248755  0357   101586.69
12248784  0357   203173.38
12248960  0357    94940.88
12249178  0357   116306.55
12314254  0357   271744.55
12369466  0357    94940.88
12370670  0357   108697.82
1239070   0357    88729.75
12434895  0357    94940.88
12435304  0357    94940.88
12435757  0357   133094.63
12435759  0357   237352.21
12527456  0357    88729.75
12534356  0357    94940.88
12536172  0357    94940.88
12536549  0357   108697.82
1257983   0357   101586.69
1258658   0357    94940.88
1262953   0357    94940.88
1263302   0357    88729.75
1263303   0357    94940.88
12638103  0357   116306.55
1265436   0357    94940.88
1266723   0357    70983.80
12691465  0357    94940.88
1269356   0357   203173.38
12698409  0357    88729.75
12698965  0357    88729.75
12701276  0357   116306.55
12701301  0357   221824.38
12702273  0357    88729.75
12704473  0357   101586.69
12704482  0357   203173.38
12704649  0357    94940.88
12704927  0357    94940.88
12705860  0357    94940.88
12706171  0357    94940.88
12706774  0357   203173.38
12707136  0357    94940.88
1272390   0357    88729.75
1273369   0357    94940.88
1277938   0357    88729.75
1278407   0357    94940.88
12848719  0357    94940.88
12849330  0357   108697.82
12851330  0357    94940.88
12852888  0357    94940.88
12858616  0357   174459.83
12878256  0357    94940.88
12884972  0357    94940.88
12934142  0357    88729.75
12934525  0357    88729.75
12935305  0357    94940.88
12935606  0357    94940.88
13032012  0357   221824.38
13032033  0357    94940.88
13034237  0357    94940.88
13035222  0357   116306.55
13084488  0357    88729.75
13084886  0357    88729.75
13179920  0357    88729.75
13180551  0357    94940.88
1318484   0357    88729.75
13187744  0357   189881.77
13187816  0357   142411.33
13188137  0357    88729.75
13188604  0357   133094.63
13264411  0357    94940.88
13265462  0357    88729.75
13265946  0357   174459.83
13266369  0357   108697.82
13268000  0357   177459.50
13268185  0357   177459.50
13268352  0357    94940.88
13268457  0357    88729.75
13268537  0357   142411.33
13343258  0357    88729.75
13510172  0357    88729.75
13519440  0357    88729.75
13566631  0357   116306.55
13643981  0357   177459.50
13644051  0357    94940.88
13644555  0357   221824.38
13644665  0357    94940.88
13644680  0357   253966.73
13652653  0357    88729.75
13679940  0357    94940.88
13774187  0357    88729.75
13775452  0357    88729.75
13775808  0357    88729.75
13777181  0357   133094.63
13785046  0357    88729.75
13785661  0357    94940.88
13785997  0357    88729.75
13787208  0357    94940.88
13787741  0357    88729.75
13842354  0357    94940.88
13843775  0357    94940.88
13856268  0357    94940.88
13867427  0357   142411.33
13868652  0357    94940.88
13880177  0357    94940.88
13880981  0357    94940.88
13905892  0357    88729.75
13986119  0357    94940.88
14030527  0357    88729.75
14031497  0357   237352.21
14093727  0357   142411.33
14094806  0357   101586.69
14143188  0357    88729.75
14159223  0357   177459.50
14176671  0357    94940.88
14270811  0357   221824.38
14293118  0357   142411.33
1431183   0357    94940.88
14335445  0357    88729.75
14335539  0357    94940.88
14372299  0357   101586.69
14372545  0357    88729.75
14372818  0357   189881.77
14376347  0357    94940.88
14405196  0357    94940.88
14513487  0357    88729.75
14590375  0357    88729.75
14607589  0357   133094.63
14648947  0357    94940.88
14649126  0357    88729.75
14825867  0357   237352.21
14877620  0357   116306.55
14877805  0357   101586.69
14877859  0357   108697.82
14879704  0357   221824.38
14880972  0357   189881.77
15056332  0357   101586.69
15170350  0357    88729.75
15177867  0357   177459.50
15229138  0357    94940.88
15306996  0357    88729.75
15351139  0357    94940.88
15352095  0357    94940.88
15426228  0357    94940.88
15444190  0357    94940.88
15444945  0357    94940.88
15448608  0357    94940.88
15597541  0357    88729.75
15598319  0357    94940.88
15598933  0357    88729.75
15599928  0357   174459.83
15599929  0357   189881.77
15667613  0357   177459.50
15668151  0357   189881.77
15668851  0357    88729.75
15673218  0357    94940.88
15690244  0357    88729.75
15729233  0357   142411.33
15729536  0357   221824.38
15885754  0357    88729.75
15886521  0357    94940.88
15959808  0357    88729.75
15961650  0357    88729.75
16001576  0357    88729.75
16138119  0357   142411.33
16278235  0357    94940.88
1631390   0357    93045.24
16385667  0357    88729.75
16387437  0357   189881.77
16387793  0357   189881.77
16594051  0357    88729.75
16641426  0357    88729.75
16736267  0357    94940.88
16750794  0357    94940.88
16770549  0357    94940.88
17012587  0357   237352.21
17019549  0357    94940.88
17033256  0357    88729.75
17104709  0357    94940.88
17132368  0357    88729.75
17306742  0357    88729.75
17356955  0357    94940.88
1737075   0357    88729.75
17379215  0357   133094.63
17380736  0357    88729.75
17505354  0357    88729.75
17572385  0357   189881.77
17574055  0357    88729.75
17626132  0357   177459.50
1763812   0357    94940.88
1764349   0357    88729.75
1765295   0357   177459.50
1769938   0357    88729.75
17727438  0357    94940.88
17727473  0357    88729.75
17859806  0357    88729.75
17859921  0357   177459.50
17872590  0357    94940.88
17942640  0357    94940.88
18054647  0357    94940.88
18058393  0357    88729.75
18059918  0357    94940.88
18104818  0357    94940.88
18263756  0357    94940.88
18332702  0357    94940.88
18332814  0357    94940.88
18421508  0357    88729.75
18421512  0357   133094.63
18422439  0357   189881.77
18438218  0357    88729.75
18438766  0357    88729.75
18618969  0357    88729.75
18655916  0357    94940.88
18656459  0357   142411.33
18785684  0357    88729.75
18923581  0357    88729.75
18928116  0357    88729.75
18950730  0357    88729.75
18998089  0357   177459.50
1906129   0357    94940.88
19262723  0357    94940.88
19324610  0357   189881.77
19348247  0357    94940.88
19355607  0357    88729.75
19431369  0357    94940.88
19640869  0357   177459.50
19697516  0357    88729.75
19745610  0357    88729.75
19827450  0357    94940.88
19850185  0357    88729.75
19973112  0357    94940.88
20015159  0357    94940.88
20015405  0357    88729.75
20046577  0357   189881.77
20046584  0357   177459.50
20075289  0357   189881.77
20189202  0357   108697.82
20235584  0357   177459.50
2030572   0357    88729.75
2033664   0357   116306.55
20348834  0357   133094.63
20542804  0357    88729.75
2101693   0357   101586.69
21140944  0357   142411.33
21244218  0357    88729.75
2130876   0357    88729.75
21505687  0357   221824.38
2157417   0357   290766.38
2186056   0357    88729.75
2189077   0357    88729.75
2196831   0357    88729.75
2198274   0357   101586.69
2198799   0357    88729.75
22326349  0357    88729.75
2272067   0357    88729.75
23156662  0357    94940.88
23573778  0357    88729.75
2376223   0357   116306.55
2380275   0357   101586.69
2384661   0357    94940.88
23851459  0357    88729.75
2529886   0357    94940.88
2532585   0357    88729.75
2533320   0357    88729.75
2534786   0357    75952.71
2535843   0357   101586.69
2536795   0357    94940.88
2539943   0357    88729.75
2541142   0357    94940.88
2541439   0357   116306.55
2541709   0357    94940.88
2543654   0357    94940.88
2543813   0357    94940.88
2543932   0357    88729.75
2592064   0357   101586.69
2592966   0357   101586.69
2593377   0357    94940.88
2593686   0357    88729.75
2596405   0357    94940.88
2598033   0357    94940.88
2598733   0357   101586.69
2598872   0357    88729.75
2601437   0357    94940.88
2603046   0357    94940.88
2605164   0357    94940.88
2605823   0357    70983.80
2607322   0357    94940.88
2608233   0357    94940.88
2608304   0357    88729.75
2608554   0357    94940.88
2684589   0357    94940.88
26945442  0357    88729.75
2854705   0357    88729.75
2870837   0357    88729.75
2910376   0357    88729.75
2910432   0357    88729.75
2912407   0357    88729.75
2912692   0357   116306.55
2913757   0357    88729.75
2913809   0357    88729.75
2915293   0357    88729.75
2915714   0357    94940.88
2916362   0357    94940.88
2916467   0357    88729.75
2916786   0357    88729.75
2918280   0357   237352.21
2992913   0357    88729.75
3035349   0357    94940.88
3080057   0357   174459.83
3080311   0357    94940.88
3080984   0357    94940.88
3081351   0357    94940.88
3082505   0357    88729.75
3083065   0357    88729.75
3083457   0357    88729.75
3083843   0357    88729.75
3084868   0357    94940.88
3084978   0357    88729.75
3085009   0357    88729.75
3085276   0357   108697.82
3090485   0357    94940.88
3156003   0357    88729.75
3234299   0357   108697.82
3245420   0357    94940.88
3314884   0357    70983.80
3315121   0357    88729.75
3315781   0357    88729.75
3317339   0357    88729.75
3318589   0357    94940.88
3318694   0357   108697.82
3318719   0357    94940.88
3320986   0357    94940.88
3322128   0357    94940.88
3322284   0357    88729.75
3324084   0357    94940.88
3324110   0357   116306.55
3329806   0357    94940.88
3353242   0357    88729.75
3528540   0357    94940.88
3533360   0357   108697.82
3535445   0357    88729.75
3535838   0357    88729.75
3538837   0357    94940.88
3539352   0357    94940.88
3541739   0357    94940.88
3541975   0357    70983.80
3542004   0357   101586.69
3542015   0357    70983.80
3554092   0357   101586.69
3593839   0357    88729.75
3598528   0357    94940.88
3710064   0357    88729.75
3759377   0357    88729.75
3784066   0357    88729.75
3784441   0357   101586.69
3785251   0357    94940.88
3792247   0357    94940.88
3830110   0357    88729.75
3855157   0357    70983.80
3855577   0357    94940.88
3856978   0357    88729.75
3857004   0357    88729.75
3857220   0357    94940.88
3857667   0357    88729.75
3857878   0357   101586.69
3858323   0357   189881.77
3858856   0357   101586.69
3859230   0357   142411.33
3864991   0357   116306.55
3875055   0357    94940.88
3877925   0357   203173.38
3878006   0357    88729.75
3963688   0357    94940.88
3964093   0357    94940.88
3965704   0357    88729.75
3969513   0357    88729.75
4001934   0357   101586.69
4064149   0357    86958.26
4065177   0357    88729.75
4065584   0357    94940.88
4065648   0357    88729.75
4066245   0357    88729.75
4067118   0357    94940.88
4067795   0357    94940.88
4068788   0357    88729.75
4071074   0357   116306.55
4071241   0357    88729.75
4107436   0357    88729.75
4191539   0357    88729.75
4193094   0357   253966.73
4194671   0357    94940.88
4195654   0357    88729.75
4199927   0357    70983.80
4200911   0357    88729.75
4238916   0357    88729.75
430240    0357    88729.75
4317775   0357   101586.69
4373204   0357   101586.69
4373479   0357    88729.75
4375498   0357   116306.55
4375998   0357   108697.82
4376813   0357    88729.75
4377201   0357   101586.69
4378140   0357    88729.75
4378236   0357    88729.75
4378283   0357    88729.75
4378759   0357   101586.69
4379154   0357    88729.75
4381614   0357    88729.75
4382400   0357   142411.33
4383023   0357   101586.69
4383200   0357    88729.75
4385047   0357    94940.88
4386936   0357   108697.82
4387777   0357   221824.38
4409485   0357   101586.69
4409788   0357    88729.75
4409789   0357   177459.50
4414417   0357    88729.75
4414541   0357   101586.69
4414909   0357    94940.88
4415675   0357    88729.75
443869    0357    94940.88
4609506   0357   101586.69
4610129   0357    88729.75
4720170   0357   133094.63
4720923   0357    94940.88
4721016   0357    88729.75
4721639   0357    88729.75
4722680   0357    88729.75
4722814   0357    75952.71
4723168   0357    88729.75
4723403   0357    88729.75
4724433   0357    94940.88
4727740   0357    88729.75
4728331   0357    88729.75
4729448   0357    70983.80
4730168   0357   101586.69
4730490   0357    88729.75
4730823   0357   116306.55
4731322   0357   101586.69
4731494   0357   101586.69
4732090   0357    88729.75
4732618   0357    88729.75
4734527   0357    88729.75
4734940   0357    88729.75
4735505   0357    88729.75
4738424   0357    94940.88
4739546   0357    94940.88
4739796   0357   101586.69
4754833   0357   101586.69
4803744   0357   101586.69
4805842   0357    94940.88
4827213   0357    94940.88
4853128   0357    75952.71
4882144   0357    70983.80
5017295   0357    88729.75
5022967   0357   101586.69
5237805   0357    94940.88
5238236   0357    88729.75
5239261   0357   116306.55
5240821   0357    88729.75
5242545   0357   116306.55
5244302   0357    88729.75
5244483   0357    88729.75
5244484   0357   101586.69
5244765   0357    88729.75
5245261   0357   101586.69
5248926   0357    88729.75
5248954   0357    88729.75
5249259   0357    75952.71
5249817   0357   101586.69
5250965   0357    94940.88
5251153   0357    94940.88
5251214   0357   101586.69
5252606   0357   203173.38
5253930   0357    88729.75
5254613   0357    88729.75
5254952   0357    88729.75
5255641   0357   101586.69
5257069   0357    88729.75
5257175   0357    94940.88
5257421   0357   108697.82
5257727   0357   237352.21
5257774   0357    94940.88
5259121   0357    88729.75
5259785   0357    88729.75
5261116   0357    88729.75
5261139   0357    94940.88
5261250   0357    88729.75
5261418   0357    88729.75
5261643   0357    88729.75
5263470   0357   108697.82
5344986   0357    88729.75
5435450   0357    88729.75
5436619   0357   101586.69
5436795   0357    70983.80
5438690   0357    88729.75
5439480   0357    94940.88
5439865   0357   217395.64
5458236   0357    88729.75
5461455   0357    94940.88
5605414   0357   189881.77
5658043   0357    94940.88
5688352   0357    94940.88
5765952   0357    94940.88
5779173   0357    94940.88
5915261   0357    94940.88
5921128   0357    94940.88
5921800   0357    88729.75
5923624   0357   101586.69
5925143   0357   101586.69
5925949   0357    70983.80
5929492   0357    94940.88
5935536   0357   253966.73
5938630   0357    94940.88
5938995   0357    94940.88
6044716   0357   142411.33
6125595   0357   221824.38
6127630   0357    88729.75
6238388   0357   116306.55
6394853   0357    70983.80
6537141   0357    88729.75
6573443   0357    94940.88
6573855   0357   108697.82
6573893   0357    88729.75
6575243   0357    88729.75
6575301   0357    94940.88
6584406   0357   221824.38
6602322   0357    88729.75
6689708   0357    94940.88
6690236   0357    94940.88
6701343   0357    94940.88
6701344   0357    94940.88
6701453   0357    94940.88
673822    0357    88729.75
6841910   0357    88729.75
7211860   0357    81269.35
7240399   0357    94940.88
7300376   0357    88729.75
7301470   0357    88729.75
7305494   0357    94940.88
7305781   0357    88729.75
7309317   0357    88729.75
7309375   0357    88729.75
7310425   0357   108697.82
7310959   0357    94940.88
7311233   0357    94940.88
7311255   0357    88729.75
7312149   0357    94940.88
7313189   0357    88729.75
7314050   0357    88729.75
7314987   0357   108697.82
7315048   0357   101586.69
7315058   0357   237352.21
7315331   0357    94940.88
7316059   0357   108697.82
7316139   0357   101586.69
7316607   0357   116306.55
7316959   0357   203173.38
7317744   0357   177459.50
7318041   0357    94940.88
7319649   0357   203173.38
7321787   0357   108697.82
7322304   0357    88729.75
7322780   0357    88729.75
7322794   0357    88729.75
7324725   0357   101586.69
7325664   0357    70983.80
7325721   0357    94940.88
7325722   0357    94940.88
7325778   0357    70983.80
7328421   0357    88729.75
7330948   0357    94940.88
7331943   0357    88729.75
7332202   0357    88729.75
7332734   0357   142411.33
7333145   0357   101586.69
7333526   0357   177459.50
7335642   0357   108697.82
7337422   0357    75952.71
7337778   0357    88729.75
7338055   0357   108697.82
7340200   0357    88729.75
7340742   0357    94940.88
7340989   0357    88729.75
7342107   0357    88729.75
7342680   0357    94940.88
7343605   0357    88729.75
7344290   0357    88729.75
7344465   0357   177459.50
7347856   0357    94940.88
7348137   0357    88729.75
7348986   0357    94940.88
7349428   0357   290766.38
7349843   0357    88729.75
7350162   0357    88729.75
7350273   0357    88729.75
7351297   0357    70983.80
7352317   0357    88729.75
7353377   0357    94940.88
7354064   0357    88729.75
7355928   0357    88729.75
7359478   0357   101586.69
7360346   0357    88729.75
7360517   0357    94940.88
7363171   0357    70983.80
7363652   0357    94940.88
7365166   0357    94940.88
7365545   0357    88729.75
7367276   0357    88729.75
7368710   0357   177459.50
7369018   0357    94940.88
7371154   0357    94940.88
7372156   0357    88729.75
7372973   0357    70983.80
7373089   0357    88729.75
7373215   0357   108697.82
7374243   0357   177459.50
7374616   0357    94940.88
7377030   0357    88729.75
7377579   0357    94940.88
7379256   0357   177459.50
7380616   0357    88729.75
7381553   0357    94940.88
7382148   0357   101586.69
7382532   0357    88729.75
7384964   0357    94940.88
7387544   0357   189881.77
7388038   0357    88729.75
7388080   0357    94940.88
7388125   0357   101586.69
7388199   0357   133094.63
7389581   0357    94940.88
7391472   0357    88729.75
7392153   0357   253966.73
7393061   0357    88729.75
7393144   0357   177459.50
7395742   0357    70983.80
7396051   0357   142411.33
7398038   0357    75952.71
7400031   0357    94940.88
7401094   0357    94940.88
7401380   0357    94940.88
7401853   0357    88729.75
7403123   0357    88729.75
7403188   0357    88729.75
7403563   0357    88729.75
7406353   0357    94940.88
7408531   0357    94940.88
7409730   0357    88729.75
7410177   0357   116306.55
7412535   0357   101586.69
7412738   0357   116306.55
7415285   0357   116306.55
7415448   0357    94940.88
7416870   0357    88729.75
7417289   0357   177459.50
7417791   0357   189881.77
7418898   0357    88729.75
7418939   0357    94940.88
7419340   0357    88729.75
7419740   0357    88729.75
7419800   0357   116306.55
7419866   0357   221824.38
7420316   0357    94940.88
7423108   0357   101586.69
7423415   0357    94940.88
7423444   0357    94940.88
7425063   0357    88729.75
7425430   0357    94940.88
7425900   0357    88729.75
7426046   0357    94940.88
7427359   0357    88729.75
7427520   0357    94940.88
7429274   0357    94940.88
7432253   0357   101586.69
7434591   0357   237352.21
7435158   0357   221824.38
7436077   0357   177459.50
7436996   0357    94940.88
7437806   0357    88729.75
7437808   0357    88729.75
7438450   0357    94940.88
7439597   0357   217395.64
7439617   0357    94940.88
7439629   0357    94940.88
7440809   0357    70983.80
7442445   0357    94940.88
7444497   0357   133094.63
7444651   0357   101586.69
7444842   0357    94940.88
7444889   0357   217395.64
7445661   0357    88729.75
7446644   0357    94940.88
7447067   0357   237352.21
7447334   0357   108697.82
7447992   0357    88729.75
7449457   0357    88729.75
7455429   0357    94940.88
7455588   0357    94940.88
7461704   0357    94940.88
7465820   0357   237352.21
7465910   0357    94940.88
7466779   0357   116306.55
7466870   0357    94940.88
7502836   0357   101586.69
7548386   0357    70983.80
770342    0357    94940.88
7917981   0357    94940.88
7981510   0357   101586.69
7982728   0357    70983.80
7982865   0357   101586.69
7983170   0357    88729.75
7984159   0357    94940.88
7985605   0357    75952.71
7988969   0357    94940.88
8054279   0357    88729.75
8064487   0357   151905.41
8140450   0357    70983.80
8594315   0357    75952.71
8718789   0357   151905.41
8734286   0357   101586.69
9066082   0357    88729.75
9100619   0357    94940.88
9261804   0357   101586.69
9317884   0357   203173.38
9433060   0357    94940.88
9540404   0357   101586.69
9540845   0357   163046.73
9542018   0357   253966.73
9542237   0357    88729.75
9543174   0357    94940.88
9543530   0357   101586.69
9544179   0357    94940.88
9544345   0357    88729.75
9544429   0357   101586.69
9544827   0357   101586.69
9545198   0357    88729.75
9545952   0357    88729.75
9546474   0357    94940.88
9547148   0357    88729.75
9551389   0357    94940.88
9552709   0357    70983.80
9553039   0357    94940.88
9553047   0357    88729.75
9553149   0357    88729.75
9555077   0357   108697.82
9555609   0357    94940.88
9555641   0357    94940.88
9557148   0357   217395.64
9557803   0357    88729.75
9557875   0357    88729.75
9557894   0357    88729.75
9558628   0357    88729.75
9560453   0357    88729.75
9570736   0357    94940.88
9572755   0357    94940.88
9577605   0357    94940.88
9601343   0357   237352.21
9603154   0357    88729.75
9603683   0357   101586.69
9603870   0357    70983.80
9604166   0357    88729.75
9604592   0357   174459.83
9607091   0357    88729.75
9608547   0357    94940.88
9609337   0357   221824.38
9609338   0357   189881.77
9612117   0357    81269.35
9612692   0357    94940.88
9614364   0357   203173.38
9615563   0357    94940.88
9615964   0357    94940.88
9617493   0357    88729.75
9620242   0357   203173.38
9620248   0357   217395.64
9620376   0357    94940.88
9620599   0357   101586.69
9620701   0357    88729.75
9620720   0357    88729.75
9622347   0357   108697.82
9624370   0357   116306.55
9624596   0357    88729.75
9625361   0357    94940.88
9625933   0357   189881.77
9626215   0357    88729.75
9627150   0357   253966.73
9627523   0357   189881.77
9627724   0357    88729.75
9629963   0357   101586.69
9631462   0357   101586.69
9634554   0357    94940.88
9634674   0357    94940.88
9636806   0357    88729.75
9638320   0357    94940.88
9639201   0357    88729.75
9845319   0357    88729.75
9846320   0357   101586.69
9847068   0357    88729.75
9847350   0357    94940.88
9848693   0357    88729.75
9850403   0357    94940.88
9851111   0357    94940.88
9851993   0357    94940.88
10107724  3357   116306.55
10120357  3357    94940.88
10121866  3357   101586.69
10125466  3357    88729.75
10126656  3357    94940.88
10141786  3357   101586.69
10312414  3357    88729.75
10373550  3357    94940.88
10639752  3357    88729.75
10726693  3357    94940.88
10760806  3357    88729.75
10764554  3357   101586.69
10770124  3357    94940.88
10772668  3357    88729.75
10774121  3357   101586.69
10775520  3357    88729.75
10776516  3357   116306.55
10776915  3357    88729.75
10777645  3357    94940.88
10778464  3357    88729.75
10779723  3357    94940.88
10784623  3357    94940.88
10820078  3357   101586.69
10840266  3357    94940.88
10841061  3357    88729.75
10841823  3357   116306.55
10842205  3357    94940.88
10843324  3357    94940.88
10844947  3357    94940.88
10845717  3357    88729.75
10845943  3357   116306.55
10846532  3357   101586.69
10846629  3357    94940.88
10846940  3357    94940.88
10846985  3357    94940.88
10847648  3357    88729.75
10848158  3357   108697.82
10849906  3357    94940.88
10860593  3357    94940.88
10959957  3357    94940.88
10960021  3357    94940.88
10963442  3357   101586.69
10963957  3357   101586.69
1108218   3357    88729.75
1112379   3357    94940.88
1115136   3357    94940.88
11163187  3357    88729.75
11177533  3357    88729.75
11260715  3357    94940.88
11261772  3357   116306.55
11262378  3357    94940.88
11263756  3357    88729.75
11264465  3357    94940.88
11264550  3357   101586.69
11265496  3357    94940.88
11265527  3357   101586.69
11266390  3357    94940.88
11267932  3357    88729.75
11269196  3357   108697.82
1129535   3357   101586.69
11414487  3357   101586.69
11425214  3357    94940.88
11425449  3357    94940.88
11426462  3357    88729.75
11428034  3357    88729.75
11428889  3357    94940.88
11429539  3357   101586.69
11429792  3357    88729.75
11429991  3357    94940.88
11430700  3357    94940.88
11433167  3357    94940.88
11433865  3357    94940.88
11433968  3357    94940.88
11434350  3357    94940.88
11546168  3357    88729.75
11584952  3357    94940.88
11586448  3357   101586.69
11594236  3357   116306.55
11594524  3357    88729.75
11596252  3357    94940.88
11598121  3357   101586.69
11633896  3357    88729.75
11645810  3357    94940.88
11651035  3357    94940.88
11651090  3357    94940.88
11652405  3357    94940.88
11653864  3357    94940.88
11694358  3357    94940.88
11694758  3357    94940.88
11695394  3357    88729.75
11749469  3357    94940.88
11783201  3357   101586.69
11783366  3357   116306.55
11784637  3357    88729.75
11786325  3357   116306.55
11786432  3357    88729.75
11787653  3357    94940.88
11790273  3357    94940.88
11790818  3357    94940.88
11791177  3357    94940.88
11792127  3357    94940.88
11792506  3357    94940.88
11792846  3357    75952.71
11878930  3357    94940.88
11879419  3357   101586.69
11879750  3357   116306.55
11881668  3357    88729.75
11881669  3357    88729.75
11882080  3357    88729.75
11883300  3357    94940.88
12018571  3357    88729.75
12018729  3357    88729.75
12019816  3357    88729.75
12020535  3357   108697.82
12021559  3357   101586.69
12021966  3357   116306.55
12023306  3357   108697.82
12023981  3357    94940.88
12024178  3357    94940.88
12024179  3357    94940.88
12025294  3357    94940.88
12025491  3357    88729.75
12027093  3357    94940.88
12027260  3357    94940.88
12027527  3357    88729.75
12027973  3357   101586.69
12080554  3357    94940.88
12241212  3357    88729.75
12242270  3357    94940.88
12243077  3357    88729.75
12244707  3357    88729.75
12247738  3357    94940.88
12248400  3357    94940.88
12248755  3357   101586.69
12248784  3357   101586.69
12248960  3357    94940.88
12249178  3357   116306.55
12314254  3357   108697.82
12369466  3357    94940.88
12370670  3357   108697.82
1239070   3357    88729.75
12434895  3357    94940.88
12435304  3357    94940.88
12435757  3357    88729.75
12435759  3357    94940.88
12527456  3357    88729.75
12534356  3357    94940.88
12536172  3357    94940.88
12536549  3357   108697.82
1257983   3357   101586.69
1258658   3357    94940.88
1262953   3357    94940.88
1263302   3357    88729.75
1263303   3357    94940.88
12638103  3357   116306.55
1265436   3357    94940.88
1266723   3357    70983.80
12691465  3357    94940.88
1269356   3357   101586.69
12698409  3357    88729.75
12698965  3357    88729.75
12701276  3357   116306.55
12701301  3357    88729.75
12702273  3357    88729.75
12704473  3357   101586.69
12704482  3357   101586.69
12704649  3357    94940.88
12704927  3357    94940.88
12705860  3357    94940.88
12706171  3357    94940.88
12706774  3357   101586.69
12707136  3357    94940.88
1272390   3357    88729.75
1273369   3357    94940.88
1277938   3357    88729.75
1278407   3357    94940.88
12848719  3357    94940.88
12849330  3357   108697.82
12851330  3357    94940.88
12852888  3357    94940.88
12858616  3357   116306.55
12878256  3357    94940.88
12884972  3357    94940.88
12934142  3357    88729.75
12934525  3357    88729.75
12935305  3357    94940.88
12935606  3357    94940.88
13032012  3357    88729.75
13032033  3357    94940.88
13034237  3357    94940.88
13035222  3357   116306.55
13084488  3357    88729.75
13084886  3357    88729.75
13179920  3357    88729.75
13180551  3357    94940.88
1318484   3357    88729.75
13187744  3357    94940.88
13187816  3357    94940.88
13188137  3357    88729.75
13188604  3357    88729.75
13264411  3357    94940.88
13265462  3357    88729.75
13265946  3357   116306.55
13266369  3357   108697.82
13268000  3357    88729.75
13268185  3357    88729.75
13268352  3357    94940.88
13268457  3357    88729.75
13268537  3357    94940.88
13343258  3357    88729.75
13510172  3357    88729.75
13519440  3357    88729.75
13566631  3357   116306.55
13643981  3357    88729.75
13644051  3357    94940.88
13644555  3357    88729.75
13644665  3357    94940.88
13644680  3357   101586.69
13652653  3357    88729.75
13679940  3357    94940.88
13774187  3357    88729.75
13775452  3357    88729.75
13775808  3357    88729.75
13777181  3357    88729.75
13785046  3357    88729.75
13785661  3357    94940.88
13785997  3357    88729.75
13787208  3357    94940.88
13787741  3357    88729.75
13842354  3357    94940.88
13843775  3357    94940.88
13856268  3357    94940.88
13867427  3357    94940.88
13868652  3357    94940.88
13880177  3357    94940.88
13880981  3357    94940.88
13905892  3357    88729.75
13986119  3357    94940.88
14030527  3357    88729.75
14031497  3357    94940.88
14093727  3357    94940.88
14094806  3357   101586.69
14143188  3357    88729.75
14159223  3357    88729.75
14176671  3357    94940.88
14270811  3357    88729.75
14293118  3357    94940.88
1431183   3357    94940.88
14335445  3357    88729.75
14335539  3357    94940.88
14372299  3357   101586.69
14372545  3357    88729.75
14372818  3357    75952.71
14376347  3357    94940.88
14405196  3357    94940.88
14513487  3357    88729.75
14590375  3357    88729.75
14607589  3357    88729.75
14648947  3357    94940.88
14649126  3357    88729.75
14825867  3357    94940.88
14877620  3357   116306.55
14877805  3357   101586.69
14877859  3357   108697.82
14879704  3357    88729.75
14880972  3357    94940.88
15056332  3357   101586.69
15170350  3357    88729.75
15177867  3357    88729.75
15229138  3357    94940.88
15306996  3357    88729.75
15351139  3357    94940.88
15352095  3357    94940.88
15426228  3357    94940.88
15444190  3357    94940.88
15444945  3357    94940.88
15448608  3357    94940.88
15597541  3357    88729.75
15598319  3357    94940.88
15598933  3357    88729.75
15599928  3357   116306.55
15599929  3357    94940.88
15667613  3357    88729.75
15668151  3357    94940.88
15668851  3357    88729.75
15673218  3357    94940.88
15690244  3357    88729.75
15729233  3357    94940.88
15729536  3357    88729.75
15885754  3357    88729.75
15886521  3357    94940.88
15959808  3357    88729.75
15961650  3357    88729.75
16001576  3357    88729.75
16138119  3357    94940.88
16278235  3357    94940.88
1631390   3357    93045.24
16385667  3357    88729.75
16387437  3357    94940.88
16387793  3357    94940.88
16594051  3357    88729.75
16641426  3357    88729.75
16736267  3357    94940.88
16750794  3357    94940.88
16770549  3357    94940.88
17012587  3357    94940.88
17019549  3357    94940.88
17033256  3357    88729.75
17104709  3357    94940.88
17132368  3357    88729.75
17306742  3357    88729.75
17356955  3357    94940.88
1737075   3357    88729.75
17379215  3357    88729.75
17380736  3357    88729.75
17505354  3357    88729.75
17572385  3357    94940.88
17574055  3357    88729.75
17626132  3357    88729.75
1763812   3357    94940.88
1764349   3357    88729.75
1765295   3357    88729.75
1769938   3357    88729.75
17727438  3357    94940.88
17727473  3357    88729.75
17859806  3357    88729.75
17859921  3357    88729.75
17872590  3357    94940.88
17942640  3357    94940.88
18054647  3357    94940.88
18058393  3357    88729.75
18059918  3357    94940.88
18104818  3357    94940.88
18263756  3357    94940.88
18332702  3357    94940.88
18332814  3357    94940.88
18421508  3357    88729.75
18421512  3357    88729.75
18422439  3357    94940.88
18438218  3357    88729.75
18438766  3357    88729.75
18618969  3357    88729.75
18655916  3357    94940.88
18656459  3357    94940.88
18785684  3357    88729.75
18923581  3357    88729.75
18928116  3357    88729.75
18950730  3357    88729.75
18998089  3357    88729.75
1906129   3357    94940.88
19262723  3357    94940.88
19324610  3357    94940.88
19348247  3357    94940.88
19355607  3357    88729.75
19431369  3357    94940.88
19640869  3357    88729.75
19697516  3357    88729.75
19745610  3357    88729.75
19827450  3357    94940.88
19850185  3357    88729.75
19973112  3357    94940.88
20015159  3357    94940.88
20015405  3357    88729.75
20046577  3357    94940.88
20046584  3357    88729.75
20075289  3357    94940.88
20189202  3357   108697.82
20235584  3357    88729.75
2030572   3357    88729.75
2033664   3357   116306.55
20348834  3357    88729.75
20542804  3357    88729.75
2101693   3357   101586.69
21140944  3357    94940.88
21244218  3357    88729.75
2130876   3357    88729.75
21505687  3357    88729.75
2157417   3357   116306.55
2186056   3357    88729.75
2189077   3357    88729.75
2196831   3357    88729.75
2198274   3357   101586.69
2198799   3357    88729.75
22326349  3357    88729.75
2272067   3357    88729.75
23156662  3357    94940.88
23573778  3357    88729.75
2376223   3357   116306.55
2380275   3357   101586.69
2384661   3357    94940.88
23851459  3357    88729.75
2529886   3357    94940.88
2532585   3357    88729.75
2533320   3357    88729.75
2534786   3357    75952.71
2535843   3357   101586.69
2536795   3357    94940.88
2539943   3357    88729.75
2541142   3357    94940.88
2541439   3357   116306.55
2541709   3357    94940.88
2543654   3357    94940.88
2543813   3357    94940.88
2543932   3357    88729.75
2592064   3357   101586.69
2592966   3357   101586.69
2593377   3357    94940.88
2593686   3357    88729.75
2596405   3357    94940.88
2598033   3357    94940.88
2598733   3357   101586.69
2598872   3357    88729.75
2601437   3357    94940.88
2603046   3357    94940.88
2605164   3357    94940.88
2605823   3357    70983.80
2607322   3357    94940.88
2608233   3357    94940.88
2608304   3357    88729.75
2608554   3357    94940.88
2684589   3357    94940.88
26945442  3357    88729.75
2854705   3357    88729.75
2870837   3357    88729.75
2910376   3357    88729.75
2910432   3357    88729.75
2912407   3357    88729.75
2912692   3357   116306.55
2913757   3357    88729.75
2913809   3357    88729.75
2915293   3357    88729.75
2915714   3357    94940.88
2916362   3357    94940.88
2916467   3357    88729.75
2916786   3357    88729.75
2918280   3357    94940.88
2992913   3357    88729.75
3035349   3357    94940.88
3080057   3357   116306.55
3080311   3357    94940.88
3080984   3357    94940.88
3081351   3357    94940.88
3082505   3357    88729.75
3083065   3357    88729.75
3083457   3357    88729.75
3083843   3357    88729.75
3084868   3357    94940.88
3084978   3357    88729.75
3085009   3357    88729.75
3085276   3357   108697.82
3090485   3357    94940.88
3156003   3357    88729.75
3234299   3357   108697.82
3245420   3357    94940.88
3314884   3357    70983.80
3315121   3357    88729.75
3315781   3357    88729.75
3317339   3357    88729.75
3318589   3357    94940.88
3318694   3357   108697.82
3318719   3357    94940.88
3320986   3357    94940.88
3322128   3357    94940.88
3322284   3357    88729.75
3324084   3357    94940.88
3324110   3357   116306.55
3329806   3357    94940.88
3353242   3357    88729.75
3528540   3357    94940.88
3533360   3357   108697.82
3535445   3357    88729.75
3535838   3357    88729.75
3538837   3357    94940.88
3539352   3357    94940.88
3541739   3357    94940.88
3541975   3357    70983.80
3542004   3357   101586.69
3542015   3357    70983.80
3554092   3357   101586.69
3593839   3357    88729.75
3598528   3357    94940.88
3710064   3357    88729.75
3759377   3357    88729.75
3784066   3357    88729.75
3784441   3357   101586.69
3785251   3357    94940.88
3792247   3357    94940.88
3830110   3357    88729.75
3855157   3357    70983.80
3855577   3357    94940.88
3856978   3357    88729.75
3857004   3357    88729.75
3857220   3357    94940.88
3857667   3357    88729.75
3857878   3357   101586.69
3858323   3357    94940.88
3858856   3357   101586.69
3859230   3357    94940.88
3864991   3357   116306.55
3875055   3357    94940.88
3877925   3357   101586.69
3878006   3357    88729.75
3963688   3357    94940.88
3964093   3357    94940.88
3965704   3357    88729.75
3969513   3357    88729.75
4001934   3357   101586.69
4064149   3357    86958.26
4065177   3357    88729.75
4065584   3357    94940.88
4065648   3357    88729.75
4066245   3357    88729.75
4067118   3357    94940.88
4067795   3357    94940.88
4068788   3357    88729.75
4071074   3357   116306.55
4071241   3357    88729.75
4107436   3357    88729.75
4191539   3357    88729.75
4193094   3357   101586.69
4194671   3357    94940.88
4195654   3357    88729.75
4199927   3357    70983.80
4200911   3357    88729.75
4238916   3357    88729.75
430240    3357    88729.75
4317775   3357   101586.69
4373204   3357   101586.69
4373479   3357    88729.75
4375498   3357   116306.55
4375998   3357   108697.82
4376813   3357    88729.75
4377201   3357   101586.69
4378140   3357    88729.75
4378236   3357    88729.75
4378283   3357    88729.75
4378759   3357   101586.69
4379154   3357    88729.75
4381614   3357    88729.75
4382400   3357    94940.88
4383023   3357   101586.69
4383200   3357    88729.75
4385047   3357    94940.88
4386936   3357   108697.82
4387777   3357    88729.75
4409485   3357   101586.69
4409788   3357    88729.75
4409789   3357    88729.75
4414417   3357    88729.75
4414541   3357   101586.69
4414909   3357    94940.88
4415675   3357    88729.75
443869    3357    94940.88
4609506   3357   101586.69
4610129   3357    88729.75
4720170   3357    88729.75
4720923   3357    94940.88
4721016   3357    88729.75
4721639   3357    88729.75
4722680   3357    88729.75
4722814   3357    75952.71
4723168   3357    88729.75
4723403   3357    88729.75
4724433   3357    94940.88
4727740   3357    88729.75
4728331   3357    88729.75
4729448   3357    70983.80
4730168   3357   101586.69
4730490   3357    88729.75
4730823   3357   116306.55
4731322   3357   101586.69
4731494   3357   101586.69
4732090   3357    88729.75
4732618   3357    88729.75
4734527   3357    88729.75
4734940   3357    88729.75
4735505   3357    88729.75
4738424   3357    94940.88
4739546   3357    94940.88
4739796   3357   101586.69
4754833   3357   101586.69
4803744   3357   101586.69
4805842   3357    94940.88
4827213   3357    94940.88
4853128   3357    75952.71
4882144   3357    70983.80
5017295   3357    88729.75
5022967   3357   101586.69
5237805   3357    94940.88
5238236   3357    88729.75
5239261   3357   116306.55
5240821   3357    88729.75
5242545   3357   116306.55
5244302   3357    88729.75
5244483   3357    88729.75
5244484   3357   101586.69
5244765   3357    88729.75
5245261   3357   101586.69
5248926   3357    88729.75
5248954   3357    88729.75
5249259   3357    75952.71
5249817   3357   101586.69
5250965   3357    94940.88
5251153   3357    94940.88
5251214   3357   101586.69
5252606   3357   101586.69
5253930   3357    88729.75
5254613   3357    88729.75
5254952   3357    88729.75
5255641   3357   101586.69
5257069   3357    88729.75
5257175   3357    94940.88
5257421   3357   108697.82
5257727   3357    94940.88
5257774   3357    94940.88
5259121   3357    88729.75
5259785   3357    88729.75
5261116   3357    88729.75
5261139   3357    94940.88
5261250   3357    88729.75
5261418   3357    88729.75
5261643   3357    88729.75
5263470   3357   108697.82
5344986   3357    88729.75
5435450   3357    88729.75
5436619   3357   101586.69
5436795   3357    70983.80
5438690   3357    88729.75
5439480   3357    94940.88
5439865   3357    86958.26
5458236   3357    88729.75
5461455   3357    94940.88
5605414   3357    94940.88
5658043   3357    94940.88
5688352   3357    94940.88
5765952   3357    94940.88
5779173   3357    94940.88
5915261   3357    94940.88
5921128   3357    94940.88
5921800   3357    88729.75
5923624   3357   101586.69
5925143   3357   101586.69
5925949   3357    70983.80
5929492   3357    94940.88
5935536   3357   101586.69
5938630   3357    94940.88
5938995   3357    94940.88
6044716   3357    94940.88
6125595   3357    88729.75
6127630   3357    88729.75
6238388   3357   116306.55
6394853   3357    70983.80
6537141   3357    88729.75
6573443   3357    94940.88
6573855   3357   108697.82
6573893   3357    88729.75
6575243   3357    88729.75
6575301   3357    94940.88
6584406   3357    88729.75
6602322   3357    88729.75
6689708   3357    94940.88
6690236   3357    94940.88
6701343   3357    94940.88
6701344   3357    94940.88
6701453   3357    94940.88
673822    3357    88729.75
6841910   3357    88729.75
7211860   3357    81269.35
7240399   3357    94940.88
7300376   3357    88729.75
7301470   3357    88729.75
7305494   3357    94940.88
7305781   3357    88729.75
7309317   3357    88729.75
7309375   3357    88729.75
7310425   3357   108697.82
7310959   3357    94940.88
7311233   3357    94940.88
7311255   3357    88729.75
7312149   3357    94940.88
7313189   3357    88729.75
7314050   3357    88729.75
7314987   3357   108697.82
7315048   3357   101586.69
7315058   3357    94940.88
7315331   3357    94940.88
7316059   3357   108697.82
7316139   3357   101586.69
7316607   3357   116306.55
7316959   3357   101586.69
7317744   3357    88729.75
7318041   3357    94940.88
7319649   3357   101586.69
7321787   3357   108697.82
7322304   3357    88729.75
7322780   3357    88729.75
7322794   3357    88729.75
7324725   3357   101586.69
7325664   3357    70983.80
7325721   3357    94940.88
7325722   3357    94940.88
7325778   3357    70983.80
7328421   3357    88729.75
7330948   3357    94940.88
7331943   3357    88729.75
7332202   3357    88729.75
7332734   3357    94940.88
7333145   3357   101586.69
7333526   3357    88729.75
7335642   3357   108697.82
7337422   3357    75952.71
7337778   3357    88729.75
7338055   3357   108697.82
7340200   3357    88729.75
7340742   3357    94940.88
7340989   3357    88729.75
7342107   3357    88729.75
7342680   3357    94940.88
7343605   3357    88729.75
7344290   3357    88729.75
7344465   3357    88729.75
7347856   3357    94940.88
7348137   3357    88729.75
7348986   3357    94940.88
7349428   3357   116306.55
7349843   3357    88729.75
7350162   3357    88729.75
7350273   3357    88729.75
7351297   3357    70983.80
7352317   3357    88729.75
7353377   3357    94940.88
7354064   3357    88729.75
7355928   3357    88729.75
7359478   3357   101586.69
7360346   3357    88729.75
7360517   3357    94940.88
7363171   3357    70983.80
7363652   3357    94940.88
7365166   3357    94940.88
7365545   3357    88729.75
7367276   3357    88729.75
7368710   3357    88729.75
7369018   3357    94940.88
7371154   3357    94940.88
7372156   3357    88729.75
7372973   3357    70983.80
7373089   3357    88729.75
7373215   3357   108697.82
7374243   3357   177459.50
7374616   3357    94940.88
7377030   3357    88729.75
7377579   3357    94940.88
7379256   3357    88729.75
7380616   3357    88729.75
7381553   3357    94940.88
7382148   3357   101586.69
7382532   3357    88729.75
7384964   3357    94940.88
7387544   3357    94940.88
7388038   3357    88729.75
7388080   3357    94940.88
7388125   3357   101586.69
7388199   3357    88729.75
7389581   3357    94940.88
7391472   3357    88729.75
7392153   3357   101586.69
7393061   3357    88729.75
7393144   3357    88729.75
7395742   3357    70983.80
7396051   3357    94940.88
7398038   3357    75952.71
7400031   3357    94940.88
7401094   3357    94940.88
7401380   3357    94940.88
7401853   3357    88729.75
7403123   3357    88729.75
7403188   3357    88729.75
7403563   3357    88729.75
7406353   3357    94940.88
7408531   3357    94940.88
7409730   3357    88729.75
7410177   3357   116306.55
7412535   3357   101586.69
7412738   3357   116306.55
7415285   3357   116306.55
7415448   3357    94940.88
7416870   3357    88729.75
7417289   3357    88729.75
7417791   3357    94940.88
7418898   3357    88729.75
7418939   3357    94940.88
7419340   3357    88729.75
7419740   3357    88729.75
7419800   3357   116306.55
7419866   3357    88729.75
7420316   3357    94940.88
7423108   3357   101586.69
7423415   3357    94940.88
7423444   3357    94940.88
7425063   3357    88729.75
7425430   3357    94940.88
7425900   3357    88729.75
7426046   3357    94940.88
7427359   3357    88729.75
7427520   3357    94940.88
7429274   3357    94940.88
7432253   3357   101586.69
7434591   3357    94940.88
7435158   3357    88729.75
7436077   3357    88729.75
7436996   3357    94940.88
7437806   3357    88729.75
7437808   3357    88729.75
7438450   3357    94940.88
7439597   3357   108697.82
7439617   3357    94940.88
7439629   3357    94940.88
7440809   3357    70983.80
7442445   3357    94940.88
7444497   3357    88729.75
7444651   3357   101586.69
7444842   3357    94940.88
7444889   3357   108697.82
7445661   3357    88729.75
7446644   3357    94940.88
7447067   3357    94940.88
7447334   3357   108697.82
7447992   3357    88729.75
7449457   3357    88729.75
7455429   3357    94940.88
7455588   3357    94940.88
7461704   3357    94940.88
7465820   3357    94940.88
7465910   3357    94940.88
7466779   3357   116306.55
7466870   3357    94940.88
7502836   3357   101586.69
7548386   3357    70983.80
770342    3357    94940.88
7917981   3357    94940.88
7981510   3357   101586.69
7982728   3357    70983.80
7982865   3357   101586.69
7983170   3357    88729.75
7984159   3357    94940.88
7985605   3357    75952.71
7988969   3357    94940.88
8054279   3357    88729.75
8064487   3357    75952.71
8140450   3357    70983.80
8594315   3357    75952.71
8718789   3357    75952.71
8734286   3357   101586.69
9066082   3357    88729.75
9100619   3357    94940.88
9261804   3357   101586.69
9317884   3357   101586.69
9433060   3357    94940.88
9540404   3357   101586.69
9540845   3357   108697.82
9542018   3357   101586.69
9542237   3357    88729.75
9543174   3357    94940.88
9543530   3357   101586.69
9544179   3357    94940.88
9544345   3357    88729.75
9544429   3357   101586.69
9544827   3357   101586.69
9545198   3357    88729.75
9545952   3357    88729.75
9546474   3357    94940.88
9547148   3357    88729.75
9551389   3357    94940.88
9552709   3357    70983.80
9553039   3357    94940.88
9553047   3357    88729.75
9553149   3357    88729.75
9555077   3357   108697.82
9555609   3357    94940.88
9555641   3357    94940.88
9557148   3357   108697.82
9557803   3357    88729.75
9557875   3357    88729.75
9557894   3357    88729.75
9558628   3357    88729.75
9560453   3357    88729.75
9570736   3357    94940.88
9572755   3357    94940.88
9577605   3357    94940.88
9601343   3357    94940.88
9603154   3357    88729.75
9603683   3357   101586.69
9603870   3357    70983.80
9604166   3357    88729.75
9604592   3357   116306.55
9607091   3357    88729.75
9608547   3357    94940.88
9609337   3357    88729.75
9609338   3357    94940.88
9612117   3357    81269.35
9612692   3357    94940.88
9614364   3357   101586.69
9615563   3357    94940.88
9615964   3357    94940.88
9617493   3357    88729.75
9620242   3357   101586.69
9620248   3357   108697.82
9620376   3357    94940.88
9620599   3357   101586.69
9620701   3357    88729.75
9620720   3357    88729.75
9622347   3357   108697.82
9624370   3357   116306.55
9624596   3357    88729.75
9625361   3357    94940.88
9625933   3357    94940.88
9626215   3357    88729.75
9627150   3357   101586.69
9627523   3357    94940.88
9627724   3357    88729.75
9629963   3357   101586.69
9631462   3357   101586.69
9634554   3357    94940.88
9634674   3357    94940.88
9636806   3357    88729.75
9638320   3357    94940.88
9639201   3357    88729.75
9845319   3357    88729.75
9846320   3357   101586.69
9847068   3357    88729.75
9847350   3357    94940.88
9848693   3357    88729.75
9850403   3357    94940.88
9851111   3357    94940.88
9851993   3357    94940.88
