10107724  0357     4936.90
10120357  0357     6010.09
10121866  0357    10768.96
10125466  0357     3769.02
10126656  0357     4006.72
10141786  0357     4307.58
10312414  0357     3769.02
10373550  0357     8013.45
10639752  0357     3768.98
10726693  0357     4006.72
10760806  0357     3769.02
10764554  0357     4307.58
10770124  0357     4006.72
10772668  0357     3769.02
10774121  0357     4307.58
10775520  0357     7538.05
10776516  0357     4936.90
10776915  0357     3769.02
10777645  0357     6010.09
10778464  0357     3769.02
10779723  0357     4006.68
10784623  0357     4006.72
10820078  0357     4307.58
10840266  0357     4006.72
10841061  0357     3769.02
10841823  0357     4936.90
10842205  0357     4006.72
10843324  0357    10016.81
10844947  0357    10016.81
10845717  0357     3769.02
10845943  0357     4936.90
10846474  0357     4006.72
10846532  0357     4307.58
10846629  0357     4006.68
10846940  0357     8013.45
10846985  0357     4006.72
10847648  0357     3769.02
10848158  0357     4617.09
10849906  0357     4006.72
10849907  0357     4307.58
10860593  0357     4006.72
10903693  0357     3768.98
10959957  0357     4006.72
10960021  0357     4006.72
10963442  0357     4307.58
10963957  0357     4307.58
10964062  0357     8013.45
1108218   0357     3768.98
1112379   0357     4006.68
1115136   0357     4006.68
11163187  0357     3769.02
11177533  0357     3769.02
11260715  0357     4006.72
11261772  0357     4936.90
11262378  0357     4006.72
11263756  0357     3769.02
11264465  0357     4006.72
11264550  0357     3769.02
11265496  0357     4006.72
11265527  0357     4307.58
11266390  0357     8013.45
11267811  0357     7538.05
11267932  0357     7538.05
11269196  0357     4617.09
1129535   0357     4307.62
11414487  0357     4307.58
11425214  0357     4006.72
11425449  0357     4006.72
11426462  0357     3768.98
11428034  0357     3769.02
11428889  0357    10016.81
11429539  0357     8013.45
11429792  0357     3769.02
11429991  0357     6010.09
11430700  0357     4006.72
11433167  0357     4006.72
11433865  0357     8013.45
11433968  0357     4006.72
11434350  0357     4006.72
11546168  0357     3769.02
11584952  0357     4006.72
11586448  0357     4307.58
11594236  0357     4936.90
11594524  0357     3769.02
11596252  0357     4006.72
11597667  0357     4006.72
11598121  0357     3769.02
11598207  0357     3769.02
11633896  0357     3769.02
11645810  0357     4006.72
11651035  0357     4006.72
11651090  0357     4006.72
11652405  0357     4006.72
11653864  0357     4006.72
11694358  0357     3769.02
11694758  0357     4006.72
11695394  0357     7538.05
11749469  0357     4006.72
11783201  0357     4307.58
11783366  0357     4936.90
11784637  0357     3769.02
11786325  0357     4936.90
11786432  0357     3769.02
11787653  0357     8013.45
11788630  0357     4307.58
11790273  0357     4006.72
11790818  0357     6010.09
11791177  0357     4006.72
11792127  0357     4006.72
11792506  0357     3769.02
11792846  0357     2172.18
11878930  0357     4006.72
11879419  0357     4307.58
11879750  0357     4936.90
11881224  0357     4936.90
11881668  0357     9422.56
11881669  0357     3768.98
11882080  0357     3768.98
11883300  0357     8013.45
12018571  0357     5653.53
12018729  0357     3769.02
12019816  0357     3769.02
12020535  0357     4617.09
12021559  0357     4307.58
12021966  0357     4006.72
12022428  0357     4307.58
12023306  0357     4617.09
12023981  0357     6010.09
12024178  0357     4006.72
12024179  0357     4006.72
12025294  0357     6010.09
12025488  0357     3769.02
12025491  0357     3769.02
12026565  0357     4006.72
12027093  0357     4006.72
12027260  0357     4006.68
12027527  0357     3769.02
12027928  0357     3769.02
12027973  0357     4307.58
12080554  0357     4006.72
12241212  0357     5653.53
12242270  0357     4006.72
12243077  0357     3769.02
12244707  0357     3769.02
12247738  0357     6010.09
12248400  0357     9422.56
12248745  0357     4006.72
12248755  0357     4307.58
12248784  0357     7538.05
12248960  0357     4006.72
12249178  0357     4936.90
12314254  0357    11542.72
12369466  0357     4006.72
12370670  0357     4617.09
1239070   0357     3768.98
12434895  0357     4006.72
12435304  0357     4006.72
12435757  0357     5653.53
12435759  0357    10016.81
12527456  0357     3769.02
12534356  0357     4006.72
12536172  0357     4006.72
12536549  0357     4617.09
1257983   0357     4307.62
1258658   0357     4006.68
1261562   0357     3768.98
1262953   0357     4006.68
1263302   0357     3768.98
1263303   0357     4006.68
12638103  0357     3769.02
1265436   0357     4006.68
1266723   0357     2052.10
12691465  0357     4006.72
1269356   0357     8615.23
12698409  0357     3769.02
12698965  0357     3769.02
12701276  0357     4936.90
12701301  0357     9422.56
12702273  0357     3768.98
12704473  0357     3769.02
12704482  0357     8615.17
12704649  0357     4006.72
12704927  0357     4006.72
12705860  0357     4006.72
12706171  0357     4006.72
12706774  0357     8615.17
12707136  0357     4006.72
1272390   0357     3768.98
1273369   0357     4006.68
1277938   0357     3768.98
1278407   0357     4006.68
12848719  0357     4006.72
12849330  0357     4617.09
12851330  0357     4006.72
12852888  0357     4006.72
12858616  0357     6010.09
12878256  0357     4006.72
12884972  0357     4006.72
12934142  0357     3769.02
12934525  0357     3769.02
12935305  0357     4006.72
12935606  0357     4006.72
13032012  0357     9422.56
13032033  0357     4006.72
13034237  0357     4006.72
13035222  0357     4936.90
13084488  0357     3769.02
13084886  0357     3769.02
13179920  0357     3769.02
13180551  0357     4006.72
1318484   0357     3768.98
13187744  0357     8013.45
13187816  0357     6010.09
13188137  0357     3769.02
13188604  0357     5653.53
13264411  0357     4006.72
13265462  0357     3769.02
13265946  0357     7405.36
13266369  0357     4006.72
13268000  0357     7538.05
13268185  0357     7538.05
13268352  0357     4006.72
13268457  0357     3769.02
13268537  0357     6010.09
13343258  0357     3769.02
13408041  0357     3769.02
13510172  0357     3769.02
13510180  0357     3769.02
13519440  0357     3769.02
13527636  0357     4307.58
13566631  0357     4936.90
13643981  0357     7538.05
13643982  0357     5653.53
13644051  0357     4006.72
13644555  0357     9422.56
13644665  0357     4006.72
13644680  0357    10768.96
13652653  0357     3769.02
13678214  0357     4006.72
13678857  0357     3769.02
13679940  0357     4006.72
13724134  0357     6010.09
13774187  0357     3768.98
13774684  0357     4006.72
13775452  0357     3769.02
13775808  0357     3769.02
13777181  0357     5653.53
13785046  0357     3769.02
13785661  0357     4006.72
13785997  0357     3769.02
13786181  0357     4307.58
13787208  0357     4006.72
13787741  0357     3769.02
13842354  0357     4006.72
13843775  0357     4006.72
13856268  0357     4006.72
13867427  0357     6010.09
13868652  0357     4006.72
13880177  0357     4006.72
13880981  0357     4006.72
13905892  0357     3769.02
13986119  0357     4006.72
14003086  0357     3769.02
14030527  0357     3769.02
14031497  0357    10016.81
14093727  0357     6010.09
14094806  0357     4307.58
14143188  0357     3769.02
14159223  0357     7538.05
14176671  0357     4006.72
14270811  0357     9422.56
14293118  0357     6010.09
1431183   0357     4006.68
14335445  0357     3769.02
14335539  0357     4006.72
14372299  0357     4307.58
14372545  0357     3769.02
14372818  0357     5430.45
14376347  0357     4006.72
14398946  0357     4006.72
14399267  0357     5653.53
14405196  0357     4006.72
14405401  0357     4006.72
14513487  0357     3769.02
14590375  0357     3769.02
14607589  0357     5653.53
14648947  0357     4006.72
14649126  0357     3769.02
14825867  0357    10016.81
14877620  0357     4006.72
14877805  0357     4307.58
14877859  0357     4617.09
14879597  0357     8013.45
14879704  0357     9422.56
14880827  0357     4307.58
14880972  0357     8013.45
15056332  0357     4307.58
15170350  0357     3769.02
15177340  0357     4307.58
15177867  0357     7538.05
15229138  0357     4006.72
15272372  0357     3769.02
15306996  0357     3769.02
15351139  0357     4006.72
15352095  0357     4006.72
15426228  0357     4006.72
15444190  0357     4006.72
15448608  0357     4006.72
15597541  0357     3769.02
15598043  0357     3769.02
15598319  0357     4006.72
15598510  0357     8013.45
15598933  0357     3769.02
15599928  0357     5653.53
15599929  0357     8013.45
15667613  0357     7538.05
15668151  0357     8013.45
15668851  0357     3769.02
15690244  0357     3769.02
15729233  0357     6010.09
15729536  0357     9422.56
15778630  0357     6010.09
15885754  0357     3769.02
15886521  0357     4006.72
15959808  0357     3769.02
15961650  0357     3769.02
16001576  0357     3769.02
16137706  0357     3769.02
16138119  0357     6010.09
16278235  0357     4006.72
1631390   0357     2686.79
16385667  0357     3769.02
16387437  0357     8013.45
16387793  0357     8013.45
16594051  0357     3769.02
16641426  0357     3769.02
16736267  0357     4006.72
16770549  0357     4006.72
16788972  0357     8013.45
16796439  0357     7538.05
16796669  0357     3769.02
17011869  0357     8013.45
17012587  0357    10016.81
17019549  0357     4006.72
17033230  0357     3769.02
17033256  0357     3769.02
17104709  0357     4006.72
17306742  0357     3769.02
17356955  0357     4006.72
1737075   0357     3768.98
17379215  0357     5653.53
17380736  0357     3769.02
17572385  0357     8013.45
17574055  0357     3769.02
17626132  0357     7538.05
1763812   0357     4006.68
1764349   0357     3768.98
1765295   0357     7537.97
1769938   0357     3768.98
17727438  0357    10016.81
17727473  0357     3769.02
17853683  0357    10016.81
17859806  0357     3769.02
17859921  0357     7538.05
17872590  0357     4006.72
17942424  0357     3769.02
17942640  0357     4006.72
17965237  0357     6010.09
18054647  0357     4006.72
18058393  0357     3769.02
18059918  0357     4006.72
18104818  0357     4006.72
18263579  0357     4006.72
18263756  0357     4006.72
18332814  0357     4006.72
18421508  0357     3769.02
18421512  0357     5653.53
18422439  0357     8013.45
18438218  0357     3769.02
18438766  0357     3769.02
18618969  0357     3769.02
18655916  0357     4006.72
18656459  0357     6010.09
18785684  0357     3769.02
18923581  0357     3769.02
18928116  0357     3769.02
18950730  0357     3769.02
18998089  0357     7538.05
1906129   0357     4006.68
19262723  0357     4006.72
19324610  0357     8013.45
19348247  0357     4006.72
19355607  0357     3769.02
19431369  0357     4006.72
19436769  0357     4006.72
19697516  0357     3769.02
19827450  0357     4006.72
19850185  0357     3769.02
19886649  0357    10016.81
19973112  0357     4006.72
20015405  0357     3769.02
20046577  0357     7538.05
20046584  0357     7538.05
20075289  0357     8013.45
20187838  0357     4006.72
20189202  0357     4617.09
20235584  0357     7538.05
2030572   0357     3768.98
2033664   0357     4936.93
20348834  0357     5653.53
20351464  0357     7405.36
2101693   0357     4307.62
21140944  0357     5653.53
21244218  0357     3769.02
2130876   0357     3768.98
21505687  0357     9422.56
2157417   0357    12342.33
2186056   0357     3768.98
2189077   0357     3768.98
2196831   0357     3768.98
2198274   0357     4307.62
2198799   0357     3768.98
22326349  0357     3769.02
2272067   0357     3768.98
23156662  0357     4006.68
23573778  0357     3769.02
2376223   0357     4936.93
2380275   0357     4307.62
2384661   0357     4006.68
23851459  0357     3769.02
2529886   0357     4006.68
2532585   0357     3768.98
2533320   0357     3768.98
2534786   0357     2172.18
2535843   0357     4307.62
2536795   0357     4006.68
2539943   0357     3768.98
2541142   0357     4006.68
2541439   0357     4936.93
2541709   0357     4006.68
2543654   0357     4006.68
2543813   0357     4006.68
2543932   0357     3768.98
2592064   0357     4307.62
2592966   0357     4307.62
2593377   0357     4006.68
2593686   0357     3768.98
2596405   0357     4006.68
2598033   0357     4006.68
2598733   0357     4307.62
2598872   0357     3768.98
2601437   0357     4006.68
2603046   0357     4006.68
2605164   0357     4006.68
2605823   0357     2052.10
2607322   0357     4006.68
2608233   0357     4006.68
2608304   0357     3768.98
2608554   0357     4006.68
2684589   0357     4006.68
2741170   0357     4617.09
2854705   0357     3768.98
2870837   0357     3768.98
2910376   0357     3768.98
2910432   0357     3768.98
2912407   0357     3768.98
2912692   0357     4936.93
2913757   0357     3768.98
2913809   0357     3768.98
2915293   0357     3768.98
2915714   0357     4006.68
2915780   0357     3768.98
2916362   0357     4006.68
2916467   0357     3768.98
2916786   0357     3768.98
2918280   0357    10016.71
2992913   0357     3768.98
3035349   0357     4006.68
3080057   0357     7405.40
3080311   0357     4006.68
3080984   0357     4006.68
3081351   0357     4006.68
3082505   0357     3768.98
3083006   0357     4006.68
3083065   0357     3768.98
3083457   0357     3768.98
3083843   0357     3768.98
3084868   0357     4006.68
3084978   0357     3768.98
3085009   0357     3768.98
3085276   0357     4617.09
3090485   0357     4006.68
3156003   0357     3768.98
3234299   0357     4617.09
3245420   0357     4006.68
3314884   0357     2052.10
3315121   0357     3768.98
3315781   0357     3768.98
3317339   0357     3768.98
3318589   0357     4006.68
3318694   0357     4617.09
3318719   0357     4006.68
3320986   0357     4006.68
3322128   0357     4006.68
3322284   0357     3768.98
3324084   0357     4006.68
3324110   0357     4936.93
3329806   0357     4006.68
3353242   0357     3768.98
3528540   0357     4006.68
3533360   0357     4617.09
3535445   0357     3768.98
3535838   0357     3768.98
3538837   0357     4006.68
3539352   0357     4006.68
3541739   0357     4006.68
3541975   0357     2052.10
3542004   0357     4307.58
3542015   0357     2052.10
3554092   0357     4307.62
3593839   0357     3768.98
3598528   0357     4006.68
3710064   0357     3768.98
3759377   0357     3768.98
3784066   0357     3768.98
3784441   0357     4307.62
3785251   0357     4006.68
3792247   0357     4006.68
3830110   0357     3768.98
3855157   0357     2052.10
3855577   0357     4006.68
3856978   0357     3768.98
3857004   0357     3768.98
3857220   0357     4006.68
3857667   0357     3768.98
3857878   0357     4307.62
3858323   0357     8013.37
3858856   0357     4307.58
3859230   0357     6010.03
3864991   0357     4936.93
3875055   0357     4006.68
3877925   0357     8615.23
3878006   0357     3768.98
3963688   0357     4006.68
3964093   0357     4006.68
3965704   0357     3768.98
3969513   0357     3768.98
4001934   0357     4307.62
4064149   0357     2513.83
4065177   0357     3768.98
4065584   0357     4006.68
4065648   0357     3768.98
4066245   0357     3768.98
4067118   0357     4006.68
4067795   0357     4006.68
4068788   0357     3768.98
4071074   0357     4936.93
4071241   0357     3768.98
4107436   0357     3768.98
4191539   0357     3768.98
4193094   0357    10769.04
4194671   0357     4006.68
4195654   0357     3768.98
4199927   0357     2052.10
4200911   0357     3768.98
4238916   0357     3768.98
430240    0357     3768.98
4317775   0357     4307.62
4373204   0357     4307.62
4373479   0357     3768.98
4375498   0357     4936.93
4375998   0357     4617.09
4376813   0357     3768.98
4377201   0357     4307.62
4378140   0357     3768.98
4378236   0357     3768.98
4378283   0357     3768.98
4378759   0357     4307.62
4379154   0357     3768.98
4381614   0357     3768.98
4382400   0357     6010.03
4383023   0357     4307.62
4383200   0357     3768.98
4385047   0357     4006.68
4386936   0357     4617.09
4387777   0357     9422.46
4409485   0357     4307.62
4409788   0357     3768.98
4409789   0357     7537.97
4414417   0357     3768.98
4414541   0357     4307.62
4414909   0357     4006.68
4415675   0357     3768.98
443869    0357     4006.68
4609506   0357     4307.62
4610129   0357     3768.98
4720170   0357     5653.53
4720923   0357     4006.68
4721016   0357     3769.02
4721639   0357     3768.98
4722680   0357     3768.98
4722814   0357     2172.18
4723168   0357     3768.98
4723403   0357     3768.98
4724433   0357     4006.68
4725919   0357     8615.17
4727740   0357     3768.98
4728331   0357     3768.98
4729448   0357     2052.10
4730168   0357     4307.62
4730490   0357     3768.98
4730823   0357     4936.93
4731322   0357     4307.62
4731494   0357     4307.62
4732090   0357     3768.98
4732618   0357     3768.98
4734527   0357     3769.02
4734940   0357     3769.02
4735505   0357     3768.98
4738424   0357     4006.68
4739546   0357     4006.68
4739796   0357     4307.58
4754833   0357     4307.62
4803744   0357     4307.62
4805842   0357     4006.72
4827213   0357     4006.68
4853128   0357     2172.18
4882144   0357     2052.10
5017295   0357     3769.02
5022967   0357     4307.62
5237805   0357     4006.68
5238236   0357     3768.98
5239261   0357     4936.93
5240821   0357     3768.98
5242545   0357     4936.93
5244302   0357     3768.98
5244483   0357     3769.02
5244484   0357     4307.62
5244765   0357     3768.98
5245261   0357     4307.62
5248926   0357     3768.98
5248954   0357     3768.98
5249259   0357     4006.72
5249817   0357     4307.62
5250965   0357     4006.68
5251153   0357     4006.68
5251214   0357     4307.62
5252606   0357     8615.17
5253930   0357     3768.98
5254613   0357     3768.98
5254952   0357     3768.98
5255567   0357     4006.72
5255641   0357     4307.62
5257069   0357     3768.98
5257175   0357     4006.68
5257421   0357     4617.09
5257727   0357    10016.81
5257774   0357     4006.68
5259121   0357     3768.98
5259785   0357     3768.98
5261116   0357     3768.98
5261139   0357     4006.68
5261250   0357     3768.98
5261418   0357     3768.98
5261643   0357     3768.98
5263470   0357     4617.09
5344986   0357     3768.98
5435450   0357     3768.98
5436619   0357     4307.58
5436795   0357     2052.10
5438690   0357     3768.98
5439480   0357     4006.72
5439865   0357    18279.62
5458236   0357     3769.02
5461455   0357     4006.68
5605414   0357     8013.37
5658043   0357     4006.68
5688352   0357     4006.68
5765952   0357     4006.72
5779173   0357     4006.72
5915261   0357     4006.68
5921128   0357     4006.68
5921800   0357     3769.02
5923624   0357     4307.58
5925143   0357     4307.58
5925949   0357     2052.10
5929492   0357     4006.72
5935536   0357    10769.04
5938630   0357     4006.68
5938995   0357     4006.72
6044716   0357     6010.09
6125595   0357     9422.46
6127630   0357     3768.98
6238388   0357     4936.90
6394853   0357     2052.10
6537141   0357     3768.98
6573443   0357     4006.68
6573855   0357     4617.09
6573893   0357     3769.02
6575243   0357     3769.02
6575301   0357     4006.72
6584406   0357     9422.46
6602322   0357     3769.02
6634354   0357     4006.72
6689708   0357     4006.72
6690236   0357     4006.72
6701343   0357     4006.68
6701344   0357     4006.68
6701453   0357     4006.72
673822    0357     3768.98
6841910   0357     3769.02
7211860   0357     1274.87
7240399   0357     4006.72
7300376   0357     3768.98
7301470   0357     3768.98
7305494   0357     4006.68
7305781   0357     3768.98
7308623   0357     4006.68
7309317   0357     3769.02
7309375   0357     3768.98
7310425   0357     4617.09
7310959   0357     4006.68
7311233   0357     4006.68
7311255   0357     3768.98
7312149   0357     4006.68
7313189   0357     3768.98
7314050   0357     3768.98
7314987   0357     4617.09
7315048   0357     4307.58
7315058   0357    10016.71
7315331   0357     4006.72
7316059   0357     4617.09
7316139   0357     4307.62
7316607   0357     4936.93
7316959   0357     8615.23
7317744   0357     7537.97
7318041   0357     4006.68
7319649   0357     8615.17
7321787   0357     3769.02
7322304   0357     3769.02
7322780   0357     3769.02
7322794   0357     3768.98
7324725   0357     4307.62
7325664   0357     2052.10
7325721   0357     4006.68
7325722   0357     4006.68
7325778   0357     2052.10
7328421   0357     3769.02
7330948   0357     4006.72
7331943   0357     3768.98
7332202   0357     3768.98
7332734   0357     6010.03
7333145   0357     4307.62
7333526   0357     7537.97
7335642   0357     4006.72
7337422   0357     2172.18
7337778   0357     3769.02
7338055   0357     4617.09
7340200   0357     3768.98
7340742   0357     4006.68
7340989   0357     3768.98
7342107   0357     3769.02
7342680   0357     4006.68
7343605   0357     3768.98
7344290   0357     3769.02
7344465   0357     7538.05
7347856   0357     4006.68
7348137   0357     3768.98
7348986   0357     4006.68
7349428   0357    12342.26
7349843   0357     3769.02
7350162   0357     3768.98
7350273   0357     3769.02
7351297   0357     2052.10
7352317   0357     3769.02
7353377   0357     4006.72
7354064   0357     3769.02
7355928   0357     3768.98
7359478   0357     4307.58
7360346   0357     3769.02
7360517   0357     4006.72
7363171   0357     2052.10
7363652   0357     4006.72
7365166   0357     4006.68
7365545   0357     3769.02
7367276   0357     3769.02
7368710   0357     7538.05
7369018   0357     4006.72
7371154   0357     4006.72
7372156   0357     3769.02
7372973   0357     2052.10
7373089   0357     3768.98
7373215   0357     4617.09
7374243   0357     7537.97
7374616   0357     4006.68
7377030   0357     3769.02
7377579   0357     4006.72
7379256   0357     7538.05
7380616   0357     3769.02
7381553   0357     4006.72
7382148   0357     4307.62
7382532   0357     7460.82
7384964   0357     4006.72
7387544   0357     8013.45
7388038   0357     3769.02
7388080   0357     4006.72
7388125   0357     4307.58
7388199   0357     5653.48
7389581   0357     4006.72
7391472   0357     3768.98
7392153   0357    10768.96
7393061   0357     3769.02
7393144   0357     7537.97
7395742   0357     2052.10
7396051   0357     6010.03
7398038   0357     2172.18
7400031   0357     4006.72
7401094   0357     4006.72
7401380   0357     4006.68
7401853   0357     3769.02
7403123   0357     3769.02
7403188   0357     3769.02
7403563   0357     3769.02
7406353   0357     4006.72
7408531   0357     4006.72
7409730   0357     3769.02
7410177   0357     4936.93
7412535   0357     4307.58
7412738   0357     3769.02
7415285   0357     4936.93
7415448   0357     4006.72
7416870   0357     3768.98
7417289   0357     7538.05
7417791   0357     8013.45
7418898   0357     3769.02
7418939   0357     4006.72
7419340   0357     3769.02
7419740   0357     3768.98
7419800   0357     4006.72
7419866   0357     9422.56
7420316   0357     4006.72
7420429   0357     4307.58
7423108   0357     4307.58
7423415   0357     4006.72
7423444   0357     4006.68
7425063   0357     3769.02
7425430   0357     4006.72
7425900   0357     3769.02
7426046   0357     4006.72
7427359   0357     3769.02
7427520   0357     4006.72
7429274   0357     4006.72
7432253   0357     4307.58
7434591   0357    10016.81
7435158   0357     9422.46
7436077   0357     7538.05
7436996   0357     4006.72
7437806   0357     3769.02
7437808   0357     3768.98
7438450   0357     4006.68
7439597   0357     9234.17
7439617   0357     4006.72
7439629   0357     4006.72
7440809   0357     2052.10
7442445   0357     4006.72
7444497   0357     5653.53
7444651   0357     4307.58
7444842   0357     4006.72
7444889   0357     9234.17
7445661   0357     3769.02
7446382   0357     4307.58
7446644   0357     4006.72
7447067   0357    10016.81
7447334   0357     4617.09
7447992   0357     3769.02
7449457   0357     3769.02
7455429   0357     4006.68
7455588   0357     4006.68
7461704   0357     4006.68
7465820   0357    10016.81
7465910   0357     4006.72
7466779   0357     4936.93
7466870   0357     4006.68
7502836   0357     4307.62
7548386   0357     2052.10
7548420   0357     2052.10
770342    0357     4006.68
7917981   0357     4006.68
7981510   0357     4307.62
7982728   0357     3015.19
7982865   0357     4307.58
7983170   0357     3769.02
7984159   0357     4006.72
7985605   0357     2172.18
7988969   0357     4006.68
8054279   0357     3768.98
8064487   0357     4344.36
8069571   0357     4006.68
8140450   0357     2052.10
8594315   0357     4006.72
8718789   0357     4344.36
8734286   0357     4307.58
9066082   0357     3768.98
9100619   0357     4006.68
9211039   0357     3769.02
9261804   0357     4307.58
9317884   0357     8615.17
9433060   0357     4006.72
9540404   0357     4307.58
9540845   0357     6925.63
9542018   0357    10768.96
9542237   0357     3769.02
9543174   0357     4006.68
9543530   0357     4307.62
9544179   0357     4006.72
9544345   0357     3769.02
9544429   0357     4307.62
9544827   0357     4307.58
9545198   0357     3768.98
9545952   0357     3768.98
9546474   0357     4006.72
9547148   0357     3768.98
9551389   0357     4006.72
9552709   0357     2052.10
9553039   0357     4006.68
9553047   0357     3769.02
9553149   0357     3769.02
9555077   0357     4617.09
9555609   0357     3769.02
9555641   0357     4006.72
9557148   0357     9234.17
9557803   0357     3769.02
9557875   0357     3769.02
9557894   0357     3768.98
9558628   0357     3769.02
9560453   0357     3768.98
9570736   0357     4006.68
9572755   0357     4006.68
9577605   0357     4006.68
9601343   0357    10016.81
9603154   0357     3768.98
9603683   0357     4006.72
9603870   0357     2052.10
9604166   0357     3769.02
9604592   0357     7405.36
9607091   0357     3768.98
9608547   0357     4006.72
9609337   0357     3768.98
9609338   0357     8013.45
9612117   0357     2342.70
9612692   0357     4006.72
9614364   0357     7538.05
9615563   0357     4006.72
9615964   0357     4006.72
9617493   0357     3769.02
9620242   0357     8615.17
9620248   0357     9234.17
9620376   0357     4006.72
9620599   0357     4307.58
9620701   0357     3769.02
9620720   0357     3768.98
9621777   0357     4006.72
9622347   0357     4006.72
9624370   0357     4936.93
9624596   0357     3769.02
9625361   0357     4006.72
9625933   0357     8013.45
9626215   0357     3769.02
9627150   0357    10768.96
9627523   0357     8013.45
9627724   0357     3769.02
9629963   0357     4307.58
9631462   0357     4307.62
9634554   0357     4006.68
9634674   0357     4006.72
9636806   0357     3769.02
9638320   0357     4006.72
9639201   0357     3769.02
9845319   0357     3769.02
9846320   0357     4307.58
9847068   0357     3769.02
9847350   0357     4006.68
9848693   0357     3768.98
9850403   0357     4006.72
9851111   0357     4006.72
9851993   0357     4006.68
10107724  3357     4936.90
10120357  3357     4006.72
10121866  3357     4307.58
10125466  3357     3769.02
10126656  3357     4006.72
10141786  3357     4307.58
10312414  3357     3769.02
10373550  3357     4006.72
10639752  3357     3768.98
10726693  3357     4006.72
10760806  3357     3769.02
10764554  3357     4307.58
10770124  3357     4006.72
10772668  3357     3769.02
10774121  3357     4307.58
10775520  3357     3769.02
10776516  3357     4936.90
10776915  3357     3769.02
10777645  3357     4006.72
10778464  3357     3769.02
10779723  3357     4006.68
10784623  3357     4006.72
10820078  3357     4307.58
10840266  3357     4006.72
10841061  3357     3769.02
10841823  3357     4936.90
10842205  3357     4006.72
10843324  3357     4006.72
10844947  3357     4006.72
10845717  3357     3769.02
10845943  3357     4936.90
10846474  3357     4006.72
10846532  3357     4307.58
10846629  3357     4006.68
10846940  3357     4006.72
10846985  3357     4006.72
10847648  3357     3769.02
10848158  3357     4617.09
10849906  3357     4006.72
10849907  3357     4307.58
10860593  3357     4006.72
10903693  3357     3768.98
10959957  3357     4006.72
10960021  3357     4006.72
10963442  3357     4307.58
10963957  3357     4307.58
10964062  3357     4006.72
1108218   3357     3768.98
1112379   3357     4006.68
1115136   3357     4006.68
11163187  3357     3769.02
11177533  3357     3769.02
11260715  3357     4006.72
11261772  3357     4936.90
11262378  3357     4006.72
11263756  3357     3769.02
11264465  3357     4006.72
11264550  3357     3769.02
11265496  3357     4006.72
11265527  3357     4307.58
11266390  3357     4006.72
11267811  3357     3769.02
11267932  3357     3769.02
11269196  3357     4617.09
1129535   3357     4307.62
11414487  3357     4307.58
11425214  3357     4006.72
11425449  3357     4006.72
11426462  3357     3768.98
11428034  3357     3769.02
11428889  3357     4006.72
11429539  3357     4006.72
11429792  3357     3769.02
11429991  3357     4006.72
11430700  3357     4006.72
11433167  3357     4006.72
11433865  3357     4006.72
11433968  3357     4006.72
11434350  3357     4006.72
11546168  3357     3769.02
11584952  3357     4006.72
11586448  3357     4307.58
11594236  3357     4936.90
11594524  3357     3769.02
11596252  3357     4006.72
11597667  3357     4006.72
11598121  3357     3769.02
11598207  3357     3769.02
11633896  3357     3769.02
11645810  3357     4006.72
11651035  3357     4006.72
11651090  3357     4006.72
11652405  3357     4006.72
11653864  3357     4006.72
11694358  3357     3769.02
11694758  3357     4006.72
11695394  3357     3769.02
11749469  3357     4006.72
11783201  3357     4307.58
11783366  3357     4936.90
11784637  3357     3769.02
11786325  3357     4936.90
11786432  3357     3769.02
11787653  3357     4006.72
11788630  3357     4307.58
11790273  3357     4006.72
11790818  3357     4006.72
11791177  3357     4006.72
11792127  3357     4006.72
11792506  3357     3769.02
11792846  3357     2172.18
11878930  3357     4006.72
11879419  3357     4307.58
11879750  3357     4936.90
11881224  3357     4936.90
11881668  3357     3769.02
11881669  3357     3768.98
11882080  3357     3768.98
11883300  3357     4006.72
12018571  3357     3769.02
12018729  3357     3769.02
12019816  3357     3769.02
12020535  3357     4617.09
12021559  3357     4307.58
12021966  3357     4006.72
12022428  3357     4307.58
12023306  3357     4617.09
12023981  3357     4006.72
12024178  3357     4006.72
12024179  3357     4006.72
12025294  3357     4006.72
12025488  3357     3769.02
12025491  3357     3769.02
12026565  3357     4006.72
12027093  3357     4006.72
12027260  3357     4006.68
12027527  3357     3769.02
12027928  3357     3769.02
12027973  3357     4307.58
12080554  3357     4006.72
12241212  3357     3769.02
12242270  3357     4006.72
12243077  3357     3769.02
12244707  3357     3769.02
12247738  3357     4006.72
12248400  3357     3769.02
12248745  3357     4006.72
12248755  3357     4307.58
12248784  3357     3769.02
12248960  3357     4006.72
12249178  3357     4936.90
12314254  3357     4617.09
12369466  3357     4006.72
12370670  3357     4617.09
1239070   3357     3768.98
12434895  3357     4006.72
12435304  3357     4006.72
12435757  3357     3769.02
12435759  3357     4006.72
12527456  3357     3769.02
12534356  3357     4006.72
12536172  3357     4006.72
12536549  3357     4617.09
1257983   3357     4307.62
1258658   3357     4006.68
1261562   3357     3768.98
1262953   3357     4006.68
1263302   3357     3768.98
1263303   3357     4006.68
12638103  3357     3769.02
1265436   3357     4006.68
1266723   3357     2052.10
12691465  3357     4006.72
1269356   3357     4307.62
12698409  3357     3769.02
12698965  3357     3769.02
12701276  3357     4936.90
12701301  3357     3769.02
12702273  3357     3768.98
12704473  3357     3769.02
12704482  3357     4307.58
12704649  3357     4006.72
12704927  3357     4006.72
12705860  3357     4006.72
12706171  3357     4006.72
12706774  3357     4307.58
12707136  3357     4006.72
1272390   3357     3768.98
1273369   3357     4006.68
1277938   3357     3768.98
1278407   3357     4006.68
12848719  3357     4006.72
12849330  3357     4617.09
12851330  3357     4006.72
12852888  3357     4006.72
12858616  3357     4006.72
12878256  3357     4006.72
12884972  3357     4006.72
12934142  3357     3769.02
12934525  3357     3769.02
12935305  3357     4006.72
12935606  3357     4006.72
13032012  3357     3769.02
13032033  3357     4006.72
13034237  3357     4006.72
13035222  3357     4936.90
13084488  3357     3769.02
13084886  3357     3769.02
13179920  3357     3769.02
13180551  3357     4006.72
1318484   3357     3768.98
13187744  3357     4006.72
13187816  3357     4006.72
13188137  3357     3769.02
13188604  3357     3769.02
13264411  3357     4006.72
13265462  3357     3769.02
13265946  3357     4936.90
13266369  3357     4006.72
13268000  3357     3769.02
13268185  3357     3769.02
13268352  3357     4006.72
13268457  3357     3769.02
13268537  3357     4006.72
13343258  3357     3769.02
13408041  3357     3769.02
13510172  3357     3769.02
13510180  3357     3769.02
13519440  3357     3769.02
13527636  3357     4307.58
13566631  3357     4936.90
13643981  3357     3769.02
13643982  3357     3769.02
13644051  3357     4006.72
13644555  3357     3769.02
13644665  3357     4006.72
13644680  3357     4307.58
13652653  3357     3769.02
13678214  3357     4006.72
13678857  3357     3769.02
13679940  3357     4006.72
13724134  3357     4006.72
13774187  3357     3768.98
13774684  3357     4006.72
13775452  3357     3769.02
13775808  3357     3769.02
13777181  3357     3769.02
13785046  3357     3769.02
13785661  3357     4006.72
13785997  3357     3769.02
13786181  3357     4307.58
13787208  3357     4006.72
13787741  3357     3769.02
13842354  3357     4006.72
13843775  3357     4006.72
13856268  3357     4006.72
13867427  3357     4006.72
13868652  3357     4006.72
13880177  3357     4006.72
13880981  3357     4006.72
13905892  3357     3769.02
13986119  3357     4006.72
14003086  3357     3769.02
14030527  3357     3769.02
14031497  3357     4006.72
14093727  3357     4006.72
14094806  3357     4307.58
14143188  3357     3769.02
14159223  3357     3769.02
14176671  3357     4006.72
14270811  3357     3769.02
14293118  3357     4006.72
1431183   3357     4006.68
14335445  3357     3769.02
14335539  3357     4006.72
14372299  3357     4307.58
14372545  3357     3769.02
14372818  3357     2172.18
14376347  3357     4006.72
14398946  3357     4006.72
14399267  3357     3769.02
14405196  3357     4006.72
14405401  3357     4006.72
14513487  3357     3769.02
14590375  3357     3769.02
14607589  3357     3769.02
14648947  3357     4006.72
14649126  3357     3769.02
14825867  3357     4006.72
14877620  3357     4006.72
14877805  3357     4307.58
14877859  3357     4617.09
14879597  3357     4006.72
14879704  3357     3769.02
14880827  3357     4307.58
14880972  3357     4006.72
15056332  3357     4307.58
15170350  3357     3769.02
15177340  3357     4307.58
15177867  3357     3769.02
15229138  3357     4006.72
15272372  3357     3769.02
15306996  3357     3769.02
15351139  3357     4006.72
15352095  3357     4006.72
15426228  3357     4006.72
15444190  3357     4006.72
15448608  3357     4006.72
15597541  3357     3769.02
15598043  3357     3769.02
15598319  3357     4006.72
15598510  3357     4006.72
15598933  3357     3769.02
15599928  3357     3769.02
15599929  3357     4006.72
15667613  3357     3769.02
15668151  3357     4006.72
15668851  3357     3769.02
15690244  3357     3769.02
15729233  3357     4006.72
15729536  3357     3769.02
15778630  3357     4006.72
15885754  3357     3769.02
15886521  3357     4006.72
15959808  3357     3769.02
15961650  3357     3769.02
16001576  3357     3769.02
16137706  3357     3769.02
16138119  3357     4006.72
16278235  3357     4006.72
1631390   3357     2686.79
16385667  3357     3769.02
16387437  3357     4006.72
16387793  3357     4006.72
16594051  3357     3769.02
16641426  3357     3769.02
16736267  3357     4006.72
16770549  3357     4006.72
16788972  3357     4006.72
16796439  3357     3769.02
16796669  3357     3769.02
17011869  3357     4006.72
17012587  3357     4006.72
17019549  3357     4006.72
17033230  3357     3769.02
17033256  3357     3769.02
17104709  3357     4006.72
17306742  3357     3769.02
17356955  3357     4006.72
1737075   3357     3768.98
17379215  3357     3769.02
17380736  3357     3769.02
17572385  3357     4006.72
17574055  3357     3769.02
17626132  3357     3769.02
1763812   3357     4006.68
1764349   3357     3768.98
1765295   3357     3768.98
1769938   3357     3768.98
17727438  3357     4006.72
17727473  3357     3769.02
17853683  3357     4006.72
17859806  3357     3769.02
17859921  3357     3769.02
17872590  3357     4006.72
17942424  3357     3769.02
17942640  3357     4006.72
17965237  3357     4006.72
18054647  3357     4006.72
18058393  3357     3769.02
18059918  3357     4006.72
18104818  3357     4006.72
18263579  3357     4006.72
18263756  3357     4006.72
18332814  3357     4006.72
18421508  3357     3769.02
18421512  3357     3769.02
18422439  3357     4006.72
18438218  3357     3769.02
18438766  3357     3769.02
18618969  3357     3769.02
18655916  3357     4006.72
18656459  3357     4006.72
18785684  3357     3769.02
18923581  3357     3769.02
18928116  3357     3769.02
18950730  3357     3769.02
18998089  3357     3769.02
1906129   3357     4006.68
19262723  3357     4006.72
19324610  3357     4006.72
19348247  3357     4006.72
19355607  3357     3769.02
19431369  3357     4006.72
19436769  3357     4006.72
19697516  3357     3769.02
19827450  3357     4006.72
19850185  3357     3769.02
19886649  3357     4006.72
19973112  3357     4006.72
20015405  3357     3769.02
20046577  3357     3769.02
20046584  3357     3769.02
20075289  3357     4006.72
20187838  3357     4006.72
20189202  3357     4617.09
20235584  3357     3769.02
2030572   3357     3768.98
2033664   3357     4936.93
20348834  3357     3769.02
20351464  3357     4936.90
2101693   3357     4307.62
21140944  3357     3769.02
21244218  3357     3769.02
2130876   3357     3768.98
21505687  3357     3769.02
2157417   3357     4936.93
2186056   3357     3768.98
2189077   3357     3768.98
2196831   3357     3768.98
2198274   3357     4307.62
2198799   3357     3768.98
22326349  3357     3769.02
2272067   3357     3768.98
23156662  3357     4006.68
23573778  3357     3769.02
2376223   3357     4936.93
2380275   3357     4307.62
2384661   3357     4006.68
23851459  3357     3769.02
2529886   3357     4006.68
2532585   3357     3768.98
2533320   3357     3768.98
2534786   3357     2172.18
2535843   3357     4307.62
2536795   3357     4006.68
2539943   3357     3768.98
2541142   3357     4006.68
2541439   3357     4936.93
2541709   3357     4006.68
2543654   3357     4006.68
2543813   3357     4006.68
2543932   3357     3768.98
2592064   3357     4307.62
2592966   3357     4307.62
2593377   3357     4006.68
2593686   3357     3768.98
2596405   3357     4006.68
2598033   3357     4006.68
2598733   3357     4307.62
2598872   3357     3768.98
2601437   3357     4006.68
2603046   3357     4006.68
2605164   3357     4006.68
2605823   3357     2052.10
2607322   3357     4006.68
2608233   3357     4006.68
2608304   3357     3768.98
2608554   3357     4006.68
2684589   3357     4006.68
2741170   3357     4617.09
2854705   3357     3768.98
2870837   3357     3768.98
2910376   3357     3768.98
2910432   3357     3768.98
2912407   3357     3768.98
2912692   3357     4936.93
2913757   3357     3768.98
2913809   3357     3768.98
2915293   3357     3768.98
2915714   3357     4006.68
2915780   3357     3768.98
2916362   3357     4006.68
2916467   3357     3768.98
2916786   3357     3768.98
2918280   3357     4006.68
2992913   3357     3768.98
3035349   3357     4006.68
3080057   3357     4936.93
3080311   3357     4006.68
3080984   3357     4006.68
3081351   3357     4006.68
3082505   3357     3768.98
3083006   3357     4006.68
3083065   3357     3768.98
3083457   3357     3768.98
3083843   3357     3768.98
3084868   3357     4006.68
3084978   3357     3768.98
3085009   3357     3768.98
3085276   3357     4617.09
3090485   3357     4006.68
3156003   3357     3768.98
3234299   3357     4617.09
3245420   3357     4006.68
3314884   3357     2052.10
3315121   3357     3768.98
3315781   3357     3768.98
3317339   3357     3768.98
3318589   3357     4006.68
3318694   3357     4617.09
3318719   3357     4006.68
3320986   3357     4006.68
3322128   3357     4006.68
3322284   3357     3768.98
3324084   3357     4006.68
3324110   3357     4936.93
3329806   3357     4006.68
3353242   3357     3768.98
3528540   3357     4006.68
3533360   3357     4617.09
3535445   3357     3768.98
3535838   3357     3768.98
3538837   3357     4006.68
3539352   3357     4006.68
3541739   3357     4006.68
3541975   3357     2052.10
3542004   3357     4307.58
3542015   3357     2052.10
3554092   3357     4307.62
3593839   3357     3768.98
3598528   3357     4006.68
3710064   3357     3768.98
3759377   3357     3768.98
3784066   3357     3768.98
3784441   3357     4307.62
3785251   3357     4006.68
3792247   3357     4006.68
3830110   3357     3768.98
3855157   3357     2052.10
3855577   3357     4006.68
3856978   3357     3768.98
3857004   3357     3768.98
3857220   3357     4006.68
3857667   3357     3768.98
3857878   3357     4307.62
3858323   3357     4006.68
3858856   3357     4307.58
3859230   3357     4006.68
3864991   3357     4936.93
3875055   3357     4006.68
3877925   3357     4307.62
3878006   3357     3768.98
3963688   3357     4006.68
3964093   3357     4006.68
3965704   3357     3768.98
3969513   3357     3768.98
4001934   3357     4307.62
4064149   3357     2513.83
4065177   3357     3768.98
4065584   3357     4006.68
4065648   3357     3768.98
4066245   3357     3768.98
4067118   3357     4006.68
4067795   3357     4006.68
4068788   3357     3768.98
4071074   3357     4936.93
4071241   3357     3768.98
4107436   3357     3768.98
4191539   3357     3768.98
4193094   3357     4307.62
4194671   3357     4006.68
4195654   3357     3768.98
4199927   3357     2052.10
4200911   3357     3768.98
4238916   3357     3768.98
430240    3357     3768.98
4317775   3357     4307.62
4373204   3357     4307.62
4373479   3357     3768.98
4375498   3357     4936.93
4375998   3357     4617.09
4376813   3357     3768.98
4377201   3357     4307.62
4378140   3357     3768.98
4378236   3357     3768.98
4378283   3357     3768.98
4378759   3357     4307.62
4379154   3357     3768.98
4381614   3357     3768.98
4382400   3357     4006.68
4383023   3357     4307.62
4383200   3357     3768.98
4385047   3357     4006.68
4386936   3357     4617.09
4387777   3357     3768.98
4409485   3357     4307.62
4409788   3357     3768.98
4409789   3357     3768.98
4414417   3357     3768.98
4414541   3357     4307.62
4414909   3357     4006.68
4415675   3357     3768.98
443869    3357     4006.68
4609506   3357     4307.62
4610129   3357     3768.98
4720170   3357     3769.02
4720923   3357     4006.68
4721016   3357     3769.02
4721639   3357     3768.98
4722680   3357     3768.98
4722814   3357     2172.18
4723168   3357     3768.98
4723403   3357     3768.98
4724433   3357     4006.68
4725919   3357     4307.58
4727740   3357     3768.98
4728331   3357     3768.98
4729448   3357     2052.10
4730168   3357     4307.62
4730490   3357     3768.98
4730823   3357     4936.93
4731322   3357     4307.62
4731494   3357     4307.62
4732090   3357     3768.98
4732618   3357     3768.98
4734527   3357     3769.02
4734940   3357     3769.02
4735505   3357     3768.98
4738424   3357     4006.68
4739546   3357     4006.68
4739796   3357     4307.58
4754833   3357     4307.62
4803744   3357     4307.62
4805842   3357     4006.72
4827213   3357     4006.68
4853128   3357     2172.18
4882144   3357     2052.10
5017295   3357     3769.02
5022967   3357     4307.62
5237805   3357     4006.68
5238236   3357     3768.98
5239261   3357     4936.93
5240821   3357     3768.98
5242545   3357     4936.93
5244302   3357     3768.98
5244483   3357     3769.02
5244484   3357     4307.62
5244765   3357     3768.98
5245261   3357     4307.62
5248926   3357     3768.98
5248954   3357     3768.98
5249259   3357     4006.72
5249817   3357     4307.62
5250965   3357     4006.68
5251153   3357     4006.68
5251214   3357     4307.62
5252606   3357     4307.58
5253930   3357     3768.98
5254613   3357     3768.98
5254952   3357     3768.98
5255567   3357     4006.72
5255641   3357     4307.62
5257069   3357     3768.98
5257175   3357     4006.68
5257421   3357     4617.09
5257727   3357     4006.72
5257774   3357     4006.68
5259121   3357     3768.98
5259785   3357     3768.98
5261116   3357     3768.98
5261139   3357     4006.68
5261250   3357     3768.98
5261418   3357     3768.98
5261643   3357     3768.98
5263470   3357     4617.09
5344986   3357     3768.98
5435450   3357     3768.98
5436619   3357     4307.58
5436795   3357     2052.10
5438690   3357     3768.98
5439480   3357     4006.72
5439865   3357     7311.85
5458236   3357     3769.02
5461455   3357     4006.68
5605414   3357     4006.68
5658043   3357     4006.68
5688352   3357     4006.68
5765952   3357     4006.72
5779173   3357     4006.72
5915261   3357     4006.68
5921128   3357     4006.68
5921800   3357     3769.02
5923624   3357     4307.58
5925143   3357     4307.58
5925949   3357     2052.10
5929492   3357     4006.72
5935536   3357     4307.62
5938630   3357     4006.68
5938995   3357     4006.72
6044716   3357     4006.72
6125595   3357     3768.98
6127630   3357     3768.98
6238388   3357     4936.90
6394853   3357     2052.10
6537141   3357     3768.98
6573443   3357     4006.68
6573855   3357     4617.09
6573893   3357     3769.02
6575243   3357     3769.02
6575301   3357     4006.72
6584406   3357     3768.98
6602322   3357     3769.02
6634354   3357     4006.72
6689708   3357     4006.72
6690236   3357     4006.72
6701343   3357     4006.68
6701344   3357     4006.68
6701453   3357     4006.72
673822    3357     3768.98
6841910   3357     3769.02
7211860   3357     1274.87
7240399   3357     4006.72
7300376   3357     3768.98
7301470   3357     3768.98
7305494   3357     4006.68
7305781   3357     3768.98
7308623   3357     4006.68
7309317   3357     3769.02
7309375   3357     3768.98
7310425   3357     4617.09
7310959   3357     4006.68
7311233   3357     4006.68
7311255   3357     3768.98
7312149   3357     4006.68
7313189   3357     3768.98
7314050   3357     3768.98
7314987   3357     4617.09
7315048   3357     4307.58
7315058   3357     4006.68
7315331   3357     4006.72
7316059   3357     4617.09
7316139   3357     4307.62
7316607   3357     4936.93
7316959   3357     4307.62
7317744   3357     3768.98
7318041   3357     4006.68
7319649   3357     4307.58
7321787   3357     3769.02
7322304   3357     3769.02
7322780   3357     3769.02
7322794   3357     3768.98
7324725   3357     4307.62
7325664   3357     2052.10
7325721   3357     4006.68
7325722   3357     4006.68
7325778   3357     2052.10
7328421   3357     3769.02
7330948   3357     4006.72
7331943   3357     3768.98
7332202   3357     3768.98
7332734   3357     4006.68
7333145   3357     4307.62
7333526   3357     3768.98
7335642   3357     4006.72
7337422   3357     2172.18
7337778   3357     3769.02
7338055   3357     4617.09
7340200   3357     3768.98
7340742   3357     4006.68
7340989   3357     3768.98
7342107   3357     3769.02
7342680   3357     4006.68
7343605   3357     3768.98
7344290   3357     3769.02
7344465   3357     3769.02
7347856   3357     4006.68
7348137   3357     3768.98
7348986   3357     4006.68
7349428   3357     4936.90
7349843   3357     3769.02
7350162   3357     3768.98
7350273   3357     3769.02
7351297   3357     2052.10
7352317   3357     3769.02
7353377   3357     4006.72
7354064   3357     3769.02
7355928   3357     3768.98
7359478   3357     4307.58
7360346   3357     3769.02
7360517   3357     4006.72
7363171   3357     2052.10
7363652   3357     4006.72
7365166   3357     4006.68
7365545   3357     3769.02
7367276   3357     3769.02
7368710   3357     3769.02
7369018   3357     4006.72
7371154   3357     4006.72
7372156   3357     3769.02
7372973   3357     2052.10
7373089   3357     3768.98
7373215   3357     4617.09
7374243   3357     7537.97
7374616   3357     4006.68
7377030   3357     3769.02
7377579   3357     4006.72
7379256   3357     3769.02
7380616   3357     3769.02
7381553   3357     4006.72
7382148   3357     4307.62
7382532   3357     7460.82
7384964   3357     4006.72
7387544   3357     4006.72
7388038   3357     3769.02
7388080   3357     4006.72
7388125   3357     4307.58
7388199   3357     3768.98
7389581   3357     4006.72
7391472   3357     3768.98
7392153   3357     4307.58
7393061   3357     3769.02
7393144   3357     3768.98
7395742   3357     2052.10
7396051   3357     4006.68
7398038   3357     2172.18
7400031   3357     4006.72
7401094   3357     4006.72
7401380   3357     4006.68
7401853   3357     3769.02
7403123   3357     3769.02
7403188   3357     3769.02
7403563   3357     3769.02
7406353   3357     4006.72
7408531   3357     4006.72
7409730   3357     3769.02
7410177   3357     4936.93
7412535   3357     4307.58
7412738   3357     3769.02
7415285   3357     4936.93
7415448   3357     4006.72
7416870   3357     3768.98
7417289   3357     3769.02
7417791   3357     4006.72
7418898   3357     3769.02
7418939   3357     4006.72
7419340   3357     3769.02
7419740   3357     3768.98
7419800   3357     4006.72
7419866   3357     3769.02
7420316   3357     4006.72
7420429   3357     4307.58
7423108   3357     4307.58
7423415   3357     4006.72
7423444   3357     4006.68
7425063   3357     3769.02
7425430   3357     4006.72
7425900   3357     3769.02
7426046   3357     4006.72
7427359   3357     3769.02
7427520   3357     4006.72
7429274   3357     4006.72
7432253   3357     4307.58
7434591   3357     4006.72
7435158   3357     3768.98
7436077   3357     3769.02
7436996   3357     4006.72
7437806   3357     3769.02
7437808   3357     3768.98
7438450   3357     4006.68
7439597   3357     4617.09
7439617   3357     4006.72
7439629   3357     4006.72
7440809   3357     2052.10
7442445   3357     4006.72
7444497   3357     3769.02
7444651   3357     4307.58
7444842   3357     4006.72
7444889   3357     4617.09
7445661   3357     3769.02
7446382   3357     4307.58
7446644   3357     4006.72
7447067   3357     4006.72
7447334   3357     4617.09
7447992   3357     3769.02
7449457   3357     3769.02
7455429   3357     4006.68
7455588   3357     4006.68
7461704   3357     4006.68
7465820   3357     4006.72
7465910   3357     4006.72
7466779   3357     4936.93
7466870   3357     4006.68
7502836   3357     4307.62
7548386   3357     2052.10
7548420   3357     2052.10
770342    3357     4006.68
7917981   3357     4006.68
7981510   3357     4307.62
7982728   3357     3015.19
7982865   3357     4307.58
7983170   3357     3769.02
7984159   3357     4006.72
7985605   3357     2172.18
7988969   3357     4006.68
8054279   3357     3768.98
8064487   3357     2172.18
8069571   3357     4006.68
8140450   3357     2052.10
8594315   3357     4006.72
8718789   3357     2172.18
8734286   3357     4307.58
9066082   3357     3768.98
9100619   3357     4006.68
9211039   3357     3769.02
9261804   3357     4307.58
9317884   3357     4307.58
9433060   3357     4006.72
9540404   3357     4307.58
9540845   3357     4617.09
9542018   3357     4307.58
9542237   3357     3769.02
9543174   3357     4006.68
9543530   3357     4307.62
9544179   3357     4006.72
9544345   3357     3769.02
9544429   3357     4307.62
9544827   3357     4307.58
9545198   3357     3768.98
9545952   3357     3768.98
9546474   3357     4006.72
9547148   3357     3768.98
9551389   3357     4006.72
9552709   3357     2052.10
9553039   3357     4006.68
9553047   3357     3769.02
9553149   3357     3769.02
9555077   3357     4617.09
9555609   3357     3769.02
9555641   3357     4006.72
9557148   3357     4617.09
9557803   3357     3769.02
9557875   3357     3769.02
9557894   3357     3768.98
9558628   3357     3769.02
9560453   3357     3768.98
9570736   3357     4006.68
9572755   3357     4006.68
9577605   3357     4006.68
9601343   3357     4006.72
9603154   3357     3768.98
9603683   3357     4006.72
9603870   3357     2052.10
9604166   3357     3769.02
9604592   3357     4936.90
9607091   3357     3768.98
9608547   3357     4006.72
9609337   3357     3768.98
9609338   3357     4006.72
9612117   3357     2342.70
9612692   3357     4006.72
9614364   3357     3769.02
9615563   3357     4006.72
9615964   3357     4006.72
9617493   3357     3769.02
9620242   3357     4307.58
9620248   3357     4617.09
9620376   3357     4006.72
9620599   3357     4307.58
9620701   3357     3769.02
9620720   3357     3768.98
9621777   3357     4006.72
9622347   3357     4006.72
9624370   3357     4936.93
9624596   3357     3769.02
9625361   3357     4006.72
9625933   3357     4006.72
9626215   3357     3769.02
9627150   3357     4307.58
9627523   3357     4006.72
9627724   3357     3769.02
9629963   3357     4307.58
9631462   3357     4307.62
9634554   3357     4006.68
9634674   3357     4006.72
9636806   3357     3769.02
9638320   3357     4006.72
9639201   3357     3769.02
9845319   3357     3769.02
9846320   3357     4307.58
9847068   3357     3769.02
9847350   3357     4006.68
9848693   3357     3768.98
9850403   3357     4006.72
9851111   3357     4006.72
9851993   3357     4006.68
