10120357  0357       39.46
10125466  0357       57.61
10126656  0357       26.30
10312414  0357       57.61
10373550  0357       52.61
10639752  0357       57.61
10726693  0357       26.30
10760806  0357       57.61
10770124  0357       26.30
10772668  0357       57.61
10775520  0357      115.23
10776915  0357       57.61
10777482  0357       57.61
10777645  0357       39.46
10778464  0357       57.61
10784623  0357       26.30
10840266  0357       26.30
10841061  0357       57.61
10842205  0357       26.30
10843324  0357       65.76
10844947  0357       26.30
10845717  0357       57.61
10846474  0357       26.30
10846629  0357       26.30
10846940  0357       52.61
10846985  0357       26.30
10847648  0357       57.61
10849906  0357       26.30
10860593  0357       26.30
10903693  0357       57.61
10959957  0357       26.30
10960021  0357       26.30
10964062  0357       52.61
11163187  0357       57.61
11177533  0357       57.61
11260715  0357       26.30
11262378  0357       26.30
11263756  0357       57.61
11264465  0357       26.30
11264550  0357       57.61
11265496  0357       26.30
11266390  0357       52.61
11267811  0357      115.23
11267932  0357      115.23
11425214  0357       26.30
11425449  0357       26.30
11426462  0357       57.61
11428034  0357       57.61
11428889  0357       65.76
11429539  0357       52.61
11429792  0357       57.61
11429991  0357       39.46
11430700  0357       26.30
11433167  0357       26.30
11433865  0357       52.61
11433968  0357       52.61
11434350  0357       26.30
11546168  0357       57.61
11584952  0357       26.30
11586448  0357       26.30
11589730  0357       52.61
11594524  0357       57.61
11596252  0357       26.30
11597667  0357       26.30
11598121  0357       57.61
11598207  0357       57.61
11598956  0357       57.61
11633896  0357       57.61
11645810  0357       26.30
11651035  0357       26.30
11651090  0357       26.30
11652405  0357       26.30
11653864  0357       26.30
11694358  0357       57.61
11694758  0357       26.30
11695394  0357      115.23
11749469  0357       26.30
11784637  0357       57.61
11786432  0357       57.61
11787653  0357       52.61
11787807  0357       26.30
11790273  0357       26.30
11790818  0357       39.46
11791177  0357       26.30
11792506  0357       57.61
11792846  0357       26.30
11878930  0357       26.30
11881668  0357      144.04
11881669  0357       57.61
11882080  0357       57.61
11883300  0357       52.61
12018571  0357       86.42
12018729  0357       57.61
12018852  0357       26.30
12019816  0357       57.61
12021966  0357       26.30
12023981  0357       39.46
12024178  0357       26.30
12024179  0357       26.30
12025294  0357       39.46
12025488  0357       57.61
12025491  0357       57.61
12026565  0357       26.30
12027093  0357       26.30
12027260  0357       26.30
12027527  0357       57.61
12027928  0357       57.61
12080554  0357       26.30
12241212  0357       86.42
12242270  0357       26.30
12243077  0357       57.61
12244707  0357       57.61
12247738  0357       39.46
12248400  0357      144.04
12248784  0357      115.23
12248960  0357       26.30
12279667  0357       26.30
12369466  0357       26.30
12434895  0357       57.61
12435304  0357       26.30
12435757  0357       86.42
12435759  0357       65.76
12527456  0357       57.61
12534356  0357       26.30
12536172  0357       26.30
12691465  0357       26.30
12698409  0357       57.61
12698965  0357       57.61
12700553  0357       57.61
12701276  0357       26.30
12701301  0357      144.04
12702273  0357       57.61
12704473  0357       57.61
12704649  0357       26.30
12704927  0357       26.30
12705860  0357       26.30
12706171  0357       26.30
12707136  0357       26.30
12848719  0357       26.30
12851330  0357       26.30
12852888  0357       26.30
12858616  0357       39.46
12878256  0357       26.30
12884972  0357       26.30
12934142  0357       57.61
12934525  0357       57.61
12935305  0357       26.30
12935606  0357       26.30
13032012  0357      115.23
13032033  0357       26.30
13034237  0357       26.30
13084488  0357       57.61
13084886  0357       57.61
13180551  0357       26.30
13187744  0357       52.61
13187816  0357       39.46
13188137  0357       57.61
13188604  0357       86.42
13264411  0357       26.30
13265462  0357       57.61
13265946  0357       39.46
13266369  0357       26.30
13268000  0357      115.23
13268185  0357      115.23
13268457  0357       57.61
13268537  0357       39.46
13343258  0357       57.61
13346269  0357      144.04
13408041  0357       57.61
13510172  0357       57.61
13510180  0357       57.61
13519440  0357       57.61
13643981  0357      115.23
13643982  0357       86.42
13644051  0357       26.30
13644555  0357      144.04
13644665  0357       26.30
13652653  0357       57.61
13678214  0357       26.30
13678857  0357       57.61
13679940  0357       26.30
13724134  0357       39.46
13774187  0357       57.61
13774684  0357       26.30
13775452  0357       57.61
13775808  0357       57.61
13777181  0357       86.42
13785046  0357       57.61
13785661  0357       26.30
13785997  0357       57.61
13786181  0357       26.30
13787208  0357       26.30
13787741  0357       57.61
13842354  0357       26.30
13843775  0357       26.30
13856268  0357       26.30
13867427  0357       39.46
13868652  0357       26.30
13880177  0357       57.61
13880981  0357       26.30
13905892  0357       57.61
13986119  0357       26.30
14003086  0357       57.61
14030527  0357       57.61
14031045  0357       26.30
14031497  0357       65.76
14093727  0357       39.46
14143188  0357       57.61
14159223  0357      115.23
14176129  0357       26.30
14176671  0357       26.30
14270811  0357      144.04
14293118  0357       39.46
14335445  0357       57.61
14335539  0357       26.30
14372545  0357       57.61
14376347  0357       26.30
14398946  0357       26.30
14399267  0357       86.42
14405196  0357       26.30
14405401  0357       26.30
14513487  0357       57.61
14590375  0357       57.61
14607589  0357       86.42
14648947  0357       26.30
14649126  0357       57.61
14825867  0357       26.30
14877620  0357       26.30
14879704  0357       86.42
15170350  0357       57.61
15177867  0357      115.23
15306151  0357      144.04
15306996  0357       57.61
15352095  0357       26.30
15448608  0357       26.30
15597541  0357       57.61
15598043  0357       57.61
15598319  0357       26.30
15598510  0357       52.61
15598933  0357       57.61
15599928  0357       86.42
15668151  0357       52.61
15668851  0357       57.61
15690244  0357       57.61
15729233  0357       39.46
15729536  0357      144.04
15778630  0357       39.46
15885754  0357       57.61
15959808  0357       57.61
15961650  0357       57.61
16001576  0357       57.61
16137706  0357       57.61
16138119  0357       39.46
16324090  0357       26.30
16385667  0357       57.61
16387437  0357       52.61
16594051  0357       57.61
16641426  0357       57.61
16736267  0357       26.30
16770549  0357       26.30
16788972  0357       52.61
16796439  0357      115.23
17011869  0357       52.61
17012587  0357       65.76
17019549  0357       26.30
17033230  0357       57.61
17033256  0357       57.61
17104175  0357       26.30
17306742  0357       57.61
17379215  0357       86.42
17380736  0357       57.61
17504786  0357       57.61
17572385  0357       52.61
17574055  0357       57.61
17626132  0357      115.23
17727473  0357       57.61
17859806  0357       57.61
17859921  0357      115.23
17872590  0357       26.30
17965237  0357       39.46
18058393  0357       57.61
18059918  0357       26.30
18263579  0357       26.30
18263756  0357       26.30
18421508  0357       57.61
18471327  0357       26.30
18618969  0357       57.61
18656459  0357       39.46
18785684  0357       57.61
18950730  0357       57.61
19166206  0357      144.04
19262723  0357       26.30
19324610  0357       52.61
19424156  0357       52.61
19431369  0357       26.30
19827450  0357       57.61
19850185  0357      144.04
19886649  0357       65.76
19973112  0357       26.30
20046577  0357      115.23
20046584  0357      115.23
20187870  0357      115.23
20235584  0357      115.23
20348834  0357       86.42
20351464  0357       52.61
21140944  0357       86.42
22326349  0357       57.61
3080984   0357       26.30
3878006   0357       57.61
4065584   0357       26.30
4107436   0357       57.61
4381614   0357       57.61
4387777   0357      144.04
4409789   0357      115.23
4720170   0357       86.42
4720923   0357       26.30
4721016   0357       57.61
4727740   0357       57.61
4732618   0357       57.61
4734527   0357       57.61
4734940   0357       57.61
4805842   0357       26.30
5017295   0357       57.61
5237805   0357       26.30
5244483   0357       57.61
5249259   0357       26.30
5255567   0357       26.30
5257727   0357       65.76
5257774   0357       26.30
5261116   0357       57.61
5344986   0357       57.61
5435450   0357       57.61
5439480   0357       26.30
5458236   0357       57.61
5688352   0357       26.30
5765952   0357       26.30
5779173   0357       26.30
5921128   0357       26.30
5921800   0357       57.61
5929492   0357       26.30
5938630   0357       26.30
5938995   0357       26.30
6044716   0357       39.46
6125595   0357      144.04
6573893   0357       57.61
6575243   0357       57.61
6575301   0357       26.30
6602322   0357       57.61
6634354   0357       26.30
6689708   0357       26.30
6690236   0357       26.30
6701343   0357       26.30
6701344   0357       26.30
6701453   0357       26.30
6841910   0357       57.61
7076647   0357       26.30
7240399   0357       26.30
7309317   0357       57.61
7309375   0357       57.61
7314050   0357       57.61
7315058   0357       65.76
7315331   0357       26.30
7321787   0357       57.61
7322304   0357       57.61
7322780   0357       57.61
7328421   0357       57.61
7330948   0357       26.30
7332202   0357       57.61
7333526   0357      115.23
7335642   0357       26.30
7337778   0357       57.61
7342107   0357       57.61
7343605   0357       57.61
7344290   0357       57.61
7344465   0357      115.23
7348137   0357       57.61
7348986   0357       26.30
7349843   0357       57.61
7350273   0357       57.61
7352317   0357       57.61
7353364   0357      115.23
7353377   0357       26.30
7354064   0357       57.61
7360346   0357       57.61
7360517   0357       26.30
7363652   0357       26.30
7365166   0357       26.30
7365545   0357       57.61
7367276   0357       57.61
7368710   0357      115.23
7369018   0357       26.30
7371154   0357       26.30
7372156   0357       57.61
7373089   0357       57.61
7374243   0357       57.61
7377030   0357       57.61
7377579   0357       26.30
7379256   0357      115.23
7380616   0357       57.61
7381553   0357       26.30
7382532   0357       57.61
7384964   0357       26.30
7387544   0357       52.61
7388038   0357       57.61
7388080   0357       26.30
7388199   0357       86.42
7389581   0357       26.30
7391472   0357       57.61
7393061   0357       57.61
7393144   0357      115.23
7396051   0357       39.46
7400031   0357       26.30
7401094   0357       26.30
7401380   0357       26.30
7401853   0357       57.61
7403123   0357       57.61
7403188   0357       57.61
7403563   0357       57.61
7406353   0357       26.30
7408531   0357       26.30
7409730   0357       57.61
7412738   0357       57.61
7415448   0357       26.30
7416870   0357       57.61
7417289   0357      115.23
7417791   0357       52.61
7418898   0357       57.61
7418939   0357       57.61
7419340   0357       57.61
7419800   0357       26.30
7419866   0357      144.04
7420316   0357       26.30
7423415   0357       26.30
7423444   0357       26.30
7425063   0357       57.61
7425430   0357       26.30
7425900   0357       57.61
7426046   0357       26.30
7427359   0357       57.61
7427520   0357       26.30
7429274   0357       26.30
7434591   0357       65.76
7435158   0357      144.04
7436077   0357      115.23
7436996   0357       26.30
7437806   0357       57.61
7437808   0357       57.61
7438450   0357       26.30
7439617   0357       26.30
7439629   0357       26.30
7442445   0357       26.30
7444497   0357       86.42
7444842   0357       26.30
7445661   0357       57.61
7446644   0357       26.30
7447067   0357       65.76
7447992   0357       57.61
7449457   0357       57.61
7455588   0357       26.30
7461704   0357       26.30
7465820   0357       65.76
7465910   0357       26.30
7548420   0357       57.61
7917981   0357       26.30
7982728   0357       57.61
7983170   0357       57.61
7984159   0357       26.30
8069571   0357       26.30
8594315   0357       26.30
8718789   0357       52.61
9211039   0357       57.61
9433060   0357       26.30
9542237   0357       57.61
9543174   0357       26.30
9544179   0357       26.30
9544345   0357       57.61
9546474   0357       26.30
9547148   0357       57.61
9551389   0357       26.30
9553047   0357       57.61
9553149   0357       57.61
9553310   0357      115.23
9555609   0357       57.61
9555641   0357       26.30
9557803   0357       57.61
9557875   0357       57.61
9558628   0357       57.61
9560453   0357       57.61
9572755   0357       26.30
9601343   0357       65.76
9603154   0357       57.61
9603683   0357       26.30
9604166   0357       57.61
9608547   0357       26.30
9609337   0357       57.61
9609338   0357       52.61
9612530   0357       65.76
9612692   0357       26.30
9614364   0357      115.23
9615563   0357       26.30
9615964   0357       26.30
9617493   0357      115.23
9620376   0357       26.30
9620701   0357       57.61
9620720   0357       57.61
9621777   0357       57.61
9622347   0357       26.30
9624596   0357       57.61
9625361   0357       26.30
9625933   0357       52.61
9626082   0357       26.30
9626215   0357       57.61
9627523   0357       52.61
9627724   0357       57.61
9634554   0357       26.30
9634674   0357       26.30
9636806   0357       57.61
9638320   0357       26.30
9639201   0357       57.61
9845319   0357       57.61
9847068   0357       57.61
9848693   0357       57.61
9850403   0357       26.30
9851111   0357       26.30
9851993   0357       26.30
10120357  3357       26.30
10125466  3357       57.61
10126656  3357       26.30
10312414  3357       57.61
10373550  3357       26.30
10639752  3357       57.61
10726693  3357       26.30
10760806  3357       57.61
10770124  3357       26.30
10772668  3357       57.61
10775520  3357       57.61
10776915  3357       57.61
10777482  3357       57.61
10777645  3357       26.30
10778464  3357       57.61
10784623  3357       26.30
10840266  3357       26.30
10841061  3357       57.61
10842205  3357       26.30
10843324  3357       26.30
10844947  3357       26.30
10845717  3357       57.61
10846474  3357       26.30
10846629  3357       26.30
10846940  3357       26.30
10846985  3357       26.30
10847648  3357       57.61
10849906  3357       26.30
10860593  3357       26.30
10903693  3357       57.61
10959957  3357       26.30
10960021  3357       26.30
10964062  3357       26.30
11163187  3357       57.61
11177533  3357       57.61
11260715  3357       26.30
11262378  3357       26.30
11263756  3357       57.61
11264465  3357       26.30
11264550  3357       57.61
11265496  3357       26.30
11266390  3357       26.30
11267811  3357       57.61
11267932  3357       57.61
11425214  3357       26.30
11425449  3357       26.30
11426462  3357       57.61
11428034  3357       57.61
11428889  3357       26.30
11429539  3357       26.30
11429792  3357       57.61
11429991  3357       26.30
11430700  3357       26.30
11433167  3357       26.30
11433865  3357       26.30
11433968  3357       26.30
11434350  3357       26.30
11546168  3357       57.61
11584952  3357       26.30
11586448  3357       26.30
11589730  3357       26.30
11594524  3357       57.61
11596252  3357       26.30
11597667  3357       26.30
11598121  3357       57.61
11598207  3357       57.61
11598956  3357       57.61
11633896  3357       57.61
11645810  3357       26.30
11651035  3357       26.30
11651090  3357       26.30
11652405  3357       26.30
11653864  3357       26.30
11694358  3357       57.61
11694758  3357       26.30
11695394  3357       57.61
11749469  3357       26.30
11784637  3357       57.61
11786432  3357       57.61
11787653  3357       26.30
11787807  3357       26.30
11790273  3357       26.30
11790818  3357       26.30
11791177  3357       26.30
11792506  3357       57.61
11792846  3357       26.30
11878930  3357       26.30
11881668  3357       57.61
11881669  3357       57.61
11882080  3357       57.61
11883300  3357       26.30
12018571  3357       57.61
12018729  3357       57.61
12018852  3357       26.30
12019816  3357       57.61
12021966  3357       26.30
12023981  3357       26.30
12024178  3357       26.30
12024179  3357       26.30
12025294  3357       26.30
12025488  3357       57.61
12025491  3357       57.61
12026565  3357       26.30
12027093  3357       26.30
12027260  3357       26.30
12027527  3357       57.61
12027928  3357       57.61
12080554  3357       26.30
12241212  3357       57.61
12242270  3357       26.30
12243077  3357       57.61
12244707  3357       57.61
12247738  3357       26.30
12248400  3357       57.61
12248784  3357       57.61
12248960  3357       26.30
12279667  3357       26.30
12369466  3357       26.30
12434895  3357       57.61
12435304  3357       26.30
12435757  3357       57.61
12435759  3357       26.30
12527456  3357       57.61
12534356  3357       26.30
12536172  3357       26.30
12691465  3357       26.30
12698409  3357       57.61
12698965  3357       57.61
12700553  3357       57.61
12701276  3357       26.30
12701301  3357       57.61
12702273  3357       57.61
12704473  3357       57.61
12704649  3357       26.30
12704927  3357       26.30
12705860  3357       26.30
12706171  3357       26.30
12707136  3357       26.30
12848719  3357       26.30
12851330  3357       26.30
12852888  3357       26.30
12858616  3357       26.30
12878256  3357       26.30
12884972  3357       26.30
12934142  3357       57.61
12934525  3357       57.61
12935305  3357       26.30
12935606  3357       26.30
13032012  3357       57.61
13032033  3357       26.30
13034237  3357       26.30
13084488  3357       57.61
13084886  3357       57.61
13180551  3357       26.30
13187744  3357       26.30
13187816  3357       26.30
13188137  3357       57.61
13188604  3357       57.61
13264411  3357       26.30
13265462  3357       57.61
13265946  3357       26.30
13266369  3357       26.30
13268000  3357       57.61
13268185  3357       57.61
13268457  3357       57.61
13268537  3357       26.30
13343258  3357       57.61
13346269  3357       57.61
13408041  3357       57.61
13510172  3357       57.61
13510180  3357       57.61
13519440  3357       57.61
13643981  3357       57.61
13643982  3357       57.61
13644051  3357       26.30
13644555  3357       57.61
13644665  3357       26.30
13652653  3357       57.61
13678214  3357       26.30
13678857  3357       57.61
13679940  3357       26.30
13724134  3357       26.30
13774187  3357       57.61
13774684  3357       26.30
13775452  3357       57.61
13775808  3357       57.61
13777181  3357       57.61
13785046  3357       57.61
13785661  3357       26.30
13785997  3357       57.61
13786181  3357       26.30
13787208  3357       26.30
13787741  3357       57.61
13842354  3357       26.30
13843775  3357       26.30
13856268  3357       26.30
13867427  3357       26.30
13868652  3357       26.30
13880177  3357       57.61
13880981  3357       26.30
13905892  3357       57.61
13986119  3357       26.30
14003086  3357       57.61
14030527  3357       57.61
14031045  3357       26.30
14031497  3357       26.30
14093727  3357       26.30
14143188  3357       57.61
14159223  3357       57.61
14176129  3357       26.30
14176671  3357       26.30
14270811  3357       57.61
14293118  3357       26.30
14335445  3357       57.61
14335539  3357       26.30
14372545  3357       57.61
14376347  3357       26.30
14398946  3357       26.30
14399267  3357       57.61
14405196  3357       26.30
14405401  3357       26.30
14513487  3357       57.61
14590375  3357       57.61
14607589  3357       57.61
14648947  3357       26.30
14649126  3357       57.61
14825867  3357       26.30
14877620  3357       26.30
14879704  3357       57.61
15170350  3357       57.61
15177867  3357       57.61
15306151  3357       57.61
15306996  3357       57.61
15352095  3357       26.30
15448608  3357       26.30
15597541  3357       57.61
15598043  3357       57.61
15598319  3357       26.30
15598510  3357       26.30
15598933  3357       57.61
15599928  3357       57.61
15668151  3357       26.30
15668851  3357       57.61
15690244  3357       57.61
15729233  3357       26.30
15729536  3357       57.61
15778630  3357       26.30
15885754  3357       57.61
15959808  3357       57.61
15961650  3357       57.61
16001576  3357       57.61
16137706  3357       57.61
16138119  3357       26.30
16324090  3357       26.30
16385667  3357       57.61
16387437  3357       26.30
16594051  3357       57.61
16641426  3357       57.61
16736267  3357       26.30
16770549  3357       26.30
16788972  3357       26.30
16796439  3357       57.61
17011869  3357       26.30
17012587  3357       26.30
17019549  3357       26.30
17033230  3357       57.61
17033256  3357       57.61
17104175  3357       26.30
17306742  3357       57.61
17379215  3357       57.61
17380736  3357       57.61
17504786  3357       57.61
17572385  3357       26.30
17574055  3357       57.61
17626132  3357       57.61
17727473  3357       57.61
17859806  3357       57.61
17859921  3357       57.61
17872590  3357       26.30
17965237  3357       26.30
18058393  3357       57.61
18059918  3357       26.30
18263579  3357       26.30
18263756  3357       26.30
18421508  3357       57.61
18471327  3357       26.30
18618969  3357       57.61
18656459  3357       26.30
18785684  3357       57.61
18950730  3357       57.61
19166206  3357       57.61
19262723  3357       26.30
19324610  3357       26.30
19424156  3357       26.30
19431369  3357       26.30
19827450  3357       57.61
19850185  3357       57.61
19886649  3357       26.30
19973112  3357       26.30
20046577  3357       57.61
20046584  3357       57.61
20187870  3357       57.61
20235584  3357       57.61
20348834  3357       57.61
20351464  3357       26.30
21140944  3357       57.61
22326349  3357       57.61
3080984   3357       26.30
3878006   3357       57.61
4065584   3357       26.30
4107436   3357       57.61
4381614   3357       57.61
4387777   3357       57.61
4409789   3357       57.61
4720170   3357       57.61
4720923   3357       26.30
4721016   3357       57.61
4727740   3357       57.61
4732618   3357       57.61
4734527   3357       57.61
4734940   3357       57.61
4805842   3357       26.30
5017295   3357       57.61
5237805   3357       26.30
5244483   3357       57.61
5249259   3357       26.30
5255567   3357       26.30
5257727   3357       26.30
5257774   3357       26.30
5261116   3357       57.61
5344986   3357       57.61
5435450   3357       57.61
5439480   3357       26.30
5458236   3357       57.61
5688352   3357       26.30
5765952   3357       26.30
5779173   3357       26.30
5921128   3357       26.30
5921800   3357       57.61
5929492   3357       26.30
5938630   3357       26.30
5938995   3357       26.30
6044716   3357       26.30
6125595   3357       57.61
6573893   3357       57.61
6575243   3357       57.61
6575301   3357       26.30
6602322   3357       57.61
6634354   3357       26.30
6689708   3357       26.30
6690236   3357       26.30
6701343   3357       26.30
6701344   3357       26.30
6701453   3357       26.30
6841910   3357       57.61
7076647   3357       26.30
7240399   3357       26.30
7309317   3357       57.61
7309375   3357       57.61
7314050   3357       57.61
7315058   3357       26.30
7315331   3357       26.30
7321787   3357       57.61
7322304   3357       57.61
7322780   3357       57.61
7328421   3357       57.61
7330948   3357       26.30
7332202   3357       57.61
7333526   3357       57.61
7335642   3357       26.30
7337778   3357       57.61
7342107   3357       57.61
7343605   3357       57.61
7344290   3357       57.61
7344465   3357       57.61
7348137   3357       57.61
7348986   3357       26.30
7349843   3357       57.61
7350273   3357       57.61
7352317   3357       57.61
7353364   3357       57.61
7353377   3357       26.30
7354064   3357       57.61
7360346   3357       57.61
7360517   3357       26.30
7363652   3357       26.30
7365166   3357       26.30
7365545   3357       57.61
7367276   3357       57.61
7368710   3357       57.61
7369018   3357       26.30
7371154   3357       26.30
7372156   3357       57.61
7373089   3357       57.61
7374243   3357       57.61
7377030   3357       57.61
7377579   3357       26.30
7379256   3357       57.61
7380616   3357       57.61
7381553   3357       26.30
7382532   3357       57.61
7384964   3357       26.30
7387544   3357       26.30
7388038   3357       57.61
7388080   3357       26.30
7388199   3357       57.61
7389581   3357       26.30
7391472   3357       57.61
7393061   3357       57.61
7393144   3357       57.61
7396051   3357       26.30
7400031   3357       26.30
7401094   3357       26.30
7401380   3357       26.30
7401853   3357       57.61
7403123   3357       57.61
7403188   3357       57.61
7403563   3357       57.61
7406353   3357       26.30
7408531   3357       26.30
7409730   3357       57.61
7412738   3357       57.61
7415448   3357       26.30
7416870   3357       57.61
7417289   3357       57.61
7417791   3357       26.30
7418898   3357       57.61
7418939   3357       57.61
7419340   3357       57.61
7419800   3357       26.30
7419866   3357       57.61
7420316   3357       26.30
7423415   3357       26.30
7423444   3357       26.30
7425063   3357       57.61
7425430   3357       26.30
7425900   3357       57.61
7426046   3357       26.30
7427359   3357       57.61
7427520   3357       26.30
7429274   3357       26.30
7434591   3357       26.30
7435158   3357       57.61
7436077   3357       57.61
7436996   3357       26.30
7437806   3357       57.61
7437808   3357       57.61
7438450   3357       26.30
7439617   3357       26.30
7439629   3357       26.30
7442445   3357       26.30
7444497   3357       57.61
7444842   3357       26.30
7445661   3357       57.61
7446644   3357       26.30
7447067   3357       26.30
7447992   3357       57.61
7449457   3357       57.61
7455588   3357       26.30
7461704   3357       26.30
7465820   3357       26.30
7465910   3357       26.30
7548420   3357       57.61
7917981   3357       26.30
7982728   3357       57.61
7983170   3357       57.61
7984159   3357       26.30
8069571   3357       26.30
8594315   3357       26.30
8718789   3357       26.30
9211039   3357       57.61
9433060   3357       26.30
9542237   3357       57.61
9543174   3357       26.30
9544179   3357       26.30
9544345   3357       57.61
9546474   3357       26.30
9547148   3357       57.61
9551389   3357       26.30
9553047   3357       57.61
9553149   3357       57.61
9553310   3357       57.61
9555609   3357       57.61
9555641   3357       26.30
9557803   3357       57.61
9557875   3357       57.61
9558628   3357       57.61
9560453   3357       57.61
9572755   3357       26.30
9601343   3357       26.30
9603154   3357       57.61
9603683   3357       26.30
9604166   3357       57.61
9608547   3357       26.30
9609337   3357       57.61
9609338   3357       26.30
9612530   3357       26.30
9612692   3357       26.30
9614364   3357       57.61
9615563   3357       26.30
9615964   3357       26.30
9617493   3357       57.61
9620376   3357       26.30
9620701   3357       57.61
9620720   3357       57.61
9621777   3357       57.61
9622347   3357       26.30
9624596   3357       57.61
9625361   3357       26.30
9625933   3357       26.30
9626082   3357       26.30
9626215   3357       57.61
9627523   3357       26.30
9627724   3357       57.61
9634554   3357       26.30
9634674   3357       26.30
9636806   3357       57.61
9638320   3357       26.30
9639201   3357       57.61
9845319   3357       57.61
9847068   3357       57.61
9848693   3357       57.61
9850403   3357       26.30
9851111   3357       26.30
9851993   3357       26.30
