10841823  0357    32787.89             ORDINARIO 00
12025294  0357    40146.86             ORDINARIO 00
13842354  0357    26764.91             ORDINARIO 00
14648947  0357    26764.91             ORDINARIO 00
16387793  0357    53528.81             ORDINARIO 00
10841823  3357    32787.89             ORDINARIO 00
12025294  3357    26764.91             ORDINARIO 00
13842354  3357    26764.91             ORDINARIO 00
14648947  3357    26764.91             ORDINARIO 00
16387793  3357    26764.91             ORDINARIO 00
