1115136   0357      360.08
1262953   0357      188.26
1266723   0357      271.51
14372818  0357      955.97
1631390   0357      353.89
1763812   0357      188.26
1834693   0357      271.51
2033664   0357      228.21
2157417   0357      570.53
2198274   0357       13.41
2376223   0357      300.21
2534786   0357      210.56
2541439   0357      524.75
2596405   0357      644.61
2605539   0357      372.94
2605823   0357      271.98
2741170   0357      221.61
2912692   0357      228.21
2916102   0357      210.56
3080057   0357      342.32
3082505   0357      214.16
3085276   0357        5.61
3156003   0357      264.17
3234299   0357        5.61
3314884   0357      271.39
3318694   0357      527.82
3322128   0357      212.61
3324110   0357      552.17
3324403   0357      228.21
3353242   0357       96.82
3457632   0357       81.36
3533360   0357      527.86
3541975   0357      272.02
3542015   0357      332.69
3855157   0357      271.98
3864991   0357      586.10
3963688   0357      426.46
4001934   0357      532.79
4064149   0357      382.29
4067118   0357      571.18
4071241   0357      613.98
4199927   0357      206.50
4375498   0357      228.21
4375998   0357       86.47
4414541   0357      211.89
4722814   0357      580.41
4729448   0357      272.02
4729575   0357      468.24
4730823   0357      822.46
4731494   0357      302.55
4732090   0357      475.25
4827213   0357      399.36
4882144   0357      223.40
5239261   0357      572.79
5242545   0357      446.84
5244302   0357      182.24
5244484   0357      302.55
5248954   0357      200.99
5251153   0357      188.29
5251214   0357      530.20
5263470   0357      425.83
5436795   0357      271.09
5925949   0357      271.51
6394853   0357      271.50
64800     0357        5.61
7316607   0357      524.75
7318041   0357      315.46
7325664   0357       81.35
7325778   0357      256.03
7337422   0357      210.55
7340742   0357      212.61
7351297   0357      117.38
7354848   0357      256.03
7363171   0357      223.53
7372973   0357      573.93
7395742   0357      271.72
7398038   0357      382.81
7440809   0357      357.91
7466779   0357      821.74
7502836   0357      530.15
7985605   0357      588.35
8064487   0357      421.06
8140450   0357      205.94
9543530   0357      673.73
9555077   0357      315.14
9557894   0357      350.06
9603870   0357      272.02
1115136   3357      360.08
1262953   3357      188.26
1266723   3357      271.51
14372818  3357      382.39
1631390   3357      353.89
1763812   3357      188.26
1834693   3357      271.51
2033664   3357      228.21
2157417   3357      228.21
2198274   3357       13.41
2376223   3357      300.21
2534786   3357      210.56
2541439   3357      524.75
2596405   3357      644.61
2605539   3357      372.94
2605823   3357      271.98
2741170   3357      221.61
2912692   3357      228.21
2916102   3357      210.56
3080057   3357      228.21
3082505   3357      214.16
3085276   3357        5.61
3156003   3357      264.17
3234299   3357        5.61
3314884   3357      271.39
3318694   3357      527.82
3322128   3357      212.61
3324110   3357      552.17
3324403   3357      228.21
3353242   3357       96.82
3457632   3357       81.36
3533360   3357      527.86
3541975   3357      272.02
3542015   3357      332.69
3855157   3357      271.98
3864991   3357      586.10
3963688   3357      426.46
4001934   3357      532.79
4064149   3357      382.29
4067118   3357      571.18
4071241   3357      613.98
4199927   3357      206.50
4375498   3357      228.21
4375998   3357       86.47
4414541   3357      211.89
4722814   3357      580.41
4729448   3357      272.02
4729575   3357      468.24
4730823   3357      822.46
4731494   3357      302.55
4732090   3357      475.25
4827213   3357      399.36
4882144   3357      223.40
5239261   3357      572.79
5242545   3357      446.84
5244302   3357      182.24
5244484   3357      302.55
5248954   3357      200.99
5251153   3357      188.29
5251214   3357      530.20
5263470   3357      425.83
5436795   3357      271.09
5925949   3357      271.51
6394853   3357      271.50
64800     3357        5.61
7316607   3357      524.75
7318041   3357      315.46
7325664   3357       81.35
7325778   3357      256.03
7337422   3357      210.55
7340742   3357      212.61
7351297   3357      117.38
7354848   3357      256.03
7363171   3357      223.53
7372973   3357      573.93
7395742   3357      271.72
7398038   3357      382.81
7440809   3357      357.91
7466779   3357      821.74
7502836   3357      530.15
7985605   3357      588.35
8064487   3357      210.53
8140450   3357      205.94
9543530   3357      673.73
9555077   3357      315.14
9557894   3357      350.06
9603870   3357      272.02
