10107724  0357     2104.57
10120357  0357     2582.91
10121866  0357     4597.42
10125466  0357     1605.24
10126656  0357     1721.94
10141786  0357     1838.97
10312414  0357     1605.24
10373550  0357     3443.88
10639752  0357     1733.02
10726693  0357     1721.94
10760806  0357     1605.24
10764554  0357     1838.97
10770124  0357     1721.94
10772668  0357     1605.24
10774121  0357     1838.97
10775520  0357     3210.47
10776516  0357     2104.57
10776915  0357     1605.24
10777645  0357     2582.91
10778464  0357     1605.24
10784623  0357     1721.94
10820078  0357     1838.97
10840266  0357     1721.94
10841061  0357     1605.24
10841823  0357     2104.57
10842205  0357     1721.94
10843324  0357     4304.85
10844947  0357     4304.85
10845717  0357     1605.24
10845943  0357     2104.57
10846474  0357     1721.94
10846532  0357     1838.97
10846940  0357     3443.88
10846985  0357     1721.94
10847648  0357     1605.24
10849906  0357     1721.94
10849907  0357     1838.97
10860593  0357     1721.94
10903693  0357     2101.30
10959957  0357     1721.94
10960021  0357     1721.94
10963442  0357     1838.97
10963957  0357     1838.97
10964062  0357     3443.88
1108218   0357     1968.54
1112379   0357     2562.27
1115136   0357     1322.40
11163187  0357     1605.24
11177533  0357     1605.24
11260715  0357     1721.94
11261772  0357     2104.57
11262378  0357     1721.94
11263756  0357     1605.24
11264465  0357     1721.94
11264550  0357     1605.24
11265496  0357     1721.94
11265527  0357     1838.97
11266390  0357     3443.88
11267811  0357     3210.47
11267932  0357     3210.47
11268437  0357     2104.57
11269196  0357     1966.40
1129535   0357     3793.73
11414487  0357     1838.97
11425214  0357     1721.94
11425449  0357     1721.94
11428034  0357     1605.24
11428889  0357     4304.85
11429539  0357     3443.88
11429792  0357     1605.24
11429991  0357     2582.91
11430700  0357     1721.94
11433167  0357     1721.94
11433865  0357     3443.88
11433968  0357     3443.88
11434350  0357     1721.94
11546168  0357     1605.24
11584952  0357     1721.94
11586448  0357     1838.97
11589730  0357     3443.88
11594236  0357     2104.57
11594524  0357     1605.24
11596252  0357     1721.94
11597667  0357     1721.94
11598121  0357     1605.24
11598207  0357     1605.24
11633896  0357     1605.24
11645810  0357     1721.94
11651035  0357     1721.94
11651090  0357     1721.94
11652405  0357     1721.94
11653864  0357     1721.94
11694358  0357     1605.24
11694758  0357     1721.94
11695394  0357     3210.47
11749469  0357     1721.94
11783201  0357     1838.97
11783366  0357     2104.57
11784637  0357     1605.24
11786325  0357     2104.57
11786432  0357     1605.24
11787653  0357     3443.88
11788587  0357     3677.93
11788630  0357     1838.97
11790273  0357     1721.94
11790818  0357     2582.91
11791177  0357     1721.94
11792127  0357     1721.94
11792506  0357     1605.24
11792846  0357     1832.16
11878930  0357     1721.94
11879419  0357     1838.97
11879750  0357     2104.57
11881224  0357     2104.57
11881668  0357     4013.09
11882080  0357     1088.72
11883300  0357     3443.88
12011761  0357     4209.14
12018571  0357     2407.86
12018729  0357     1605.24
12018852  0357     1721.94
12019816  0357     1605.24
12020535  0357     1966.40
12021559  0357     1838.97
12021966  0357     1721.94
12022428  0357     1838.97
12023306  0357     1966.40
12023981  0357     2582.91
12024178  0357     1721.94
12024179  0357     1721.94
12025294  0357     2582.91
12025488  0357     1605.24
12025491  0357     1605.24
12026565  0357     1721.94
12027093  0357     1721.94
12027527  0357     1605.24
12027928  0357     1605.24
12027973  0357     3677.93
12080554  0357     1721.94
12241212  0357     2407.86
12242270  0357     1721.94
12243077  0357     1605.24
12244707  0357     1605.24
12247738  0357     2582.91
12248400  0357     4013.09
12248745  0357     1721.94
12248755  0357     1838.97
12248784  0357     3210.47
12248960  0357     1721.94
12249178  0357     2104.57
12314254  0357     4915.99
12369466  0357     1721.94
12370670  0357     1493.21
1239070   0357     2499.27
12434895  0357     1721.94
12435304  0357     1721.94
12435757  0357     2407.86
12435759  0357     4304.85
12527456  0357     1605.24
12534356  0357     1721.94
12536172  0357     1721.94
12536549  0357     1966.40
1257983   0357     2862.29
1258658   0357     2562.27
1261562   0357     2191.00
1262953   0357     3063.60
1263302   0357     2042.70
1263303   0357     2482.86
12638103  0357     1605.24
1265436   0357     2482.86
1266723   0357     1816.46
12691465  0357     1721.94
1269356   0357     5893.92
12698409  0357     1605.24
12698965  0357     1605.24
12701276  0357     2104.57
12701301  0357     4013.09
12702273  0357     1593.41
12704473  0357     1605.24
12704482  0357     3677.93
12704649  0357     1721.94
12704927  0357     1721.94
12705860  0357     1721.94
12706171  0357     1721.94
12706774  0357     3677.93
12707136  0357     1721.94
1272390   0357     2042.70
1273369   0357     2482.86
1277938   0357     2413.47
1278407   0357     2482.86
12848719  0357     1721.94
12849330  0357     1966.40
12851330  0357     1721.94
12852888  0357     1721.94
12858616  0357     2582.91
12878256  0357     1721.94
12884972  0357     1721.94
12934142  0357     1605.24
12934525  0357     1605.24
12935305  0357     1721.94
12935606  0357     1721.94
13032012  0357     4013.09
13032033  0357     1721.94
13034237  0357     1721.94
13035222  0357     2104.57
13084488  0357     1605.24
13084886  0357     1605.24
13179920  0357     1605.24
13180551  0357     1721.94
1318484   0357     1968.54
13187744  0357     3443.88
13187816  0357     2582.91
13188137  0357     1605.24
13188604  0357     2407.86
13264411  0357     1721.94
13265462  0357     1605.24
13265946  0357     3156.86
13266369  0357     1721.94
13268000  0357     3210.47
13268185  0357     3210.47
13268352  0357     1721.94
13268457  0357     1605.24
13268537  0357     2582.91
13343258  0357     1605.24
13408041  0357     1605.24
13510172  0357     1605.24
13510180  0357     1605.24
13519440  0357     1605.24
13527636  0357     1838.97
13566631  0357     2104.57
13643981  0357     3210.47
13643982  0357     2407.86
13644051  0357     1721.94
13644555  0357     4013.09
13644665  0357     1721.94
13644680  0357     4597.42
13652653  0357     1605.24
13674854  0357     1838.97
13678214  0357     1721.94
13678857  0357     1605.24
13679940  0357     1721.94
13724134  0357     2582.91
13774684  0357     1721.94
13775452  0357     1605.24
13775808  0357     1605.24
13777181  0357     2407.86
13785046  0357     1605.24
13785661  0357     1721.94
13785997  0357     1605.24
13786181  0357     1838.97
13787208  0357     1721.94
13787741  0357     1605.24
13842354  0357     1721.94
13843775  0357     1721.94
13856268  0357     1721.94
13867427  0357     2582.91
13868652  0357     1721.94
13880177  0357     1721.94
13880981  0357     1721.94
13905892  0357     1605.24
13986119  0357     1721.94
14003086  0357     1605.24
14030527  0357     1605.24
14031045  0357     1721.94
14031497  0357     4304.85
14093727  0357     2582.91
14094806  0357     1838.97
14143188  0357     1605.24
14159223  0357     3210.47
14176671  0357     1721.94
14228153  0357     1721.94
14270811  0357     4013.09
14293118  0357     2582.91
1431183   0357     3038.73
14335445  0357     1605.24
14335539  0357     1721.94
14372299  0357     1838.97
14372545  0357     1605.24
14376347  0357     1721.94
14398946  0357     1721.94
14399267  0357     2407.86
14405196  0357     1721.94
14405401  0357     1721.94
14513487  0357     1605.24
14590375  0357     1605.24
14607589  0357     2407.86
14648947  0357     1721.94
14649126  0357     1605.24
14825867  0357     4304.85
14877620  0357     1721.94
14877805  0357     1838.97
14877859  0357     1966.40
14879597  0357     3443.88
14879704  0357     4013.09
14880827  0357     1838.97
14880972  0357     3443.88
15056332  0357     1838.97
15170350  0357     1605.24
15177340  0357     1838.97
15177867  0357     3210.47
15229138  0357     1721.94
15272372  0357     1605.24
15306996  0357     1605.24
15351139  0357     1721.94
15352095  0357     1721.94
15444190  0357     1721.94
15448608  0357     1721.94
15597541  0357     1605.24
15598043  0357     1605.24
15598319  0357     1721.94
15598510  0357     3443.88
15598933  0357     1605.24
15599928  0357     2407.86
15599929  0357     3443.88
15668151  0357     3443.88
15668851  0357     1605.24
15690244  0357     1605.24
15729233  0357     2582.91
15729536  0357     4013.09
15778630  0357     2582.91
15885754  0357     1605.24
15886521  0357     1721.94
15959808  0357     1605.24
15961650  0357     1605.24
16001576  0357     1605.24
16137706  0357     1605.24
16138119  0357     2582.91
1631390   0357      624.60
16385667  0357     1605.24
16387437  0357     3443.88
16594051  0357     1605.24
16641426  0357     1605.24
16736267  0357     1721.94
16770549  0357     1721.94
16788972  0357     3443.88
16796439  0357     3210.47
16796669  0357     1605.24
17011869  0357     3443.88
17012587  0357     4304.85
17019549  0357     1721.94
17033230  0357     1605.24
17033256  0357     1605.24
17104709  0357     1721.94
17306742  0357     1605.24
1737075   0357     2871.96
17379215  0357     2407.86
17380736  0357     1605.24
17572385  0357     3443.88
17574055  0357     1605.24
17626132  0357     3210.47
1763812   0357     1929.03
1764349   0357     2042.70
1765295   0357     2379.79
1769938   0357     2191.00
17727438  0357     4304.85
17727473  0357     1605.24
17853683  0357     4304.85
17859806  0357     1605.24
17859921  0357     3210.47
17872590  0357     1721.94
17942424  0357     1605.24
17942640  0357     1721.94
17965237  0357     2582.91
18054647  0357     1721.94
18058393  0357     1605.24
18059918  0357     1721.94
18263579  0357     1721.94
18263756  0357     1721.94
18332814  0357     1721.94
18421508  0357     1605.24
18422439  0357     3443.88
18618969  0357     1605.24
18655916  0357     1721.94
18656459  0357     2582.91
18785684  0357     1605.24
18923581  0357     1605.24
18928116  0357     1605.24
18950730  0357     1605.24
18998089  0357     3210.47
1906129   0357     3118.14
19262723  0357     1721.94
1926999   0357     3200.99
19324610  0357     3443.88
19348247  0357     1721.94
19355607  0357     1605.24
19431369  0357     1721.94
19436769  0357     1721.94
19827450  0357     1721.94
19850185  0357     4013.09
19886649  0357     4304.85
19973112  0357     1721.94
20015405  0357     1605.24
20046577  0357     3210.47
20046584  0357     3210.47
20187838  0357     1721.94
20187870  0357     3210.47
20189202  0357     1966.40
20235584  0357     3210.47
2030572   0357     2339.31
2033664   0357     3995.10
20348834  0357     2407.86
20351464  0357     4209.14
2101693   0357     2731.87
21140944  0357     2407.86
2130876   0357     2042.70
21505687  0357     4013.09
2157417   0357     9021.46
2186056   0357     2042.70
2189077   0357     1820.24
2196831   0357     3120.42
2198274   0357     3027.04
2198799   0357     2042.70
22326349  0357     1605.24
2272067   0357     2042.70
23156662  0357     3276.96
23573778  0357     1605.24
2376223   0357     4292.90
2380275   0357     3455.02
2384661   0357     2482.86
23851459  0357     1605.24
2529886   0357     2324.04
2532585   0357     2042.70
2533320   0357     2265.16
2534786   0357     2415.07
2535843   0357     3963.08
2536795   0357     2482.86
2539607   0357     3963.08
2539943   0357     2042.70
2541142   0357     2244.63
2541439   0357     3766.92
2541709   0357     2641.68
2543654   0357     3197.55
2543813   0357     2482.86
2543932   0357     2042.70
2592064   0357     2070.84
2592966   0357     2814.04
2593377   0357     2721.09
2593686   0357     2996.18
2596405   0357     2490.29
2598033   0357     2879.91
2598733   0357     2946.96
2598872   0357     2042.70
2601437   0357     3197.55
2603046   0357     2562.27
2605164   0357     2959.32
2605823   0357     1579.41
2607322   0357     2934.05
2608233   0357     2260.14
2608304   0357     2499.27
2608554   0357     2879.91
2684589   0357     2482.86
2741170   0357     3364.83
2854705   0357     2413.47
2870837   0357     2413.47
2910376   0357     2042.70
2910432   0357     3244.64
2911765   0357     2413.47
2912407   0357     2042.70
2912692   0357     3511.95
2913757   0357     2871.96
2913809   0357     2042.70
2915293   0357     2042.70
2915714   0357     3276.96
2915780   0357     2623.50
2916362   0357     2879.91
2916467   0357     1968.54
2916786   0357     2042.70
2918280   0357     6008.63
2992913   0357     1968.54
3035349   0357     2879.91
3080057   0357     6862.30
3080311   0357     2482.86
3080984   0357      294.70
3081351   0357     3522.44
3082505   0357     1555.11
3083006   0357     2800.50
3083065   0357     2042.70
3083457   0357     2413.47
3083843   0357     2042.70
3084868   0357     2959.32
3084978   0357     2413.47
3085009   0357     2623.50
3085276   0357     4346.78
3090485   0357     2121.47
3156003   0357     1805.05
3234299   0357     3894.73
3245420   0357     3118.14
3314884   0357     1682.34
3315121   0357     2042.70
3315781   0357     2413.47
3317339   0357     1095.73
3318589   0357     3143.18
3318694   0357     2498.54
3318719   0357     2959.32
3320986   0357     3389.45
3322128   0357     2821.05
3322284   0357     2265.16
3322381   0357     3624.37
3324084   0357      622.63
3324110   0357     3481.22
3329806   0357     2959.32
3353242   0357     1998.98
3528540   0357     3192.97
3533360   0357     2852.24
3535445   0357     2116.85
3535838   0357     2413.47
3538837   0357     2529.29
3539352   0357     2879.91
3541739   0357     2959.32
3541975   0357     2053.75
3542004   0357     1838.97
3542015   0357     1043.27
3554092   0357     3709.05
3593839   0357     2413.47
3598528   0357     2879.91
3759377   0357     2413.47
3784066   0357     2413.47
3784441   0357     2539.04
3785251   0357     3038.73
3792247   0357     2879.91
3830110   0357     2339.31
3855157   0357     1638.73
3855577   0357     2562.27
3856978   0357     2042.70
3857004   0357     2623.50
3857220   0357     3117.95
3857667   0357     2413.47
3857878   0357     3370.35
3858323   0357     6236.28
3858856   0357     1838.97
3859230   0357     4120.54
3864991   0357     3940.69
3963688   0357      535.66
3965704   0357     2499.27
3969513   0357     1860.31
4001934   0357     4662.22
4064149   0357      713.53
4065177   0357     2042.70
4065648   0357     3274.86
4066245   0357     2499.27
4067118   0357     2970.91
4067735   0357      596.40
4067795   0357     2879.91
4068788   0357     2042.70
4071074   0357     1333.32
4071241   0357     2217.42
4107436   0357     2078.46
4191539   0357     2116.85
4193094   0357     9060.94
4194671   0357     2384.09
4195654   0357     2413.47
4199927   0357     2172.39
4200911   0357     2996.18
4238916   0357     2042.70
430240    0357     1968.54
4373479   0357     2042.70
4375498   0357     4188.35
4375998   0357     2438.97
4376813   0357      670.65
4377201   0357     3200.99
4378140   0357     2116.85
4378236   0357     2413.47
4378283   0357     2623.50
4379154   0357     2116.85
4381341   0357     2623.50
4381614   0357       94.34
4382400   0357     4438.98
4383023   0357      286.20
4383200   0357     2413.47
4385047   0357     2641.68
4386936   0357     1966.40
4387777   0357     3038.71
4409788   0357     2191.00
4409789   0357     1655.80
4414417   0357     2559.52
4414541   0357     3295.85
4414909   0357     2959.32
4415675   0357     2413.47
443869    0357     3038.73
4609506   0357     2706.93
4610129   0357     2042.70
4720170   0357     2407.86
4720923   0357     2367.67
4721016   0357     1605.24
4721639   0357     2042.70
4722680   0357     2413.47
4722814   0357     1722.16
4723168   0357     2042.70
4723403   0357     2499.27
4724433   0357     2879.91
4725919   0357     3677.93
4727740   0357     2134.93
4728331   0357     2413.47
4729448   0357     1657.69
4730490   0357     2499.27
4730823   0357     2034.23
4731494   0357     3097.71
4732090   0357      183.01
4732618   0357      401.91
4734527   0357     1605.24
4734940   0357     1605.24
4735505   0357     2042.70
4738424   0357     2562.27
4739796   0357     1838.97
4805842   0357     1721.94
4827213   0357     1215.52
4853128   0357      370.84
4882144   0357     1803.91
5017295   0357     1605.24
5022967   0357     3370.35
5238236   0357     2042.70
5239261   0357     3860.46
5240821   0357     2623.50
5242545   0357     3919.00
5244302   0357     1805.05
5244483   0357     1605.24
5244484   0357     3097.71
5244765   0357     2413.47
5245261   0357     2059.69
5248926   0357     3011.58
5248954   0357     2370.44
5249259   0357     1721.94
5250965   0357     2879.91
5251153   0357     2444.01
5251214   0357     3004.81
5252606   0357     3677.93
5253930   0357     2191.00
5254613   0357     2403.97
5254952   0357     2747.73
5255567   0357     1721.94
5255641   0357     1860.21
5257069   0357     3082.04
5257175   0357     2879.91
5257421   0357     1966.40
5257727   0357     4304.85
5259121   0357     2413.47
5259785   0357     2413.47
5261139   0357      692.49
5261250   0357     2747.73
5261418   0357     2600.62
5261643   0357      782.60
5263470   0357     3479.34
5344986   0357     2101.30
5435450   0357      856.64
5436619   0357     1838.97
5436795   0357     1250.97
5438690   0357      667.12
5439480   0357     1721.94
5439865   0357     4915.99
5458236   0357     1605.24
5461455   0357     2879.75
5688352   0357     2262.13
5765952   0357     1721.94
5779173   0357     1721.94
5915261   0357     2721.09
5921800   0357     1605.24
5923624   0357     1838.97
5925143   0357     1838.97
5925949   0357     1875.78
5929492   0357     1721.94
5938995   0357     1721.94
6044716   0357     2582.91
6125595   0357     3004.00
6127630   0357     2879.68
6238388   0357     2104.57
6394853   0357      198.60
6537141   0357     2265.16
6573443   0357     3040.52
6573855   0357     1966.40
6573893   0357     1605.24
6575243   0357     1605.24
6575301   0357     1721.94
6584406   0357     6033.66
6602322   0357     1605.24
6634354   0357     1721.94
6689708   0357     1721.94
6690236   0357     1721.94
6701343   0357     2207.12
6701453   0357     1721.94
673822    0357     2747.73
6841910   0357     1605.24
7211860   0357     1838.97
7240399   0357     1721.94
7300376   0357      667.12
7301470   0357     2042.70
7305494   0357     2879.91
7305781   0357     2623.50
7308623   0357     3397.43
7309317   0357     1605.24
7309375   0357     2183.03
7310425   0357     1966.40
7310959   0357     3038.73
7311233   0357     2941.11
7312149   0357      885.56
7313189   0357     2499.27
7314050   0357      420.21
7314987   0357     1966.40
7315048   0357     1838.97
7315058   0357      528.81
7315331   0357     1721.94
7316059   0357     1966.40
7316607   0357     2941.56
7316959   0357     6740.69
7317744   0357     4085.39
7318041   0357     2856.86
7319649   0357     3677.93
7321787   0357     1605.24
7322304   0357     1605.24
7322780   0357     1605.24
7324725   0357     3624.37
7325664   0357      679.65
7325721   0357     2879.91
7325778   0357     1638.49
7328421   0357     1605.24
7330948   0357     1721.94
7332734   0357     4319.87
7335642   0357     1721.94
7337422   0357      165.98
7337778   0357     1605.24
7340200   0357     2116.85
7340742   0357     2821.05
7342107   0357     1605.24
7342680   0357     2482.86
7343605   0357     2101.30
7344290   0357     1605.24
7344465   0357     3210.47
7347856   0357     3118.14
7348137   0357     1858.42
7348986   0357      345.88
7349428   0357     5261.43
7349843   0357     1605.24
7350162   0357     2479.31
7350273   0357     1605.24
7351297   0357      157.50
7352317   0357     1605.24
7353377   0357     1721.94
7354064   0357     1605.24
7354848   0357     1757.13
7355928   0357     2499.27
7359478   0357     1838.97
7360346   0357     1605.24
7360517   0357     1721.94
7363652   0357     1721.94
7365166   0357      580.36
7365545   0357     1605.24
7367276   0357     1605.24
7368710   0357     3210.47
7369018   0357     1721.94
7371154   0357     1721.94
7372156   0357     1605.24
7373215   0357     1966.40
7374243   0357     2963.06
7374616   0357     3038.73
7377030   0357     1605.24
7377579   0357     1721.94
7379256   0357     3210.47
7380616   0357     1605.24
7381553   0357     1721.94
7382148   0357     3080.12
7382532   0357     1605.24
7384964   0357     1721.94
7387544   0357     3443.88
7388038   0357     1605.24
7388080   0357     1721.94
7388125   0357     1838.97
7388199   0357     1906.40
7389581   0357     1721.94
7392153   0357     4597.42
7393061   0357     1605.24
7395742   0357     1579.41
7398038   0357      611.38
7400031   0357     1721.94
7401094   0357     1721.94
7401380   0357     1431.08
7401853   0357     1605.24
7403123   0357     1605.24
7403188   0357     1605.24
7403563   0357     1605.24
7406353   0357     1721.94
7408531   0357     1721.94
7409730   0357     1605.24
7410177   0357     1811.04
7412535   0357     1838.97
7412738   0357     1605.24
7415285   0357     2424.84
7415448   0357     1721.94
7416870   0357     2101.30
7417289   0357     3210.47
7417791   0357     3443.88
7418898   0357     1605.24
7418939   0357     1721.94
7419340   0357     1605.24
7419800   0357     1721.94
7419866   0357     4013.09
7420316   0357     1721.94
7420429   0357     1838.97
7423108   0357     1838.97
7423415   0357     1721.94
7425063   0357     1605.24
7425430   0357     1721.94
7425900   0357     1605.24
7426046   0357     1721.94
7427359   0357     1605.24
7427520   0357     1721.94
7429274   0357     1721.94
7432253   0357     1838.97
7434591   0357     4304.85
7435158   0357     3080.53
7436077   0357     3210.47
7436996   0357     1721.94
7437806   0357     1605.24
7438450   0357     1754.04
7439597   0357     4793.73
7439617   0357     1721.94
7439629   0357     1721.94
7440809   0357     1155.82
7442445   0357     1721.94
7444497   0357     2407.86
7444651   0357     1838.97
7444842   0357     1721.94
7444889   0357     3932.79
7445661   0357     1605.24
7446382   0357     1838.97
7446644   0357     1721.94
7447067   0357     4304.85
7447334   0357     1966.40
7447992   0357     1605.24
7449457   0357     1605.24
7455588   0357     1431.08
7461704   0357     1793.41
7465820   0357     4304.85
7465910   0357     1721.94
7466779   0357      992.93
7502836   0357     3004.68
770342    0357     2244.63
7917981   0357     1893.85
7982865   0357     1838.97
7983170   0357     1605.24
7984159   0357     1721.94
7985605   0357     1194.36
8054279   0357      827.15
8064487   0357      295.72
8069571   0357     1602.06
8140450   0357     1751.31
8594315   0357     1721.94
8718789   0357     2894.21
8734286   0357     1838.97
9066082   0357     2413.47
9211039   0357     1605.24
9261804   0357     1838.97
9317884   0357     3677.93
9433060   0357     1721.94
9540404   0357     1838.97
9542018   0357     4597.42
9542237   0357     1605.24
9543174   0357      580.36
9543530   0357     2599.07
9544179   0357     1721.94
9544345   0357     1605.24
9544429   0357      292.55
9544827   0357     1838.97
9545198   0357     2499.27
9546474   0357     1721.94
9551389   0357     1721.94
9553047   0357     1605.24
9553149   0357     1605.24
9555077   0357     3513.40
9555609   0357     1605.24
9555641   0357     1721.94
9557148   0357     3932.79
9557803   0357     1605.24
9557875   0357     1605.24
9557894   0357     1469.12
9558628   0357     1605.24
9601343   0357     4304.85
9603683   0357     1721.94
9603870   0357     2113.07
9604166   0357     1605.24
9604592   0357     3156.86
9607091   0357     2499.27
9608547   0357     1721.94
9609337   0357     2123.34
9609338   0357     3443.88
9612692   0357     1721.94
9614364   0357     3210.47
9615563   0357     1721.94
9615964   0357     1721.94
9617493   0357     3210.47
9620242   0357     3677.93
9620248   0357     3932.79
9620376   0357     1721.94
9620599   0357     1838.97
9620701   0357     1605.24
9620720   0357      996.65
9621777   0357     1721.94
9622347   0357     1721.94
9624596   0357     1605.24
9625361   0357     1721.94
9625933   0357     3443.88
9626082   0357     1721.94
9626215   0357     1605.24
9627150   0357     4597.42
9627523   0357     3443.88
9627724   0357     1605.24
9629963   0357     1838.97
9631462   0357     1391.58
9634674   0357     1721.94
9636806   0357     1605.24
9638320   0357     1721.94
9639201   0357     1605.24
9845319   0357     1605.24
9846320   0357     1838.97
9847068   0357     1605.24
9848693   0357      424.77
9850403   0357     1721.94
9851111   0357     1721.94
10107724  3357     2104.57
10120357  3357     1721.94
10121866  3357     1838.97
10125466  3357     1605.24
10126656  3357     1721.94
10141786  3357     1838.97
10312414  3357     1605.24
10373550  3357     1721.94
10639752  3357     1733.02
10726693  3357     1721.94
10760806  3357     1605.24
10764554  3357     1838.97
10770124  3357     1721.94
10772668  3357     1605.24
10774121  3357     1838.97
10775520  3357     1605.24
10776516  3357     2104.57
10776915  3357     1605.24
10777645  3357     1721.94
10778464  3357     1605.24
10784623  3357     1721.94
10820078  3357     1838.97
10840266  3357     1721.94
10841061  3357     1605.24
10841823  3357     2104.57
10842205  3357     1721.94
10843324  3357     1721.94
10844947  3357     1721.94
10845717  3357     1605.24
10845943  3357     2104.57
10846474  3357     1721.94
10846532  3357     1838.97
10846940  3357     1721.94
10846985  3357     1721.94
10847648  3357     1605.24
10849906  3357     1721.94
10849907  3357     1838.97
10860593  3357     1721.94
10903693  3357     2101.30
10959957  3357     1721.94
10960021  3357     1721.94
10963442  3357     1838.97
10963957  3357     1838.97
10964062  3357     1721.94
1108218   3357     1968.54
1112379   3357     2562.27
1115136   3357     1322.40
11163187  3357     1605.24
11177533  3357     1605.24
11260715  3357     1721.94
11261772  3357     2104.57
11262378  3357     1721.94
11263756  3357     1605.24
11264465  3357     1721.94
11264550  3357     1605.24
11265496  3357     1721.94
11265527  3357     1838.97
11266390  3357     1721.94
11267811  3357     1605.24
11267932  3357     1605.24
11268437  3357     2104.57
11269196  3357     1966.40
1129535   3357     3793.73
11414487  3357     1838.97
11425214  3357     1721.94
11425449  3357     1721.94
11428034  3357     1605.24
11428889  3357     1721.94
11429539  3357     1721.94
11429792  3357     1605.24
11429991  3357     1721.94
11430700  3357     1721.94
11433167  3357     1721.94
11433865  3357     1721.94
11433968  3357     1721.94
11434350  3357     1721.94
11546168  3357     1605.24
11584952  3357     1721.94
11586448  3357     1838.97
11589730  3357     1721.94
11594236  3357     2104.57
11594524  3357     1605.24
11596252  3357     1721.94
11597667  3357     1721.94
11598121  3357     1605.24
11598207  3357     1605.24
11633896  3357     1605.24
11645810  3357     1721.94
11651035  3357     1721.94
11651090  3357     1721.94
11652405  3357     1721.94
11653864  3357     1721.94
11694358  3357     1605.24
11694758  3357     1721.94
11695394  3357     1605.24
11749469  3357     1721.94
11783201  3357     1838.97
11783366  3357     2104.57
11784637  3357     1605.24
11786325  3357     2104.57
11786432  3357     1605.24
11787653  3357     1721.94
11788587  3357     1838.97
11788630  3357     1838.97
11790273  3357     1721.94
11790818  3357     1721.94
11791177  3357     1721.94
11792127  3357     1721.94
11792506  3357     1605.24
11792846  3357     1832.16
11878930  3357     1721.94
11879419  3357     1838.97
11879750  3357     2104.57
11881224  3357     2104.57
11881668  3357     1605.24
11882080  3357     1088.72
11883300  3357     1721.94
12011761  3357     2104.57
12018571  3357     1605.24
12018729  3357     1605.24
12018852  3357     1721.94
12019816  3357     1605.24
12020535  3357     1966.40
12021559  3357     1838.97
12021966  3357     1721.94
12022428  3357     1838.97
12023306  3357     1966.40
12023981  3357     1721.94
12024178  3357     1721.94
12024179  3357     1721.94
12025294  3357     1721.94
12025488  3357     1605.24
12025491  3357     1605.24
12026565  3357     1721.94
12027093  3357     1721.94
12027527  3357     1605.24
12027928  3357     1605.24
12027973  3357     1838.97
12080554  3357     1721.94
12241212  3357     1605.24
12242270  3357     1721.94
12243077  3357     1605.24
12244707  3357     1605.24
12247738  3357     1721.94
12248400  3357     1605.24
12248745  3357     1721.94
12248755  3357     1838.97
12248784  3357     1605.24
12248960  3357     1721.94
12249178  3357     2104.57
12314254  3357     1966.40
12369466  3357     1721.94
12370670  3357     1493.21
1239070   3357     2499.27
12434895  3357     1721.94
12435304  3357     1721.94
12435757  3357     1605.24
12435759  3357     1721.94
12527456  3357     1605.24
12534356  3357     1721.94
12536172  3357     1721.94
12536549  3357     1966.40
1257983   3357     2862.29
1258658   3357     2562.27
1261562   3357     2191.00
1262953   3357     3063.60
1263302   3357     2042.70
1263303   3357     2482.86
12638103  3357     1605.24
1265436   3357     2482.86
1266723   3357     1816.46
12691465  3357     1721.94
1269356   3357     2946.96
12698409  3357     1605.24
12698965  3357     1605.24
12701276  3357     2104.57
12701301  3357     1605.24
12702273  3357     1593.41
12704473  3357     1605.24
12704482  3357     1838.97
12704649  3357     1721.94
12704927  3357     1721.94
12705860  3357     1721.94
12706171  3357     1721.94
12706774  3357     1838.97
12707136  3357     1721.94
1272390   3357     2042.70
1273369   3357     2482.86
1277938   3357     2413.47
1278407   3357     2482.86
12848719  3357     1721.94
12849330  3357     1966.40
12851330  3357     1721.94
12852888  3357     1721.94
12858616  3357     1721.94
12878256  3357     1721.94
12884972  3357     1721.94
12934142  3357     1605.24
12934525  3357     1605.24
12935305  3357     1721.94
12935606  3357     1721.94
13032012  3357     1605.24
13032033  3357     1721.94
13034237  3357     1721.94
13035222  3357     2104.57
13084488  3357     1605.24
13084886  3357     1605.24
13179920  3357     1605.24
13180551  3357     1721.94
1318484   3357     1968.54
13187744  3357     1721.94
13187816  3357     1721.94
13188137  3357     1605.24
13188604  3357     1605.24
13264411  3357     1721.94
13265462  3357     1605.24
13265946  3357     2104.57
13266369  3357     1721.94
13268000  3357     1605.24
13268185  3357     1605.24
13268352  3357     1721.94
13268457  3357     1605.24
13268537  3357     1721.94
13343258  3357     1605.24
13408041  3357     1605.24
13510172  3357     1605.24
13510180  3357     1605.24
13519440  3357     1605.24
13527636  3357     1838.97
13566631  3357     2104.57
13643981  3357     1605.24
13643982  3357     1605.24
13644051  3357     1721.94
13644555  3357     1605.24
13644665  3357     1721.94
13644680  3357     1838.97
13652653  3357     1605.24
13674854  3357     1838.97
13678214  3357     1721.94
13678857  3357     1605.24
13679940  3357     1721.94
13724134  3357     1721.94
13774684  3357     1721.94
13775452  3357     1605.24
13775808  3357     1605.24
13777181  3357     1605.24
13785046  3357     1605.24
13785661  3357     1721.94
13785997  3357     1605.24
13786181  3357     1838.97
13787208  3357     1721.94
13787741  3357     1605.24
13842354  3357     1721.94
13843775  3357     1721.94
13856268  3357     1721.94
13867427  3357     1721.94
13868652  3357     1721.94
13880177  3357     1721.94
13880981  3357     1721.94
13905892  3357     1605.24
13986119  3357     1721.94
14003086  3357     1605.24
14030527  3357     1605.24
14031045  3357     1721.94
14031497  3357     1721.94
14093727  3357     1721.94
14094806  3357     1838.97
14143188  3357     1605.24
14159223  3357     1605.24
14176671  3357     1721.94
14228153  3357     1721.94
14270811  3357     1605.24
14293118  3357     1721.94
1431183   3357     3038.73
14335445  3357     1605.24
14335539  3357     1721.94
14372299  3357     1838.97
14372545  3357     1605.24
14376347  3357     1721.94
14398946  3357     1721.94
14399267  3357     1605.24
14405196  3357     1721.94
14405401  3357     1721.94
14513487  3357     1605.24
14590375  3357     1605.24
14607589  3357     1605.24
14648947  3357     1721.94
14649126  3357     1605.24
14825867  3357     1721.94
14877620  3357     1721.94
14877805  3357     1838.97
14877859  3357     1966.40
14879597  3357     1721.94
14879704  3357     1605.24
14880827  3357     1838.97
14880972  3357     1721.94
15056332  3357     1838.97
15170350  3357     1605.24
15177340  3357     1838.97
15177867  3357     1605.24
15229138  3357     1721.94
15272372  3357     1605.24
15306996  3357     1605.24
15351139  3357     1721.94
15352095  3357     1721.94
15444190  3357     1721.94
15448608  3357     1721.94
15597541  3357     1605.24
15598043  3357     1605.24
15598319  3357     1721.94
15598510  3357     1721.94
15598933  3357     1605.24
15599928  3357     1605.24
15599929  3357     1721.94
15668151  3357     1721.94
15668851  3357     1605.24
15690244  3357     1605.24
15729233  3357     1721.94
15729536  3357     1605.24
15778630  3357     1721.94
15885754  3357     1605.24
15886521  3357     1721.94
15959808  3357     1605.24
15961650  3357     1605.24
16001576  3357     1605.24
16137706  3357     1605.24
16138119  3357     1721.94
1631390   3357      624.60
16385667  3357     1605.24
16387437  3357     1721.94
16594051  3357     1605.24
16641426  3357     1605.24
16736267  3357     1721.94
16770549  3357     1721.94
16788972  3357     1721.94
16796439  3357     1605.24
16796669  3357     1605.24
17011869  3357     1721.94
17012587  3357     1721.94
17019549  3357     1721.94
17033230  3357     1605.24
17033256  3357     1605.24
17104709  3357     1721.94
17306742  3357     1605.24
1737075   3357     2871.96
17379215  3357     1605.24
17380736  3357     1605.24
17572385  3357     1721.94
17574055  3357     1605.24
17626132  3357     1605.24
1763812   3357     1929.03
1764349   3357     2042.70
1765295   3357     1189.89
1769938   3357     2191.00
17727438  3357     1721.94
17727473  3357     1605.24
17853683  3357     1721.94
17859806  3357     1605.24
17859921  3357     1605.24
17872590  3357     1721.94
17942424  3357     1605.24
17942640  3357     1721.94
17965237  3357     1721.94
18054647  3357     1721.94
18058393  3357     1605.24
18059918  3357     1721.94
18263579  3357     1721.94
18263756  3357     1721.94
18332814  3357     1721.94
18421508  3357     1605.24
18422439  3357     1721.94
18618969  3357     1605.24
18655916  3357     1721.94
18656459  3357     1721.94
18785684  3357     1605.24
18923581  3357     1605.24
18928116  3357     1605.24
18950730  3357     1605.24
18998089  3357     1605.24
1906129   3357     3118.14
19262723  3357     1721.94
1926999   3357     3200.99
19324610  3357     1721.94
19348247  3357     1721.94
19355607  3357     1605.24
19431369  3357     1721.94
19436769  3357     1721.94
19827450  3357     1721.94
19850185  3357     1605.24
19886649  3357     1721.94
19973112  3357     1721.94
20015405  3357     1605.24
20046577  3357     1605.24
20046584  3357     1605.24
20187838  3357     1721.94
20187870  3357     1605.24
20189202  3357     1966.40
20235584  3357     1605.24
2030572   3357     2339.31
2033664   3357     3995.10
20348834  3357     1605.24
20351464  3357     2104.57
2101693   3357     2731.87
21140944  3357     1605.24
2130876   3357     2042.70
21505687  3357     1605.24
2157417   3357     3608.58
2186056   3357     2042.70
2189077   3357     1820.24
2196831   3357     3120.42
2198274   3357     3027.04
2198799   3357     2042.70
22326349  3357     1605.24
2272067   3357     2042.70
23156662  3357     3276.96
23573778  3357     1605.24
2376223   3357     4292.90
2380275   3357     3455.02
2384661   3357     2482.86
23851459  3357     1605.24
2529886   3357     2324.04
2532585   3357     2042.70
2533320   3357     2265.16
2534786   3357     2415.07
2535843   3357     3963.08
2536795   3357     2482.86
2539607   3357     3963.08
2539943   3357     2042.70
2541142   3357     2244.63
2541439   3357     3766.92
2541709   3357     2641.68
2543654   3357     3197.55
2543813   3357     2482.86
2543932   3357     2042.70
2592064   3357     2070.84
2592966   3357     2814.04
2593377   3357     2721.09
2593686   3357     2996.18
2596405   3357     2490.29
2598033   3357     2879.91
2598733   3357     2946.96
2598872   3357     2042.70
2601437   3357     3197.55
2603046   3357     2562.27
2605164   3357     2959.32
2605823   3357     1579.41
2607322   3357     2934.05
2608233   3357     2260.14
2608304   3357     2499.27
2608554   3357     2879.91
2684589   3357     2482.86
2741170   3357     3364.83
2854705   3357     2413.47
2870837   3357     2413.47
2910376   3357     2042.70
2910432   3357     3244.64
2911765   3357     2413.47
2912407   3357     2042.70
2912692   3357     3511.95
2913757   3357     2871.96
2913809   3357     2042.70
2915293   3357     2042.70
2915714   3357     3276.96
2915780   3357     2623.50
2916362   3357     2879.91
2916467   3357     1968.54
2916786   3357     2042.70
2918280   3357     2403.45
2992913   3357     1968.54
3035349   3357     2879.91
3080057   3357     4574.87
3080311   3357     2482.86
3080984   3357      294.70
3081351   3357     3522.44
3082505   3357     1555.11
3083006   3357     2800.50
3083065   3357     2042.70
3083457   3357     2413.47
3083843   3357     2042.70
3084868   3357     2959.32
3084978   3357     2413.47
3085009   3357     2623.50
3085276   3357     4346.78
3090485   3357     2121.47
3156003   3357     1805.05
3234299   3357     3894.73
3245420   3357     3118.14
3314884   3357     1682.34
3315121   3357     2042.70
3315781   3357     2413.47
3317339   3357     1095.73
3318589   3357     3143.18
3318694   3357     2498.54
3318719   3357     2959.32
3320986   3357     3389.45
3322128   3357     2821.05
3322284   3357     2265.16
3322381   3357     3624.37
3324084   3357      622.63
3324110   3357     3481.22
3329806   3357     2959.32
3353242   3357     1998.98
3528540   3357     3192.97
3533360   3357     2852.24
3535445   3357     2116.85
3535838   3357     2413.47
3538837   3357     2529.29
3539352   3357     2879.91
3541739   3357     2959.32
3541975   3357     2053.75
3542004   3357     1838.97
3542015   3357     1043.27
3554092   3357     3709.05
3593839   3357     2413.47
3598528   3357     2879.91
3759377   3357     2413.47
3784066   3357     2413.47
3784441   3357     2539.04
3785251   3357     3038.73
3792247   3357     2879.91
3830110   3357     2339.31
3855157   3357     1638.73
3855577   3357     2562.27
3856978   3357     2042.70
3857004   3357     2623.50
3857220   3357     3117.95
3857667   3357     2413.47
3857878   3357     3370.35
3858323   3357     3118.14
3858856   3357     1838.97
3859230   3357     2747.03
3864991   3357     3940.69
3963688   3357      535.66
3965704   3357     2499.27
3969513   3357     1860.31
4001934   3357     4662.22
4064149   3357      713.53
4065177   3357     2042.70
4065648   3357     3274.86
4066245   3357     2499.27
4067118   3357     2970.91
4067735   3357      596.40
4067795   3357     2879.91
4068788   3357     2042.70
4071074   3357     1333.32
4071241   3357     2217.42
4107436   3357     2078.46
4191539   3357     2116.85
4193094   3357     3624.37
4194671   3357     2384.09
4195654   3357     2413.47
4199927   3357     2172.39
4200911   3357     2996.18
4238916   3357     2042.70
430240    3357     1968.54
4373479   3357     2042.70
4375498   3357     4188.35
4375998   3357     2438.97
4376813   3357      670.65
4377201   3357     3200.99
4378140   3357     2116.85
4378236   3357     2413.47
4378283   3357     2623.50
4379154   3357     2116.85
4381341   3357     2623.50
4381614   3357       94.34
4382400   3357     2959.32
4383023   3357      286.20
4383200   3357     2413.47
4385047   3357     2641.68
4386936   3357     1966.40
4387777   3357     1215.48
4409788   3357     2191.00
4409789   3357      827.90
4414417   3357     2559.52
4414541   3357     3295.85
4414909   3357     2959.32
4415675   3357     2413.47
443869    3357     3038.73
4609506   3357     2706.93
4610129   3357     2042.70
4720170   3357     1605.24
4720923   3357     2367.67
4721016   3357     1605.24
4721639   3357     2042.70
4722680   3357     2413.47
4722814   3357     1722.16
4723168   3357     2042.70
4723403   3357     2499.27
4724433   3357     2879.91
4725919   3357     1838.97
4727740   3357     2134.93
4728331   3357     2413.47
4729448   3357     1657.69
4730490   3357     2499.27
4730823   3357     2034.23
4731494   3357     3097.71
4732090   3357      183.01
4732618   3357      401.91
4734527   3357     1605.24
4734940   3357     1605.24
4735505   3357     2042.70
4738424   3357     2562.27
4739796   3357     1838.97
4805842   3357     1721.94
4827213   3357     1215.52
4853128   3357      370.84
4882144   3357     1803.91
5017295   3357     1605.24
5022967   3357     3370.35
5238236   3357     2042.70
5239261   3357     3860.46
5240821   3357     2623.50
5242545   3357     3919.00
5244302   3357     1805.05
5244483   3357     1605.24
5244484   3357     3097.71
5244765   3357     2413.47
5245261   3357     2059.69
5248926   3357     3011.58
5248954   3357     2370.44
5249259   3357     1721.94
5250965   3357     2879.91
5251153   3357     2444.01
5251214   3357     3004.81
5252606   3357     1838.97
5253930   3357     2191.00
5254613   3357     2403.97
5254952   3357     2747.73
5255567   3357     1721.94
5255641   3357     1860.21
5257069   3357     3082.04
5257175   3357     2879.91
5257421   3357     1966.40
5257727   3357     1721.94
5259121   3357     2413.47
5259785   3357     2413.47
5261139   3357      692.49
5261250   3357     2747.73
5261418   3357     2600.62
5261643   3357      782.60
5263470   3357     3479.34
5344986   3357     2101.30
5435450   3357      856.64
5436619   3357     1838.97
5436795   3357     1250.97
5438690   3357      667.12
5439480   3357     1721.94
5439865   3357     1966.40
5458236   3357     1605.24
5461455   3357     2879.75
5688352   3357     2262.13
5765952   3357     1721.94
5779173   3357     1721.94
5915261   3357     2721.09
5921800   3357     1605.24
5923624   3357     1838.97
5925143   3357     1838.97
5925949   3357     1875.78
5929492   3357     1721.94
5938995   3357     1721.94
6044716   3357     1721.94
6125595   3357     1201.60
6127630   3357     2879.68
6238388   3357     2104.57
6394853   3357      198.60
6537141   3357     2265.16
6573443   3357     3040.52
6573855   3357     1966.40
6573893   3357     1605.24
6575243   3357     1605.24
6575301   3357     1721.94
6584406   3357     2413.47
6602322   3357     1605.24
6634354   3357     1721.94
6689708   3357     1721.94
6690236   3357     1721.94
6701343   3357     2207.12
6701453   3357     1721.94
673822    3357     2747.73
6841910   3357     1605.24
7211860   3357     1838.97
7240399   3357     1721.94
7300376   3357      667.12
7301470   3357     2042.70
7305494   3357     2879.91
7305781   3357     2623.50
7308623   3357     3397.43
7309317   3357     1605.24
7309375   3357     2183.03
7310425   3357     1966.40
7310959   3357     3038.73
7311233   3357     2941.11
7312149   3357      885.56
7313189   3357     2499.27
7314050   3357      420.21
7314987   3357     1966.40
7315048   3357     1838.97
7315058   3357      211.52
7315331   3357     1721.94
7316059   3357     1966.40
7316607   3357     2941.56
7316959   3357     3370.35
7317744   3357     2042.70
7318041   3357     2856.86
7319649   3357     1838.97
7321787   3357     1605.24
7322304   3357     1605.24
7322780   3357     1605.24
7324725   3357     3624.37
7325664   3357      679.65
7325721   3357     2879.91
7325778   3357     1638.49
7328421   3357     1605.24
7330948   3357     1721.94
7332734   3357     2879.91
7335642   3357     1721.94
7337422   3357      165.98
7337778   3357     1605.24
7340200   3357     2116.85
7340742   3357     2821.05
7342107   3357     1605.24
7342680   3357     2482.86
7343605   3357     2101.30
7344290   3357     1605.24
7344465   3357     1605.24
7347856   3357     3118.14
7348137   3357     1858.42
7348986   3357      345.88
7349428   3357     2104.57
7349843   3357     1605.24
7350162   3357     2479.31
7350273   3357     1605.24
7351297   3357      157.50
7352317   3357     1605.24
7353377   3357     1721.94
7354064   3357     1605.24
7354848   3357     1757.13
7355928   3357     2499.27
7359478   3357     1838.97
7360346   3357     1605.24
7360517   3357     1721.94
7363652   3357     1721.94
7365166   3357      580.36
7365545   3357     1605.24
7367276   3357     1605.24
7368710   3357     1605.24
7369018   3357     1721.94
7371154   3357     1721.94
7372156   3357     1605.24
7373215   3357     1966.40
7374243   3357     2963.06
7374616   3357     3038.73
7377030   3357     1605.24
7377579   3357     1721.94
7379256   3357     1605.24
7380616   3357     1605.24
7381553   3357     1721.94
7382148   3357     3080.12
7382532   3357     1605.24
7384964   3357     1721.94
7387544   3357     1721.94
7388038   3357     1605.24
7388080   3357     1721.94
7388125   3357     1838.97
7388199   3357     1270.94
7389581   3357     1721.94
7392153   3357     1838.97
7393061   3357     1605.24
7395742   3357     1579.41
7398038   3357      611.38
7400031   3357     1721.94
7401094   3357     1721.94
7401380   3357     1431.08
7401853   3357     1605.24
7403123   3357     1605.24
7403188   3357     1605.24
7403563   3357     1605.24
7406353   3357     1721.94
7408531   3357     1721.94
7409730   3357     1605.24
7410177   3357     1811.04
7412535   3357     1838.97
7412738   3357     1605.24
7415285   3357     2424.84
7415448   3357     1721.94
7416870   3357     2101.30
7417289   3357     1605.24
7417791   3357     1721.94
7418898   3357     1605.24
7418939   3357     1721.94
7419340   3357     1605.24
7419800   3357     1721.94
7419866   3357     1605.24
7420316   3357     1721.94
7420429   3357     1838.97
7423108   3357     1838.97
7423415   3357     1721.94
7425063   3357     1605.24
7425430   3357     1721.94
7425900   3357     1605.24
7426046   3357     1721.94
7427359   3357     1605.24
7427520   3357     1721.94
7429274   3357     1721.94
7432253   3357     1838.97
7434591   3357     1721.94
7435158   3357     1232.21
7436077   3357     1605.24
7436996   3357     1721.94
7437806   3357     1605.24
7438450   3357     1754.04
7439597   3357     2396.87
7439617   3357     1721.94
7439629   3357     1721.94
7440809   3357     1155.82
7442445   3357     1721.94
7444497   3357     1605.24
7444651   3357     1838.97
7444842   3357     1721.94
7444889   3357     1966.40
7445661   3357     1605.24
7446382   3357     1838.97
7446644   3357     1721.94
7447067   3357     1721.94
7447334   3357     1966.40
7447992   3357     1605.24
7449457   3357     1605.24
7455588   3357     1431.08
7461704   3357     1793.41
7465820   3357     1721.94
7465910   3357     1721.94
7466779   3357      992.93
7502836   3357     3004.68
770342    3357     2244.63
7917981   3357     1893.85
7982865   3357     1838.97
7983170   3357     1605.24
7984159   3357     1721.94
7985605   3357     1194.36
8054279   3357      827.15
8064487   3357      147.86
8069571   3357     1602.06
8140450   3357     1751.31
8594315   3357     1721.94
8718789   3357     1447.11
8734286   3357     1838.97
9066082   3357     2413.47
9211039   3357     1605.24
9261804   3357     1838.97
9317884   3357     1838.97
9433060   3357     1721.94
9540404   3357     1838.97
9542018   3357     1838.97
9542237   3357     1605.24
9543174   3357      580.36
9543530   3357     2599.07
9544179   3357     1721.94
9544345   3357     1605.24
9544429   3357      292.55
9544827   3357     1838.97
9545198   3357     2499.27
9546474   3357     1721.94
9551389   3357     1721.94
9553047   3357     1605.24
9553149   3357     1605.24
9555077   3357     3513.40
9555609   3357     1605.24
9555641   3357     1721.94
9557148   3357     1966.40
9557803   3357     1605.24
9557875   3357     1605.24
9557894   3357     1469.12
9558628   3357     1605.24
9601343   3357     1721.94
9603683   3357     1721.94
9603870   3357     2113.07
9604166   3357     1605.24
9604592   3357     2104.57
9607091   3357     2499.27
9608547   3357     1721.94
9609337   3357     2123.34
9609338   3357     1721.94
9612692   3357     1721.94
9614364   3357     1605.24
9615563   3357     1721.94
9615964   3357     1721.94
9617493   3357     1605.24
9620242   3357     1838.97
9620248   3357     1966.40
9620376   3357     1721.94
9620599   3357     1838.97
9620701   3357     1605.24
9620720   3357      996.65
9621777   3357     1721.94
9622347   3357     1721.94
9624596   3357     1605.24
9625361   3357     1721.94
9625933   3357     1721.94
9626082   3357     1721.94
9626215   3357     1605.24
9627150   3357     1838.97
9627523   3357     1721.94
9627724   3357     1605.24
9629963   3357     1838.97
9631462   3357     1391.58
9634674   3357     1721.94
9636806   3357     1605.24
9638320   3357     1721.94
9639201   3357     1605.24
9845319   3357     1605.24
9846320   3357     1838.97
9847068   3357     1605.24
9848693   3357      424.77
9850403   3357     1721.94
9851111   3357     1721.94
