10107724  0357      212.00
10120357  0357      259.56
10121866  0357      462.95
10125466  0357      161.74
10126656  0357      173.04
10141786  0357      185.18
10312414  0357      161.74
10373550  0357      346.08
10639752  0357      161.74
10726693  0357      173.04
10760806  0357      161.74
10764554  0357      185.18
10770124  0357      173.04
10772668  0357      161.74
10774121  0357      185.18
10775520  0357      323.48
10776516  0357      212.00
10776915  0357      161.74
10777645  0357      259.56
10778464  0357      161.74
10779723  0357      291.03
10784623  0357      173.04
10820078  0357      185.18
10840266  0357      173.04
10841061  0357      161.74
10841823  0357      212.00
10842205  0357      173.04
10843324  0357      432.60
10844575  0357      424.00
10844947  0357      173.04
10845717  0357      161.74
10845943  0357      212.00
10846474  0357      173.04
10846532  0357      185.18
10846629  0357      173.04
10846940  0357      346.08
10846985  0357      173.04
10847648  0357      161.74
10848158  0357      198.14
10849906  0357      173.04
10849907  0357      185.18
10860593  0357      173.04
10903693  0357      161.74
10959957  0357      173.04
10960021  0357      173.04
10963442  0357      185.18
10963957  0357      185.18
10964062  0357      346.08
1108218   0357      221.01
1112379   0357      221.01
1115136   0357      295.95
11163187  0357      161.74
11177533  0357      161.74
11260715  0357      173.04
11261772  0357      212.00
11262378  0357      173.04
11263756  0357      161.74
11264465  0357      173.04
11264550  0357      161.74
11265496  0357      173.04
11265527  0357      185.18
11266390  0357      346.08
11267811  0357      323.48
11267932  0357      323.48
11268437  0357      212.00
11269196  0357      198.14
1129535   0357      221.01
11414487  0357      185.18
11425214  0357      173.04
11425449  0357      173.04
11426462  0357      161.74
11428034  0357      161.74
11428889  0357      432.60
11429539  0357      346.08
11429792  0357      161.74
11429991  0357      259.56
11430700  0357      173.04
11433167  0357      173.04
11433865  0357      346.08
11433968  0357      346.08
11434350  0357      173.04
11546168  0357      161.74
11580362  0357      185.18
11584952  0357      173.04
11586448  0357      173.04
11589730  0357      346.08
11594236  0357      212.00
11594524  0357      161.74
11596252  0357      173.04
11597667  0357      173.04
11598121  0357      161.74
11598207  0357      161.74
11598956  0357      161.74
11633896  0357      161.74
11645810  0357      173.04
11651035  0357      173.04
11651090  0357      173.04
11652405  0357      173.04
11653864  0357      173.04
11694358  0357      161.74
11694758  0357      173.04
11695394  0357      323.48
11749469  0357      173.04
11783201  0357      185.18
11783366  0357      212.00
11784637  0357      161.74
11786325  0357      212.00
11786432  0357      161.74
11787653  0357      346.08
11787807  0357      173.04
11788587  0357      370.36
11788630  0357      185.18
11790273  0357      173.04
11790818  0357      259.56
11791177  0357      173.04
11792127  0357      173.04
11792506  0357      161.74
11792846  0357      173.04
11878930  0357      173.04
11879419  0357      185.18
11879750  0357      212.00
11881224  0357      212.00
11881668  0357      404.36
11881669  0357      161.74
11882080  0357      161.74
11882720  0357      212.00
11883300  0357      346.08
11949766  0357      212.00
12011761  0357      424.00
12018571  0357      242.61
12018729  0357      161.74
12018852  0357      173.04
12019816  0357      161.74
12020535  0357      198.14
12021559  0357      185.18
12021966  0357      173.04
12022428  0357      185.18
12023306  0357      198.14
12023981  0357      259.56
12024178  0357      173.04
12024179  0357      173.04
12025294  0357      259.56
12025488  0357      161.74
12025491  0357      161.74
12026565  0357      173.04
12027093  0357      173.04
12027260  0357      305.61
12027527  0357      161.74
12027928  0357      161.74
12027973  0357      370.36
12080554  0357      173.04
12241212  0357      242.61
12242270  0357      173.04
12243077  0357      161.74
12244707  0357      161.74
12247738  0357      259.56
12248400  0357      404.36
12248755  0357      185.18
12248784  0357      323.48
12248960  0357      173.04
12249178  0357      212.00
12279667  0357      173.04
12314254  0357      495.36
1232375   0357      221.01
12369466  0357      173.04
12370670  0357      198.14
1239070   0357      221.01
12434895  0357      161.74
12435304  0357      173.04
12435757  0357      242.61
12435759  0357      432.60
12527456  0357      161.74
12534356  0357      173.04
12536172  0357      173.04
12536549  0357      198.14
1254062   0357      221.01
1257983   0357      221.01
1258658   0357      221.01
1261562   0357      221.01
1262953   0357      266.40
1263302   0357      221.01
1263303   0357      221.01
1263991   0357      221.01
1265436   0357      221.01
1266723   0357      156.86
12691465  0357      173.04
1269356   0357      442.02
12698409  0357      161.74
12698965  0357      161.74
12700553  0357      161.74
12701276  0357      173.04
12701301  0357      404.36
12702273  0357      161.74
12704473  0357      161.74
12704482  0357      370.36
12704649  0357      173.04
12704927  0357      173.04
12705860  0357      173.04
12706171  0357      173.04
12706774  0357      370.36
12707136  0357      173.04
1272390   0357      221.01
1273369   0357      221.01
1277938   0357      221.01
1278407   0357      221.01
12848719  0357      173.04
12849330  0357      198.14
12851330  0357      173.04
12852888  0357      173.04
12858616  0357      259.56
12878256  0357      173.04
12884972  0357      173.04
12934142  0357      161.74
12934525  0357      161.74
12935305  0357      173.04
12935606  0357      173.04
13032012  0357      323.48
13032033  0357      173.04
13034237  0357      173.04
13035222  0357      212.00
13084488  0357      161.74
13084886  0357      161.74
13180551  0357      173.04
1318484   0357      221.01
13187744  0357      346.08
13187816  0357      259.56
13188137  0357      161.74
13188604  0357      242.61
13264411  0357      173.04
13265462  0357      161.74
13265946  0357      259.56
13266369  0357      173.04
13268000  0357      323.48
13268185  0357      323.48
13268457  0357      161.74
13268537  0357      259.56
13343258  0357      161.74
13408041  0357      161.74
13510172  0357      161.74
13510180  0357      161.74
13519440  0357      161.74
13527636  0357      185.18
13566631  0357      212.00
13643981  0357      323.48
13643982  0357      242.61
13644051  0357      173.04
13644555  0357      404.36
13644665  0357      173.04
13644680  0357      462.95
13652653  0357      161.74
13674854  0357      185.18
13678214  0357      173.04
13678857  0357      161.74
13679940  0357      173.04
13724134  0357      259.56
13774187  0357      161.74
13774684  0357      173.04
13775452  0357      161.74
13775808  0357      161.74
13777181  0357      242.61
13785046  0357      161.74
13785661  0357      173.04
13785997  0357      161.74
13786181  0357      173.04
13787208  0357      173.04
13787741  0357      161.74
13842354  0357      173.04
13843775  0357      173.04
13856268  0357      173.04
13867427  0357      259.56
13868652  0357      173.04
13880177  0357      161.74
13880981  0357      173.04
13905892  0357      161.74
13986119  0357      173.04
13990906  0357      277.77
14003086  0357      161.74
14030527  0357      161.74
14031045  0357      173.04
14031497  0357      432.60
14093727  0357      259.56
14094806  0357      185.18
14143188  0357      161.74
14159223  0357      323.48
14176129  0357      173.04
14176671  0357      173.04
14270811  0357      404.36
14293118  0357      259.56
1431183   0357      221.01
14335445  0357      161.74
14335539  0357      173.04
14372299  0357      185.18
14372545  0357      161.74
14372818  0357      584.99
14376347  0357      173.04
14398946  0357      173.04
14399267  0357      242.61
14405196  0357      173.04
14405401  0357      173.04
14513487  0357      161.74
14590375  0357      161.74
14607589  0357      242.61
14648947  0357      173.04
14649126  0357      161.74
14825867  0357      173.04
14877620  0357      173.04
14877805  0357      185.18
14877859  0357      198.14
14879597  0357      346.08
14879704  0357      404.36
14880827  0357      185.18
15170350  0357      161.74
15177340  0357      185.18
15177867  0357      323.48
15306151  0357      404.36
15306996  0357      161.74
15352095  0357      173.04
15444811  0357      185.18
15448608  0357      173.04
15597541  0357      161.74
15598043  0357      161.74
15598319  0357      173.04
15598510  0357      346.08
15598933  0357      161.74
15599928  0357      242.61
15668151  0357      346.08
15668851  0357      161.74
15690244  0357      161.74
15729233  0357      259.56
15729536  0357      404.36
15778630  0357      259.56
15885754  0357      161.74
15959808  0357      161.74
15961650  0357      161.74
16001576  0357      161.74
16137706  0357      161.74
16138119  0357      259.56
1631390   0357      265.51
16324090  0357      173.04
16385667  0357      161.74
16387437  0357      346.08
16594051  0357      161.74
16641426  0357      161.74
16736267  0357      173.04
16770549  0357      173.04
16788972  0357      346.08
16796439  0357      323.48
17011869  0357      346.08
17012587  0357      432.60
17019549  0357      173.04
17033230  0357      161.74
17033256  0357      161.74
17104175  0357      173.04
17306742  0357      161.74
1737075   0357      221.01
17379215  0357      242.61
17380736  0357      161.74
17572385  0357      346.08
17574055  0357      161.74
17626132  0357      323.48
1763812   0357      266.40
1764349   0357      221.01
1765295   0357      442.02
1769938   0357      221.01
17727473  0357      161.74
17859806  0357      161.74
17859921  0357      323.48
17872590  0357      173.04
17965237  0357      259.56
18054647  0357      173.04
18058393  0357      161.74
18059918  0357      173.04
18263579  0357      173.04
18263756  0357      173.04
1834693   0357      156.86
18421508  0357      161.74
18471327  0357      173.04
18618969  0357      161.74
18655916  0357      173.04
18656459  0357      259.56
18785684  0357      161.74
18928116  0357      161.74
18950730  0357      161.74
1906129   0357      221.01
19166206  0357      404.36
19262723  0357      173.04
1926999   0357      221.01
19324610  0357      346.08
19424156  0357      346.08
19431369  0357      173.04
19827450  0357      161.74
19850185  0357      404.36
19886649  0357      432.60
19973112  0357      173.04
20046577  0357      323.48
20046584  0357      323.48
20187870  0357      323.48
20189202  0357      198.14
20235584  0357      323.48
2030572   0357      221.01
2033664   0357      238.76
20348834  0357      242.61
20351464  0357      346.08
21140944  0357      242.61
2130876   0357      221.01
2157417   0357      596.91
2186056   0357      221.01
2189077   0357      221.01
2196831   0357      221.01
2198274   0357      222.06
2198799   0357      221.01
22326349  0357      161.74
2272067   0357      221.01
23156662  0357      221.01
2376223   0357      244.36
2380275   0357      221.01
2384661   0357      221.01
2529886   0357      221.01
2532585   0357      221.01
2533320   0357      221.01
2534786   0357      164.94
2535843   0357      221.01
2536373   0357      221.01
2536795   0357      221.01
2539607   0357      221.01
2539943   0357      221.01
2541142   0357      221.01
2541439   0357      310.58
2541709   0357      221.01
2543654   0357      221.01
2543813   0357      221.01
2543932   0357      221.01
2592064   0357      221.01
2592966   0357      240.44
2593377   0357      221.01
2593686   0357      221.01
2596405   0357      271.15
2597854   0357      221.01
2598033   0357      221.01
2598733   0357      221.01
2598872   0357      221.01
2601437   0357      221.01
2603046   0357      221.01
2605117   0357      221.01
2605164   0357      221.01
2605539   0357      167.47
2605823   0357      156.85
2607322   0357      238.02
2608233   0357      232.20
2608304   0357      221.01
2608554   0357      221.01
2684589   0357      221.01
2741170   0357      238.25
2854705   0357      221.01
2870837   0357      221.01
2910376   0357      221.01
2910432   0357      221.01
2911765   0357      221.01
2912407   0357      221.01
2912692   0357      238.76
2913757   0357      221.01
2913809   0357      221.01
2915293   0357      221.01
2915714   0357      221.01
2915780   0357      221.01
2916102   0357      164.94
2916362   0357      221.01
2916467   0357      221.01
2916786   0357      221.01
2918280   0357      552.53
2992913   0357      221.01
3035349   0357      221.01
3080057   0357      358.14
3080311   0357      221.01
3080984   0357      315.30
3081351   0357      221.01
3082505   0357      269.50
3083006   0357      221.01
3083065   0357      221.01
3083457   0357      221.01
3083843   0357      221.01
3084868   0357      221.01
3084978   0357      221.01
3085009   0357      221.01
3085276   0357      221.45
3090485   0357      235.24
3156003   0357      256.27
3234299   0357      221.45
3245420   0357      221.01
3314884   0357      169.62
3315121   0357      221.01
3315781   0357      221.01
3317339   0357      235.47
3317520   0357      221.01
3318589   0357      255.16
3318694   0357      275.31
3318719   0357      221.01
3319659   0357      221.01
3320986   0357      221.01
3322128   0357      237.55
3322284   0357      221.01
3322381   0357      221.01
3324084   0357      307.16
3324110   0357      341.06
3324403   0357      238.76
3329806   0357      221.01
3353242   0357      253.67
3528540   0357      240.13
3533360   0357      291.36
3535445   0357      221.01
3535676   0357      221.01
3535838   0357      221.01
3538837   0357      239.77
3539352   0357      221.01
3541739   0357      221.01
3541975   0357      156.86
3542004   0357      185.18
3542015   0357      181.37
3554092   0357      221.01
3593839   0357      221.01
3598528   0357      221.01
3710064   0357      285.81
3759377   0357      221.01
3784066   0357      221.01
3784441   0357      245.75
3785251   0357      221.01
3792247   0357      221.01
3830110   0357      221.01
3855157   0357      156.85
3855577   0357      221.01
3856978   0357      221.01
3857004   0357      221.01
3857220   0357      221.02
3857667   0357      221.01
3857878   0357      221.01
3858323   0357      442.02
3858856   0357      185.18
3859230   0357      347.51
3864991   0357      266.60
3875055   0357      271.97
3877925   0357      678.13
3878006   0357      266.69
3963688   0357      268.42
3964093   0357      302.70
3964337   0357      221.01
3965704   0357      221.01
3969513   0357      222.60
4001934   0357      298.79
4064149   0357      244.14
4065177   0357      221.01
4065584   0357      173.04
4065648   0357      287.17
4066245   0357      221.01
4067118   0357      265.67
4067735   0357      255.62
4067795   0357      221.01
4068788   0357      221.01
4071074   0357      315.41
4071241   0357      270.75
4107436   0357      161.74
4191539   0357      221.01
4193094   0357      552.53
4194671   0357      237.93
4195654   0357      221.01
4199927   0357      155.84
4200911   0357      221.01
4238916   0357      221.01
430240    0357      221.01
4317775   0357      339.30
4373204   0357      348.98
4373479   0357      221.01
4375498   0357      238.76
4375998   0357      227.74
4376813   0357      242.63
4377201   0357      221.01
4378140   0357      221.01
4378236   0357      221.01
4378283   0357      221.01
4378759   0357      321.74
4379154   0357      221.01
4381341   0357      221.01
4381614   0357      246.66
4382400   0357      331.52
4383023   0357      185.18
4383200   0357      221.01
4385047   0357      221.01
4386936   0357      198.14
4387777   0357      404.36
4409485   0357      304.78
4409788   0357      221.01
4409789   0357      479.96
4414417   0357      251.09
4414541   0357      237.49
4414909   0357      221.01
4415675   0357      221.01
443869    0357      221.01
4609506   0357      237.32
4610129   0357      221.01
4720170   0357      242.61
4720923   0357      173.04
4721016   0357      161.74
4721639   0357      221.01
4722680   0357      221.01
4722814   0357      186.35
4723168   0357      221.01
4723276   0357      247.94
4723403   0357      221.01
4724433   0357      221.01
4725919   0357      370.36
4727740   0357      161.74
4728331   0357      221.01
4729448   0357      161.88
4729575   0357      225.70
4730168   0357      339.51
4730490   0357      221.01
4730823   0357      346.05
4731322   0357      328.48
4731494   0357      244.54
4732090   0357      263.12
4732618   0357      161.74
4734527   0357      161.74
4734940   0357      161.74
4735505   0357      221.01
4738424   0357      221.01
4739546   0357      291.91
4739796   0357      185.18
4754833   0357      298.03
4803744   0357      372.74
4805842   0357      173.04
4827213   0357      255.11
4853128   0357      205.40
4882144   0357      169.54
5017295   0357      161.74
5022967   0357      221.01
5237805   0357      173.04
5238236   0357      221.01
5239261   0357      265.56
5240821   0357      221.01
5242545   0357      255.77
5244302   0357      255.00
5244483   0357      161.74
5244484   0357      244.54
5244765   0357      221.01
5245261   0357      185.18
5248926   0357      253.99
5248954   0357      236.64
5249259   0357      173.04
5249817   0357      185.18
5250965   0357      221.01
5251153   0357      284.57
5251214   0357      262.25
5252606   0357      370.36
5253930   0357      221.01
5254613   0357      287.56
5254952   0357      221.01
5255567   0357      173.04
5255641   0357      185.18
5257069   0357      232.64
5257175   0357      221.01
5257421   0357      198.14
5257727   0357      432.60
5257774   0357      173.04
5259121   0357      221.01
5259785   0357      221.01
5261116   0357      161.74
5261139   0357      274.77
5261250   0357      221.01
5261418   0357      227.95
5261643   0357      275.96
5263470   0357      254.13
5344986   0357      161.74
5435450   0357      248.30
5436619   0357      185.18
5436795   0357      174.56
5438690   0357      242.69
5439480   0357      173.04
5439865   0357      495.36
5458236   0357      161.74
5461455   0357      221.02
5605414   0357      562.52
5658043   0357      275.11
5688352   0357      173.04
5765952   0357      173.04
5779173   0357      173.04
5915261   0357      221.01
5921128   0357      344.14
5921800   0357      161.74
5923624   0357      185.18
5925143   0357      185.18
5925949   0357      156.86
5929492   0357      173.04
5935536   0357      462.95
5938630   0357      287.68
5938995   0357      173.04
6044716   0357      259.56
6125595   0357      404.36
6127630   0357      256.32
6238388   0357      212.00
6394853   0357      201.68
64800     0357      221.45
6537141   0357      221.01
6573443   0357      286.08
6573855   0357      198.14
6573893   0357      161.74
6575243   0357      161.74
6575301   0357      173.04
6584406   0357      552.53
6602322   0357      161.74
6634354   0357      173.04
6689708   0357      173.04
6690236   0357      173.04
6701343   0357      173.04
6701344   0357      173.04
6701453   0357      173.04
673822    0357      221.01
6841910   0357      161.74
7076647   0357      173.04
7211860   0357      185.18
7240399   0357      173.04
7300376   0357      242.69
7301470   0357      221.01
7305494   0357      221.01
7305781   0357      221.01
7308623   0357      258.67
7309317   0357      161.74
7309375   0357      161.74
7310425   0357      198.14
7310959   0357      221.01
7311233   0357      235.90
7311255   0357      286.71
7312149   0357      277.78
7313189   0357      221.01
7314050   0357      161.74
7314987   0357      198.14
7315048   0357      185.18
7315058   0357      653.81
7315331   0357      173.04
7316059   0357      198.14
7316139   0357      185.18
7316607   0357      310.58
7316959   0357      442.02
7317744   0357      442.02
7318041   0357      245.55
7319649   0357      370.36
7321787   0357      161.74
7322304   0357      161.74
7322780   0357      161.74
7322794   0357      312.12
7324725   0357      221.01
7325664   0357      221.10
7325721   0357      221.01
7325722   0357      321.10
7325778   0357      156.61
7328421   0357      161.74
7330948   0357      173.04
7331943   0357      406.17
7332202   0357      266.08
7332734   0357      331.52
7333145   0357      185.18
7333526   0357      532.15
7335642   0357      173.04
7337422   0357      219.60
7337778   0357      161.74
7338055   0357      198.14
7340200   0357      221.01
7340742   0357      237.55
7340989   0357      259.68
7342107   0357      161.74
7342680   0357      221.01
7343605   0357      161.74
7344290   0357      161.74
7344465   0357      323.48
7347856   0357      221.01
7348137   0357      161.74
7348986   0357      273.86
7349428   0357      530.01
7349843   0357      161.74
7350162   0357      227.06
7350273   0357      161.74
7351297   0357      192.93
7352317   0357      161.74
7353364   0357      323.48
7353377   0357      173.04
7354064   0357      161.74
7354848   0357      156.61
7355928   0357      221.01
7359478   0357      185.18
7360346   0357      161.74
7360517   0357      173.04
7363171   0357      215.15
7363652   0357      173.04
7365166   0357      173.04
7365545   0357      161.74
7367276   0357      161.74
7368710   0357      323.48
7369018   0357      173.04
7371154   0357      173.04
7372156   0357      161.74
7372973   0357      255.72
7373089   0357      161.74
7373215   0357      198.14
7374243   0357      161.74
7374616   0357      221.01
7377030   0357      161.74
7377579   0357      173.04
7379256   0357      323.48
7380616   0357      161.74
7381553   0357      173.04
7382148   0357      244.09
7382532   0357      161.74
7384964   0357      173.04
7387544   0357      346.08
7388038   0357      161.74
7388080   0357      173.04
7388125   0357      185.18
7388199   0357      242.61
7389581   0357      173.04
7391472   0357      161.74
7392153   0357      462.95
7393061   0357      161.74
7393144   0357      323.48
7395742   0357      156.85
7396051   0357      259.56
7398038   0357      201.98
7400031   0357      173.04
7401094   0357      173.04
7401380   0357      173.04
7401853   0357      161.74
7403123   0357      161.74
7403188   0357      161.74
7403563   0357      161.74
7406353   0357      173.04
7408531   0357      173.04
7409730   0357      161.74
7410177   0357      212.00
7412535   0357      185.18
7412738   0357      161.74
7415285   0357      212.00
7415448   0357      173.04
7416870   0357      161.74
7417289   0357      323.48
7417791   0357      346.08
7418898   0357      161.74
7418939   0357      161.74
7419340   0357      161.74
7419740   0357      272.12
7419800   0357      173.04
7419866   0357      404.36
7420316   0357      173.04
7420429   0357      185.18
7423108   0357      185.18
7423415   0357      173.04
7423444   0357      296.99
7425063   0357      161.74
7425430   0357      173.04
7425900   0357      161.74
7426046   0357      173.04
7427359   0357      161.74
7427520   0357      173.04
7429274   0357      173.04
7432253   0357      185.18
7434591   0357      432.60
7435158   0357      404.36
7436077   0357      323.48
7436996   0357      173.04
7437806   0357      161.74
7437808   0357      161.74
7438450   0357      173.04
7439597   0357      396.28
7439617   0357      173.04
7439629   0357      173.04
7440809   0357      171.63
7442445   0357      173.04
7444497   0357      242.61
7444651   0357      185.18
7444842   0357      173.04
7444889   0357      396.28
7445661   0357      161.74
7446382   0357      185.18
7446644   0357      173.04
7447067   0357      432.60
7447992   0357      161.74
7449457   0357      161.74
7455429   0357      290.28
7455588   0357      173.04
7461704   0357      173.04
7465820   0357      432.60
7465910   0357      173.04
7466779   0357      341.80
7466870   0357      309.21
7502836   0357      262.26
7548386   0357      208.88
7548420   0357      261.15
770342    0357      221.01
7917981   0357      173.04
7981510   0357      185.18
7982728   0357      161.74
7982865   0357      185.18
7983170   0357      161.74
7984159   0357      173.04
7985605   0357      184.22
7988969   0357      345.64
8054279   0357      239.99
8064487   0357      419.82
8069571   0357      173.04
8140450   0357      171.11
8594315   0357      173.04
8718789   0357      346.08
8734286   0357      185.18
9066082   0357      221.01
9100619   0357      345.64
9211039   0357      161.74
9261804   0357      185.18
9317884   0357      370.36
9433060   0357      173.04
9540404   0357      185.18
9540845   0357      297.21
9542018   0357      185.18
9542237   0357      161.74
9543174   0357      173.04
9543530   0357      291.34
9544179   0357      173.04
9544345   0357      161.74
9544429   0357      185.18
9544827   0357      185.18
9545198   0357      221.01
9545952   0357      282.08
9546474   0357      173.04
9547148   0357      161.74
9551389   0357      173.04
9552709   0357      240.35
9553039   0357      430.64
9553047   0357      161.74
9553149   0357      161.74
9553310   0357      323.48
9555077   0357      245.52
9555609   0357      161.74
9555641   0357      173.04
9557148   0357      396.28
9557803   0357      161.74
9557875   0357      161.74
9557894   0357      284.75
9558628   0357      161.74
9560453   0357      161.74
9570736   0357      290.62
9572755   0357      173.04
9577605   0357      308.96
9601343   0357      432.60
9603154   0357      161.74
9603683   0357      173.04
9603870   0357      156.86
9604166   0357      161.74
9604592   0357      318.00
9607091   0357      221.01
9608547   0357      173.04
9609337   0357      161.74
9609338   0357      346.08
9612117   0357      346.32
9612530   0357      810.77
9612692   0357      173.04
9614364   0357      323.48
9615563   0357      173.04
9615964   0357      173.04
9617493   0357      323.48
9620242   0357      370.36
9620248   0357      396.28
9620376   0357      173.04
9620599   0357      185.18
9620701   0357      161.74
9620720   0357      161.74
9621777   0357      173.04
9622347   0357      173.04
9624370   0357      212.00
9624596   0357      161.74
9625361   0357      173.04
9625933   0357      346.08
9626082   0357      173.04
9626215   0357      161.74
9627150   0357      462.95
9627523   0357      346.08
9627724   0357      161.74
9629963   0357      185.18
9631462   0357      185.18
9634554   0357      304.55
9634674   0357      173.04
9636806   0357      161.74
9638320   0357      173.04
9639201   0357      161.74
9845319   0357      161.74
9846320   0357      185.18
9847068   0357      161.74
9847350   0357      334.81
9848693   0357      161.74
9850403   0357      173.04
9851111   0357      173.04
9851993   0357      300.20
10107724  3357      212.00
10120357  3357      173.04
10121866  3357      185.18
10125466  3357      161.74
10126656  3357      173.04
10141786  3357      185.18
10312414  3357      161.74
10373550  3357      173.04
10639752  3357      161.74
10726693  3357      173.04
10760806  3357      161.74
10764554  3357      185.18
10770124  3357      173.04
10772668  3357      161.74
10774121  3357      185.18
10775520  3357      161.74
10776516  3357      212.00
10776915  3357      161.74
10777645  3357      173.04
10778464  3357      161.74
10779723  3357      291.03
10784623  3357      173.04
10820078  3357      185.18
10840266  3357      173.04
10841061  3357      161.74
10841823  3357      212.00
10842205  3357      173.04
10843324  3357      173.04
10844575  3357      212.00
10844947  3357      173.04
10845717  3357      161.74
10845943  3357      212.00
10846474  3357      173.04
10846532  3357      185.18
10846629  3357      173.04
10846940  3357      173.04
10846985  3357      173.04
10847648  3357      161.74
10848158  3357      198.14
10849906  3357      173.04
10849907  3357      185.18
10860593  3357      173.04
10903693  3357      161.74
10959957  3357      173.04
10960021  3357      173.04
10963442  3357      185.18
10963957  3357      185.18
10964062  3357      173.04
1108218   3357      221.01
1112379   3357      221.01
1115136   3357      295.95
11163187  3357      161.74
11177533  3357      161.74
11260715  3357      173.04
11261772  3357      212.00
11262378  3357      173.04
11263756  3357      161.74
11264465  3357      173.04
11264550  3357      161.74
11265496  3357      173.04
11265527  3357      185.18
11266390  3357      173.04
11267811  3357      161.74
11267932  3357      161.74
11268437  3357      212.00
11269196  3357      198.14
1129535   3357      221.01
11414487  3357      185.18
11425214  3357      173.04
11425449  3357      173.04
11426462  3357      161.74
11428034  3357      161.74
11428889  3357      173.04
11429539  3357      173.04
11429792  3357      161.74
11429991  3357      173.04
11430700  3357      173.04
11433167  3357      173.04
11433865  3357      173.04
11433968  3357      173.04
11434350  3357      173.04
11546168  3357      161.74
11580362  3357      185.18
11584952  3357      173.04
11586448  3357      173.04
11589730  3357      173.04
11594236  3357      212.00
11594524  3357      161.74
11596252  3357      173.04
11597667  3357      173.04
11598121  3357      161.74
11598207  3357      161.74
11598956  3357      161.74
11633896  3357      161.74
11645810  3357      173.04
11651035  3357      173.04
11651090  3357      173.04
11652405  3357      173.04
11653864  3357      173.04
11694358  3357      161.74
11694758  3357      173.04
11695394  3357      161.74
11749469  3357      173.04
11783201  3357      185.18
11783366  3357      212.00
11784637  3357      161.74
11786325  3357      212.00
11786432  3357      161.74
11787653  3357      173.04
11787807  3357      173.04
11788587  3357      185.18
11788630  3357      185.18
11790273  3357      173.04
11790818  3357      173.04
11791177  3357      173.04
11792127  3357      173.04
11792506  3357      161.74
11792846  3357      173.04
11878930  3357      173.04
11879419  3357      185.18
11879750  3357      212.00
11881224  3357      212.00
11881668  3357      161.74
11881669  3357      161.74
11882080  3357      161.74
11882720  3357      212.00
11883300  3357      173.04
11949766  3357      212.00
12011761  3357      212.00
12018571  3357      161.74
12018729  3357      161.74
12018852  3357      173.04
12019816  3357      161.74
12020535  3357      198.14
12021559  3357      185.18
12021966  3357      173.04
12022428  3357      185.18
12023306  3357      198.14
12023981  3357      173.04
12024178  3357      173.04
12024179  3357      173.04
12025294  3357      173.04
12025488  3357      161.74
12025491  3357      161.74
12026565  3357      173.04
12027093  3357      173.04
12027260  3357      305.61
12027527  3357      161.74
12027928  3357      161.74
12027973  3357      185.18
12080554  3357      173.04
12241212  3357      161.74
12242270  3357      173.04
12243077  3357      161.74
12244707  3357      161.74
12247738  3357      173.04
12248400  3357      161.74
12248755  3357      185.18
12248784  3357      161.74
12248960  3357      173.04
12249178  3357      212.00
12279667  3357      173.04
12314254  3357      198.14
1232375   3357      221.01
12369466  3357      173.04
12370670  3357      198.14
1239070   3357      221.01
12434895  3357      161.74
12435304  3357      173.04
12435757  3357      161.74
12435759  3357      173.04
12527456  3357      161.74
12534356  3357      173.04
12536172  3357      173.04
12536549  3357      198.14
1254062   3357      221.01
1257983   3357      221.01
1258658   3357      221.01
1261562   3357      221.01
1262953   3357      266.40
1263302   3357      221.01
1263303   3357      221.01
1263991   3357      221.01
1265436   3357      221.01
1266723   3357      156.86
12691465  3357      173.04
1269356   3357      221.01
12698409  3357      161.74
12698965  3357      161.74
12700553  3357      161.74
12701276  3357      173.04
12701301  3357      161.74
12702273  3357      161.74
12704473  3357      161.74
12704482  3357      185.18
12704649  3357      173.04
12704927  3357      173.04
12705860  3357      173.04
12706171  3357      173.04
12706774  3357      185.18
12707136  3357      173.04
1272390   3357      221.01
1273369   3357      221.01
1277938   3357      221.01
1278407   3357      221.01
12848719  3357      173.04
12849330  3357      198.14
12851330  3357      173.04
12852888  3357      173.04
12858616  3357      173.04
12878256  3357      173.04
12884972  3357      173.04
12934142  3357      161.74
12934525  3357      161.74
12935305  3357      173.04
12935606  3357      173.04
13032012  3357      161.74
13032033  3357      173.04
13034237  3357      173.04
13035222  3357      212.00
13084488  3357      161.74
13084886  3357      161.74
13180551  3357      173.04
1318484   3357      221.01
13187744  3357      173.04
13187816  3357      173.04
13188137  3357      161.74
13188604  3357      161.74
13264411  3357      173.04
13265462  3357      161.74
13265946  3357      173.04
13266369  3357      173.04
13268000  3357      161.74
13268185  3357      161.74
13268457  3357      161.74
13268537  3357      173.04
13343258  3357      161.74
13408041  3357      161.74
13510172  3357      161.74
13510180  3357      161.74
13519440  3357      161.74
13527636  3357      185.18
13566631  3357      212.00
13643981  3357      161.74
13643982  3357      161.74
13644051  3357      173.04
13644555  3357      161.74
13644665  3357      173.04
13644680  3357      185.18
13652653  3357      161.74
13674854  3357      185.18
13678214  3357      173.04
13678857  3357      161.74
13679940  3357      173.04
13724134  3357      173.04
13774187  3357      161.74
13774684  3357      173.04
13775452  3357      161.74
13775808  3357      161.74
13777181  3357      161.74
13785046  3357      161.74
13785661  3357      173.04
13785997  3357      161.74
13786181  3357      173.04
13787208  3357      173.04
13787741  3357      161.74
13842354  3357      173.04
13843775  3357      173.04
13856268  3357      173.04
13867427  3357      173.04
13868652  3357      173.04
13880177  3357      161.74
13880981  3357      173.04
13905892  3357      161.74
13986119  3357      173.04
13990906  3357      185.18
14003086  3357      161.74
14030527  3357      161.74
14031045  3357      173.04
14031497  3357      173.04
14093727  3357      173.04
14094806  3357      185.18
14143188  3357      161.74
14159223  3357      161.74
14176129  3357      173.04
14176671  3357      173.04
14270811  3357      161.74
14293118  3357      173.04
1431183   3357      221.01
14335445  3357      161.74
14335539  3357      173.04
14372299  3357      185.18
14372545  3357      161.74
14372818  3357      234.00
14376347  3357      173.04
14398946  3357      173.04
14399267  3357      161.74
14405196  3357      173.04
14405401  3357      173.04
14513487  3357      161.74
14590375  3357      161.74
14607589  3357      161.74
14648947  3357      173.04
14649126  3357      161.74
14825867  3357      173.04
14877620  3357      173.04
14877805  3357      185.18
14877859  3357      198.14
14879597  3357      173.04
14879704  3357      161.74
14880827  3357      185.18
15170350  3357      161.74
15177340  3357      185.18
15177867  3357      161.74
15306151  3357      161.74
15306996  3357      161.74
15352095  3357      173.04
15444811  3357      185.18
15448608  3357      173.04
15597541  3357      161.74
15598043  3357      161.74
15598319  3357      173.04
15598510  3357      173.04
15598933  3357      161.74
15599928  3357      161.74
15668151  3357      173.04
15668851  3357      161.74
15690244  3357      161.74
15729233  3357      173.04
15729536  3357      161.74
15778630  3357      173.04
15885754  3357      161.74
15959808  3357      161.74
15961650  3357      161.74
16001576  3357      161.74
16137706  3357      161.74
16138119  3357      173.04
1631390   3357      265.51
16324090  3357      173.04
16385667  3357      161.74
16387437  3357      173.04
16594051  3357      161.74
16641426  3357      161.74
16736267  3357      173.04
16770549  3357      173.04
16788972  3357      173.04
16796439  3357      161.74
17011869  3357      173.04
17012587  3357      173.04
17019549  3357      173.04
17033230  3357      161.74
17033256  3357      161.74
17104175  3357      173.04
17306742  3357      161.74
1737075   3357      221.01
17379215  3357      161.74
17380736  3357      161.74
17572385  3357      173.04
17574055  3357      161.74
17626132  3357      161.74
1763812   3357      266.40
1764349   3357      221.01
1765295   3357      221.01
1769938   3357      221.01
17727473  3357      161.74
17859806  3357      161.74
17859921  3357      161.74
17872590  3357      173.04
17965237  3357      173.04
18054647  3357      173.04
18058393  3357      161.74
18059918  3357      173.04
18263579  3357      173.04
18263756  3357      173.04
1834693   3357      156.86
18421508  3357      161.74
18471327  3357      173.04
18618969  3357      161.74
18655916  3357      173.04
18656459  3357      173.04
18785684  3357      161.74
18928116  3357      161.74
18950730  3357      161.74
1906129   3357      221.01
19166206  3357      161.74
19262723  3357      173.04
1926999   3357      221.01
19324610  3357      173.04
19424156  3357      173.04
19431369  3357      173.04
19827450  3357      161.74
19850185  3357      161.74
19886649  3357      173.04
19973112  3357      173.04
20046577  3357      161.74
20046584  3357      161.74
20187870  3357      161.74
20189202  3357      198.14
20235584  3357      161.74
2030572   3357      221.01
2033664   3357      238.76
20348834  3357      161.74
20351464  3357      173.04
21140944  3357      161.74
2130876   3357      221.01
2157417   3357      238.76
2186056   3357      221.01
2189077   3357      221.01
2196831   3357      221.01
2198274   3357      222.06
2198799   3357      221.01
22326349  3357      161.74
2272067   3357      221.01
23156662  3357      221.01
2376223   3357      244.36
2380275   3357      221.01
2384661   3357      221.01
2529886   3357      221.01
2532585   3357      221.01
2533320   3357      221.01
2534786   3357      164.94
2535843   3357      221.01
2536373   3357      221.01
2536795   3357      221.01
2539607   3357      221.01
2539943   3357      221.01
2541142   3357      221.01
2541439   3357      310.58
2541709   3357      221.01
2543654   3357      221.01
2543813   3357      221.01
2543932   3357      221.01
2592064   3357      221.01
2592966   3357      240.44
2593377   3357      221.01
2593686   3357      221.01
2596405   3357      271.15
2597854   3357      221.01
2598033   3357      221.01
2598733   3357      221.01
2598872   3357      221.01
2601437   3357      221.01
2603046   3357      221.01
2605117   3357      221.01
2605164   3357      221.01
2605539   3357      167.47
2605823   3357      156.85
2607322   3357      238.02
2608233   3357      232.20
2608304   3357      221.01
2608554   3357      221.01
2684589   3357      221.01
2741170   3357      238.25
2854705   3357      221.01
2870837   3357      221.01
2910376   3357      221.01
2910432   3357      221.01
2911765   3357      221.01
2912407   3357      221.01
2912692   3357      238.76
2913757   3357      221.01
2913809   3357      221.01
2915293   3357      221.01
2915714   3357      221.01
2915780   3357      221.01
2916102   3357      164.94
2916362   3357      221.01
2916467   3357      221.01
2916786   3357      221.01
2918280   3357      221.01
2992913   3357      221.01
3035349   3357      221.01
3080057   3357      238.76
3080311   3357      221.01
3080984   3357      315.30
3081351   3357      221.01
3082505   3357      269.50
3083006   3357      221.01
3083065   3357      221.01
3083457   3357      221.01
3083843   3357      221.01
3084868   3357      221.01
3084978   3357      221.01
3085009   3357      221.01
3085276   3357      221.45
3090485   3357      235.24
3156003   3357      256.27
3234299   3357      221.45
3245420   3357      221.01
3314884   3357      169.62
3315121   3357      221.01
3315781   3357      221.01
3317339   3357      235.47
3317520   3357      221.01
3318589   3357      255.16
3318694   3357      275.31
3318719   3357      221.01
3319659   3357      221.01
3320986   3357      221.01
3322128   3357      237.55
3322284   3357      221.01
3322381   3357      221.01
3324084   3357      307.16
3324110   3357      341.06
3324403   3357      238.76
3329806   3357      221.01
3353242   3357      253.67
3528540   3357      240.13
3533360   3357      291.36
3535445   3357      221.01
3535676   3357      221.01
3535838   3357      221.01
3538837   3357      239.77
3539352   3357      221.01
3541739   3357      221.01
3541975   3357      156.86
3542004   3357      185.18
3542015   3357      181.37
3554092   3357      221.01
3593839   3357      221.01
3598528   3357      221.01
3710064   3357      285.81
3759377   3357      221.01
3784066   3357      221.01
3784441   3357      245.75
3785251   3357      221.01
3792247   3357      221.01
3830110   3357      221.01
3855157   3357      156.85
3855577   3357      221.01
3856978   3357      221.01
3857004   3357      221.01
3857220   3357      221.02
3857667   3357      221.01
3857878   3357      221.01
3858323   3357      221.01
3858856   3357      185.18
3859230   3357      231.67
3864991   3357      266.60
3875055   3357      271.97
3877925   3357      339.07
3878006   3357      266.69
3963688   3357      268.42
3964093   3357      302.70
3964337   3357      221.01
3965704   3357      221.01
3969513   3357      222.60
4001934   3357      298.79
4064149   3357      244.14
4065177   3357      221.01
4065584   3357      173.04
4065648   3357      287.17
4066245   3357      221.01
4067118   3357      265.67
4067735   3357      255.62
4067795   3357      221.01
4068788   3357      221.01
4071074   3357      315.41
4071241   3357      270.75
4107436   3357      161.74
4191539   3357      221.01
4193094   3357      221.01
4194671   3357      237.93
4195654   3357      221.01
4199927   3357      155.84
4200911   3357      221.01
4238916   3357      221.01
430240    3357      221.01
4317775   3357      339.30
4373204   3357      348.98
4373479   3357      221.01
4375498   3357      238.76
4375998   3357      227.74
4376813   3357      242.63
4377201   3357      221.01
4378140   3357      221.01
4378236   3357      221.01
4378283   3357      221.01
4378759   3357      321.74
4379154   3357      221.01
4381341   3357      221.01
4381614   3357      246.66
4382400   3357      221.01
4383023   3357      185.18
4383200   3357      221.01
4385047   3357      221.01
4386936   3357      198.14
4387777   3357      161.74
4409485   3357      304.78
4409788   3357      221.01
4409789   3357      239.98
4414417   3357      251.09
4414541   3357      237.49
4414909   3357      221.01
4415675   3357      221.01
443869    3357      221.01
4609506   3357      237.32
4610129   3357      221.01
4720170   3357      161.74
4720923   3357      173.04
4721016   3357      161.74
4721639   3357      221.01
4722680   3357      221.01
4722814   3357      186.35
4723168   3357      221.01
4723276   3357      247.94
4723403   3357      221.01
4724433   3357      221.01
4725919   3357      185.18
4727740   3357      161.74
4728331   3357      221.01
4729448   3357      161.88
4729575   3357      225.70
4730168   3357      339.51
4730490   3357      221.01
4730823   3357      346.05
4731322   3357      328.48
4731494   3357      244.54
4732090   3357      263.12
4732618   3357      161.74
4734527   3357      161.74
4734940   3357      161.74
4735505   3357      221.01
4738424   3357      221.01
4739546   3357      291.91
4739796   3357      185.18
4754833   3357      298.03
4803744   3357      372.74
4805842   3357      173.04
4827213   3357      255.11
4853128   3357      205.40
4882144   3357      169.54
5017295   3357      161.74
5022967   3357      221.01
5237805   3357      173.04
5238236   3357      221.01
5239261   3357      265.56
5240821   3357      221.01
5242545   3357      255.77
5244302   3357      255.00
5244483   3357      161.74
5244484   3357      244.54
5244765   3357      221.01
5245261   3357      185.18
5248926   3357      253.99
5248954   3357      236.64
5249259   3357      173.04
5249817   3357      185.18
5250965   3357      221.01
5251153   3357      284.57
5251214   3357      262.25
5252606   3357      185.18
5253930   3357      221.01
5254613   3357      287.56
5254952   3357      221.01
5255567   3357      173.04
5255641   3357      185.18
5257069   3357      232.64
5257175   3357      221.01
5257421   3357      198.14
5257727   3357      173.04
5257774   3357      173.04
5259121   3357      221.01
5259785   3357      221.01
5261116   3357      161.74
5261139   3357      274.77
5261250   3357      221.01
5261418   3357      227.95
5261643   3357      275.96
5263470   3357      254.13
5344986   3357      161.74
5435450   3357      248.30
5436619   3357      185.18
5436795   3357      174.56
5438690   3357      242.69
5439480   3357      173.04
5439865   3357      198.14
5458236   3357      161.74
5461455   3357      221.02
5605414   3357      281.26
5658043   3357      275.11
5688352   3357      173.04
5765952   3357      173.04
5779173   3357      173.04
5915261   3357      221.01
5921128   3357      344.14
5921800   3357      161.74
5923624   3357      185.18
5925143   3357      185.18
5925949   3357      156.86
5929492   3357      173.04
5935536   3357      185.18
5938630   3357      287.68
5938995   3357      173.04
6044716   3357      173.04
6125595   3357      161.74
6127630   3357      256.32
6238388   3357      212.00
6394853   3357      201.68
64800     3357      221.45
6537141   3357      221.01
6573443   3357      286.08
6573855   3357      198.14
6573893   3357      161.74
6575243   3357      161.74
6575301   3357      173.04
6584406   3357      221.01
6602322   3357      161.74
6634354   3357      173.04
6689708   3357      173.04
6690236   3357      173.04
6701343   3357      173.04
6701344   3357      173.04
6701453   3357      173.04
673822    3357      221.01
6841910   3357      161.74
7076647   3357      173.04
7211860   3357      185.18
7240399   3357      173.04
7300376   3357      242.69
7301470   3357      221.01
7305494   3357      221.01
7305781   3357      221.01
7308623   3357      258.67
7309317   3357      161.74
7309375   3357      161.74
7310425   3357      198.14
7310959   3357      221.01
7311233   3357      235.90
7311255   3357      286.71
7312149   3357      277.78
7313189   3357      221.01
7314050   3357      161.74
7314987   3357      198.14
7315048   3357      185.18
7315058   3357      261.52
7315331   3357      173.04
7316059   3357      198.14
7316139   3357      185.18
7316607   3357      310.58
7316959   3357      221.01
7317744   3357      221.01
7318041   3357      245.55
7319649   3357      185.18
7321787   3357      161.74
7322304   3357      161.74
7322780   3357      161.74
7322794   3357      312.12
7324725   3357      221.01
7325664   3357      221.10
7325721   3357      221.01
7325722   3357      321.10
7325778   3357      156.61
7328421   3357      161.74
7330948   3357      173.04
7331943   3357      406.17
7332202   3357      266.08
7332734   3357      221.01
7333145   3357      185.18
7333526   3357      266.08
7335642   3357      173.04
7337422   3357      219.60
7337778   3357      161.74
7338055   3357      198.14
7340200   3357      221.01
7340742   3357      237.55
7340989   3357      259.68
7342107   3357      161.74
7342680   3357      221.01
7343605   3357      161.74
7344290   3357      161.74
7344465   3357      161.74
7347856   3357      221.01
7348137   3357      161.74
7348986   3357      273.86
7349428   3357      212.00
7349843   3357      161.74
7350162   3357      227.06
7350273   3357      161.74
7351297   3357      192.93
7352317   3357      161.74
7353364   3357      161.74
7353377   3357      173.04
7354064   3357      161.74
7354848   3357      156.61
7355928   3357      221.01
7359478   3357      185.18
7360346   3357      161.74
7360517   3357      173.04
7363171   3357      215.15
7363652   3357      173.04
7365166   3357      173.04
7365545   3357      161.74
7367276   3357      161.74
7368710   3357      161.74
7369018   3357      173.04
7371154   3357      173.04
7372156   3357      161.74
7372973   3357      255.72
7373089   3357      161.74
7373215   3357      198.14
7374243   3357      161.74
7374616   3357      221.01
7377030   3357      161.74
7377579   3357      173.04
7379256   3357      161.74
7380616   3357      161.74
7381553   3357      173.04
7382148   3357      244.09
7382532   3357      161.74
7384964   3357      173.04
7387544   3357      173.04
7388038   3357      161.74
7388080   3357      173.04
7388125   3357      185.18
7388199   3357      161.74
7389581   3357      173.04
7391472   3357      161.74
7392153   3357      185.18
7393061   3357      161.74
7393144   3357      161.74
7395742   3357      156.85
7396051   3357      173.04
7398038   3357      201.98
7400031   3357      173.04
7401094   3357      173.04
7401380   3357      173.04
7401853   3357      161.74
7403123   3357      161.74
7403188   3357      161.74
7403563   3357      161.74
7406353   3357      173.04
7408531   3357      173.04
7409730   3357      161.74
7410177   3357      212.00
7412535   3357      185.18
7412738   3357      161.74
7415285   3357      212.00
7415448   3357      173.04
7416870   3357      161.74
7417289   3357      161.74
7417791   3357      173.04
7418898   3357      161.74
7418939   3357      161.74
7419340   3357      161.74
7419740   3357      272.12
7419800   3357      173.04
7419866   3357      161.74
7420316   3357      173.04
7420429   3357      185.18
7423108   3357      185.18
7423415   3357      173.04
7423444   3357      296.99
7425063   3357      161.74
7425430   3357      173.04
7425900   3357      161.74
7426046   3357      173.04
7427359   3357      161.74
7427520   3357      173.04
7429274   3357      173.04
7432253   3357      185.18
7434591   3357      173.04
7435158   3357      161.74
7436077   3357      161.74
7436996   3357      173.04
7437806   3357      161.74
7437808   3357      161.74
7438450   3357      173.04
7439597   3357      198.14
7439617   3357      173.04
7439629   3357      173.04
7440809   3357      171.63
7442445   3357      173.04
7444497   3357      161.74
7444651   3357      185.18
7444842   3357      173.04
7444889   3357      198.14
7445661   3357      161.74
7446382   3357      185.18
7446644   3357      173.04
7447067   3357      173.04
7447992   3357      161.74
7449457   3357      161.74
7455429   3357      290.28
7455588   3357      173.04
7461704   3357      173.04
7465820   3357      173.04
7465910   3357      173.04
7466779   3357      341.80
7466870   3357      309.21
7502836   3357      262.26
7548386   3357      208.88
7548420   3357      261.15
770342    3357      221.01
7917981   3357      173.04
7981510   3357      185.18
7982728   3357      161.74
7982865   3357      185.18
7983170   3357      161.74
7984159   3357      173.04
7985605   3357      184.22
7988969   3357      345.64
8054279   3357      239.99
8064487   3357      209.91
8069571   3357      173.04
8140450   3357      171.11
8594315   3357      173.04
8718789   3357      173.04
8734286   3357      185.18
9066082   3357      221.01
9100619   3357      345.64
9211039   3357      161.74
9261804   3357      185.18
9317884   3357      185.18
9433060   3357      173.04
9540404   3357      185.18
9540845   3357      198.14
9542018   3357      185.18
9542237   3357      161.74
9543174   3357      173.04
9543530   3357      291.34
9544179   3357      173.04
9544345   3357      161.74
9544429   3357      185.18
9544827   3357      185.18
9545198   3357      221.01
9545952   3357      282.08
9546474   3357      173.04
9547148   3357      161.74
9551389   3357      173.04
9552709   3357      240.35
9553039   3357      430.64
9553047   3357      161.74
9553149   3357      161.74
9553310   3357      161.74
9555077   3357      245.52
9555609   3357      161.74
9555641   3357      173.04
9557148   3357      198.14
9557803   3357      161.74
9557875   3357      161.74
9557894   3357      284.75
9558628   3357      161.74
9560453   3357      161.74
9570736   3357      290.62
9572755   3357      173.04
9577605   3357      308.96
9601343   3357      173.04
9603154   3357      161.74
9603683   3357      173.04
9603870   3357      156.86
9604166   3357      161.74
9604592   3357      212.00
9607091   3357      221.01
9608547   3357      173.04
9609337   3357      161.74
9609338   3357      173.04
9612117   3357      346.32
9612530   3357      324.31
9612692   3357      173.04
9614364   3357      161.74
9615563   3357      173.04
9615964   3357      173.04
9617493   3357      161.74
9620242   3357      185.18
9620248   3357      198.14
9620376   3357      173.04
9620599   3357      185.18
9620701   3357      161.74
9620720   3357      161.74
9621777   3357      173.04
9622347   3357      173.04
9624370   3357      212.00
9624596   3357      161.74
9625361   3357      173.04
9625933   3357      173.04
9626082   3357      173.04
9626215   3357      161.74
9627150   3357      185.18
9627523   3357      173.04
9627724   3357      161.74
9629963   3357      185.18
9631462   3357      185.18
9634554   3357      304.55
9634674   3357      173.04
9636806   3357      161.74
9638320   3357      173.04
9639201   3357      161.74
9845319   3357      161.74
9846320   3357      185.18
9847068   3357      161.74
9847350   3357      334.81
9848693   3357      161.74
9850403   3357      173.04
9851111   3357      173.04
9851993   3357      300.20
