10107724  0357        7.26
10120357  0357        7.77
10121866  0357       15.87
10125466  0357        4.83
10126656  0357        5.93
10141786  0357        6.35
10312414  0357        5.53
10373550  0357       11.86
10639752  0357        4.83
10726693  0357        5.93
10760806  0357        4.83
10764554  0357        6.35
10770124  0357        5.93
10772668  0357        4.83
10774121  0357        6.35
10775520  0357        5.53
10776516  0357        7.26
10776915  0357        4.83
10777482  0357        4.83
10777645  0357        8.89
10778464  0357        4.83
10779723  0357        5.93
10784623  0357        5.93
10794552  0357        5.93
10820078  0357        6.35
10840266  0357        5.93
10841061  0357        5.18
10841823  0357        7.26
10842205  0357        5.93
10843324  0357       14.82
10844947  0357        5.93
10845717  0357        4.83
10845943  0357        5.93
10846474  0357        5.93
10846532  0357        6.35
10846629  0357        5.93
10846940  0357       11.86
10846985  0357        5.93
10847648  0357        4.83
10848158  0357        6.79
10849906  0357        5.93
10849907  0357        6.35
10860593  0357        5.93
10903693  0357        4.83
10959957  0357        5.93
10960021  0357        5.93
10963442  0357        6.35
10963957  0357       47.16
10964062  0357       11.86
1108218   0357        5.54
1112379   0357        5.92
1114364   0357        4.84
1115136   0357        5.92
11163187  0357        4.83
11177533  0357        4.83
11260715  0357        5.93
11261772  0357        7.26
11262378  0357        5.93
11263756  0357        4.83
11264041  0357        7.77
11264550  0357        5.53
11265496  0357        5.93
11265527  0357        6.35
11266390  0357       11.86
11267811  0357       11.06
11267932  0357        9.66
11268437  0357        7.26
11269196  0357        6.79
1129535   0357        6.34
11414487  0357        6.35
11425214  0357        5.93
11425449  0357        5.93
11426462  0357        5.53
11428034  0357        5.53
11428889  0357       14.82
11429539  0357       11.86
11429792  0357        4.83
11429991  0357        8.89
11430700  0357        5.93
11433167  0357        5.93
11433865  0357       11.86
11434350  0357        7.21
11546168  0357        5.53
11580362  0357        6.35
11584952  0357        5.93
11586448  0357        5.93
11589730  0357       11.86
11594236  0357        7.26
11594524  0357        4.83
11596252  0357        5.93
11597667  0357        5.93
11598121  0357        5.18
11598207  0357        4.83
11598956  0357        5.18
11633896  0357        5.18
11645810  0357        5.93
11651035  0357        5.93
11651090  0357        5.93
11652405  0357        5.93
11653864  0357        5.93
11694358  0357        4.83
11694758  0357        5.93
11695394  0357        9.66
11749469  0357        5.93
11783201  0357        6.35
11783366  0357        7.26
11784637  0357        4.83
11786325  0357        7.26
11786432  0357        6.07
11787653  0357       11.86
11787807  0357        5.93
11788587  0357       11.86
11788630  0357        6.35
11790273  0357        5.93
11790818  0357        8.89
11791177  0357        5.93
11792127  0357        5.93
11792506  0357        4.83
11792846  0357        5.93
118087    0357        2.72
11878930  0357        5.93
11879419  0357        6.35
11879750  0357        6.35
11881224  0357        7.26
11881668  0357        4.83
11881669  0357        4.83
11882080  0357        5.53
11882720  0357        7.26
11883300  0357       11.86
11949766  0357        7.26
12011761  0357       14.52
12018571  0357        8.30
12018729  0357        4.83
12018852  0357        5.93
12019816  0357        5.53
12020535  0357        6.79
12021559  0357        6.35
12021966  0357        5.93
12023306  0357        6.79
12023981  0357        8.89
12024178  0357        5.93
12024179  0357        5.93
12025294  0357        8.89
12025488  0357        4.83
12025491  0357        4.83
12026565  0357        5.93
12027093  0357        5.93
12027260  0357        5.93
12027527  0357        4.83
12027973  0357       12.70
12080554  0357        5.93
1218058   0357        5.92
12241212  0357        7.25
12242270  0357        5.93
12243077  0357        4.83
12244707  0357        4.83
12247738  0357        8.89
12248400  0357       12.08
12248755  0357        6.35
12248784  0357       10.36
12248960  0357        5.93
12249178  0357        7.26
12279667  0357        5.93
12314254  0357       16.98
1232375   0357        3.88
12370670  0357        6.79
1239070   0357        5.54
12434895  0357        5.18
12435304  0357        5.93
12435757  0357        7.25
12435759  0357        8.89
12527456  0357        5.53
12534356  0357        5.93
12536172  0357        5.93
12536549  0357        6.79
1254062   0357        5.17
1257983   0357        6.34
1258658   0357        5.92
1259324   0357        5.17
1260432   0357        5.92
1260887   0357        5.92
1261562   0357        5.17
1262953   0357        5.92
1263302   0357        4.84
1263303   0357        5.92
1263991   0357        6.34
1265436   0357        5.92
1266723   0357        4.84
1268446   0357        5.92
12691465  0357        5.93
1269356   0357        6.34
12698409  0357        4.83
12698965  0357        4.83
12700553  0357        5.53
12701276  0357        5.93
12701301  0357        4.83
12702273  0357        5.53
12703748  0357        5.93
12704473  0357        5.18
12704482  0357       12.70
12704649  0357        5.93
12704927  0357        5.93
12705860  0357        5.93
12706171  0357        5.93
12707136  0357        5.93
1272390   0357        5.17
1273369   0357        5.92
1277938   0357        5.17
1278407   0357        5.92
12848719  0357        5.93
12849330  0357        6.79
12851330  0357        5.93
12852888  0357        5.93
12878256  0357        5.93
12884972  0357        5.93
12934142  0357        5.53
12934525  0357        4.83
12935305  0357        5.93
12935606  0357        5.93
13032012  0357        9.66
13034237  0357        5.93
13035222  0357        7.26
13035649  0357        4.83
13084488  0357        5.18
13084886  0357        5.53
13180551  0357        5.93
1318484   0357        5.54
13187744  0357       11.86
13187816  0357        7.77
13188137  0357        5.18
13188604  0357        5.18
13264411  0357        5.93
13266369  0357        5.93
13268185  0357        4.83
13268537  0357        8.89
13346269  0357        4.83
13408041  0357        7.77
13510172  0357        5.18
13510180  0357        4.83
13527636  0357       12.70
13566631  0357        7.26
13643981  0357        9.66
13643982  0357        7.25
13644051  0357        5.93
13644555  0357        7.25
13644665  0357        5.93
13644680  0357       12.70
13674854  0357        6.35
13678214  0357        5.93
13678857  0357        4.83
13679940  0357        5.93
13724134  0357        8.89
13774187  0357        4.83
13775452  0357        4.83
13775808  0357        4.83
13777181  0357        7.25
13785046  0357        4.83
13785661  0357        5.93
13785997  0357        5.53
13786252  0357        7.77
13787208  0357        5.93
13787741  0357        4.83
13842354  0357        5.93
13843775  0357        5.93
13856268  0357        5.93
13867427  0357        8.89
13868652  0357        4.83
13880981  0357        5.93
13905892  0357        4.84
13986119  0357        5.93
13990906  0357        9.52
14003086  0357        5.53
14030527  0357        9.66
14031045  0357        5.93
14031497  0357       14.82
1404429   0357        7.26
14093727  0357        8.89
14094806  0357        6.35
14176129  0357        5.93
14270811  0357       12.08
14293118  0357        8.89
1431183   0357        5.92
14335445  0357        5.53
14335539  0357        5.93
1433726   0357        5.92
14372299  0357        6.35
14372818  0357       14.82
14376347  0357        5.93
14398946  0357        5.93
14399267  0357        7.77
14405196  0357        5.93
14590375  0357        5.18
14607589  0357        7.77
14648947  0357        5.93
14810540  0357        8.89
14825867  0357        5.93
14877620  0357        5.93
14877859  0357        6.79
14880827  0357        6.35
15170350  0357        5.18
15177340  0357        6.35
15177867  0357        9.66
15306151  0357       13.83
15306996  0357        5.53
15352095  0357        5.93
15444811  0357        6.35
15448608  0357        5.93
15598043  0357        4.83
15598319  0357        5.93
15598510  0357       11.86
15598933  0357        4.83
15599928  0357        7.77
15668151  0357       11.86
15668851  0357        5.18
15729233  0357        8.89
15729536  0357       12.95
15827139  0357        6.35
15959808  0357        4.83
16001576  0357        4.83
16137706  0357       11.06
16138119  0357        8.89
1631390   0357        4.39
16324090  0357        4.83
16594051  0357        5.18
16641426  0357       13.83
16736267  0357        5.93
16770549  0357        5.93
17011869  0357       11.86
17019549  0357        5.93
17104175  0357        5.93
1737075   0357        5.54
17379215  0357        7.77
17626132  0357       10.36
1763610   0357        4.84
1763812   0357        5.92
1764349   0357        4.84
1769938   0357        5.54
1778800   0357        5.17
18059654  0357        5.18
18059918  0357        5.93
18263756  0357        5.93
1834693   0357        4.84
1854577   0357        5.92
18656459  0357        8.89
18785684  0357        4.83
18950730  0357        4.83
1906129   0357        5.92
19262723  0357        5.93
1926999   0357        6.34
20235584  0357       10.36
2030572   0357        5.54
2033664   0357        7.26
2038803   0357        5.92
2130876   0357        4.84
2157417   0357       18.15
2186056   0357        5.54
2189077   0357        5.17
2195858   0357        5.92
2196831   0357        5.17
2198226   0357        5.92
2198274   0357        6.34
2198799   0357        5.54
2199826   0357        5.17
2272067   0357        4.84
23156662  0357        5.92
2376223   0357        7.26
2380275   0357        6.34
2384661   0357        5.92
2384824   0357       12.94
2529886   0357        5.92
2532585   0357        4.84
2533320   0357        5.54
2533977   0357        5.57
2534786   0357        5.92
2535843   0357        6.34
2536000   0357        5.17
2536373   0357        6.34
2536795   0357        5.92
2538821   0357        5.54
2539425   0357        5.92
2539607   0357        6.34
2539943   0357        4.84
2541142   0357        5.92
2541439   0357        5.32
2541709   0357        5.57
2543654   0357        5.92
2543932   0357        5.17
2592966   0357        8.05
2593377   0357        5.92
2593686   0357        5.54
2596405   0357        5.03
2597854   0357        5.03
2598033   0357        5.03
2598872   0357        4.84
2601437   0357        5.92
2601914   0357        5.17
2603046   0357        5.21
2605117   0357        6.34
2605164   0357        5.21
2605539   0357        4.74
2605823   0357        3.87
2607322   0357        5.92
2608233   0357        5.93
2608304   0357        4.84
2608411   0357        4.74
2608554   0357        5.03
2684589   0357        5.92
2741170   0357        6.37
2854705   0357        5.54
2870837   0357        4.40
2910376   0357        4.84
2910432   0357        5.54
2911765   0357        5.54
2912407   0357        4.84
2912692   0357        7.26
2913757   0357        5.54
2913809   0357        4.84
2914272   0357        5.37
2915293   0357        4.84
2915714   0357        5.92
2915780   0357        5.04
2916102   0357        5.92
2916362   0357        5.39
2916467   0357        5.17
2916786   0357        5.54
2918280   0357       14.81
2919212   0357        5.92
2992913   0357        4.84
3035349   0357        5.92
3039370   0357        6.17
3080057   0357       10.89
3080311   0357        5.92
3080984   0357        5.93
3081351   0357        5.92
3082505   0357        5.37
3083006   0357        5.92
3083065   0357        4.84
3083457   0357        4.40
3083843   0357        5.17
3084868   0357        5.39
3084978   0357        4.84
3085009   0357        5.54
3085276   0357        6.78
3090485   0357        5.93
3156003   0357        4.84
3234299   0357        6.78
3245420   0357        5.92
3314562   0357        5.17
3314884   0357        4.84
3315121   0357        4.84
3315781   0357        4.84
3317339   0357        5.54
3317520   0357        5.92
3318589   0357        5.92
3318694   0357        6.78
3318719   0357        5.39
3319659   0357        5.17
3320986   0357        5.92
3322128   0357        5.03
3322273   0357        4.84
3322284   0357        5.54
3322381   0357        5.96
3324084   0357        5.93
3324110   0357        7.26
3324403   0357        7.26
3329806   0357        5.21
3353242   0357        5.54
3457632   0357        4.14
3528540   0357        5.92
3533360   0357        6.78
3534582   0357        6.34
3535445   0357        5.17
3535676   0357        5.03
3535838   0357        4.70
3538837   0357        5.92
3539352   0357        5.03
3541739   0357        5.92
3541975   0357        3.87
3542004   0357        6.35
3542015   0357        5.07
3554092   0357        6.34
3598528   0357        5.74
3710064   0357        5.53
3759377   0357        4.87
3784066   0357        4.84
3784441   0357        6.35
3785251   0357        5.92
3792247   0357        5.92
3795005   0357        5.93
3830110   0357        8.74
3855157   0357        3.87
3855577   0357        5.92
3856978   0357        4.70
3857004   0357        5.54
3857220   0357        5.92
3857667   0357        4.70
3857878   0357        5.58
3858323   0357       11.84
3858856   0357        6.35
3859230   0357        8.88
3864991   0357        7.26
3875055   0357        5.93
3877925   0357       12.70
3878006   0357        5.53
3963688   0357        5.93
3964093   0357        5.93
3965704   0357        4.84
3969513   0357        5.53
4001934   0357        6.34
401763    0357        5.92
4064149   0357        6.79
4065177   0357        5.17
4065584   0357        5.93
4065648   0357        5.54
4066245   0357        4.87
4066682   0357        4.84
4067118   0357        5.92
4067735   0357        5.53
4067795   0357        5.03
4068788   0357        5.17
4071074   0357        7.26
4071241   0357        4.11
4107436   0357        5.53
4191539   0357        5.53
4193094   0357       15.86
4194671   0357        5.93
4195654   0357        4.70
4199927   0357        4.14
4200911   0357        5.54
423483    0357        5.92
4238916   0357        3.87
430631    0357        5.92
4317775   0357        6.35
4373204   0357        6.35
4373479   0357        5.17
4375498   0357        6.17
4375998   0357        5.42
4376813   0357        6.07
4377201   0357        5.39
437803    0357        5.92
4378140   0357        4.84
4378236   0357        4.70
4378283   0357        5.92
4378759   0357        6.35
4379154   0357        3.87
4381341   0357        5.17
4381614   0357        4.83
4382400   0357        8.88
4383023   0357        6.35
4383200   0357        4.55
4385047   0357        5.03
4386936   0357        5.53
4387777   0357       13.83
439023    0357        5.81
4409485   0357        6.35
4409788   0357        4.84
4409789   0357        9.66
4414417   0357        5.53
4414541   0357        5.58
4414909   0357        5.21
4415675   0357        4.84
443869    0357        5.92
4609506   0357        6.35
4610129   0357        4.84
4720170   0357        7.25
4720923   0357        5.93
4721016   0357        4.83
4721639   0357        4.84
4722680   0357        4.40
4722814   0357        4.74
4723168   0357        4.87
4723276   0357        5.53
4723403   0357        5.21
4724433   0357        5.03
4725919   0357       12.70
4727740   0357        5.53
4728331   0357        4.70
4729448   0357        3.87
4729575   0357        6.78
4730168   0357        6.35
4730490   0357        5.17
4730823   0357        7.26
4731322   0357        6.35
4731494   0357        6.34
4732090   0357        4.83
4732618   0357        5.18
4734527   0357        5.18
4734940   0357        4.83
4735505   0357        4.84
4738424   0357        5.92
4739546   0357        5.93
4739796   0357        6.35
4754833   0357        6.35
4803744   0357        6.35
4805842   0357        5.93
4827213   0357        5.93
4853128   0357        5.93
4882144   0357        4.43
5017295   0357        5.53
5022967   0357        5.39
5237805   0357        5.93
5238236   0357        4.87
5239261   0357        7.26
5240821   0357        5.54
5242545   0357        6.17
5244302   0357        5.17
5244483   0357        5.53
5244484   0357        6.34
5244765   0357        5.17
5245261   0357        6.35
5248926   0357        5.17
5248954   0357        5.54
5249259   0357        5.93
5249817   0357        6.35
5250965   0357        5.39
5251153   0357        5.92
5251214   0357        6.34
5251893   0357        5.93
5252606   0357       12.70
5253930   0357        3.87
5254613   0357        5.17
5254952   0357        4.84
5255567   0357        5.93
5255641   0357        6.35
5257069   0357        5.54
5257175   0357        5.03
5257421   0357        6.79
5257727   0357       14.82
5257774   0357        5.93
5259121   0357        4.70
5259324   0357        4.84
5259785   0357        5.17
5261116   0357        5.18
5261139   0357        5.93
5261250   0357        5.57
5261418   0357        5.54
5261643   0357        4.83
5263470   0357        5.76
5344986   0357        4.83
5435450   0357        5.18
5436619   0357        6.35
5436795   0357        4.83
5438690   0357        4.83
5439480   0357        5.93
5439865   0357       16.98
5458236   0357        5.18
5461455   0357        5.03
5605414   0357       11.86
5658043   0357        5.93
5688352   0357        5.93
5765952   0357        5.93
5779173   0357        5.93
5915261   0357        5.92
5921128   0357        5.93
5921800   0357        4.83
5923624   0357        6.35
5925143   0357        6.35
5925949   0357        4.84
5929492   0357        5.93
5935536   0357       15.87
5937541   0357        5.93
5938630   0357        5.93
5938995   0357        5.93
6044716   0357        8.89
6125595   0357        4.83
6127630   0357        5.92
6238388   0357        7.26
6394853   0357        4.83
64800     0357        4.39
6537141   0357        4.87
6573443   0357        5.92
6573855   0357        6.79
6573893   0357        5.18
6575243   0357        5.53
6575301   0357        5.93
6584406   0357       12.94
6634354   0357        5.93
6689708   0357        5.93
6690236   0357        5.93
6701343   0357        5.93
6701344   0357        5.93
6701453   0357        5.93
673822    0357        5.17
6841910   0357        4.83
7076647   0357        5.93
710634    0357        2.96
7211860   0357        6.35
7240399   0357        5.93
7300376   0357        4.83
7301470   0357        4.70
7305494   0357        5.03
7305781   0357        4.84
7308623   0357        5.92
7309317   0357        4.83
7309375   0357        5.53
7310425   0357        6.79
7310959   0357        5.92
7311233   0357        5.92
7311255   0357        4.83
7312149   0357        5.93
7313189   0357        4.84
7314050   0357        4.83
7314987   0357        6.79
7315048   0357        6.35
7315331   0357        5.93
7316059   0357        6.79
7316139   0357        6.35
7316233   0357        4.84
7316607   0357        7.26
7316959   0357       12.68
7317744   0357        9.68
7318041   0357        5.92
7319649   0357       12.70
7321787   0357        5.53
7322304   0357        5.53
7322780   0357        5.18
7322794   0357        4.83
7324725   0357        5.96
7325664   0357        4.14
7325721   0357        5.03
7325722   0357        5.92
7325778   0357        4.84
7328421   0357        4.83
7330948   0357        5.93
7331943   0357        5.53
7332202   0357        4.83
7333145   0357        6.35
7335642   0357        5.93
7337422   0357        5.93
7337778   0357        4.83
7338055   0357        6.79
7340200   0357        5.54
7340742   0357        5.03
7340989   0357        4.83
7342107   0357        5.53
7342680   0357        5.92
7343605   0357        4.83
7344290   0357        5.53
7344465   0357       11.06
7347856   0357        5.92
7348137   0357        4.83
7348986   0357        5.93
7349428   0357        7.26
7349843   0357        4.83
7350162   0357        6.07
7350273   0357        5.53
7351297   0357        4.83
7352317   0357        5.53
7353364   0357        9.66
7353377   0357        5.93
7354064   0357        4.83
7354848   0357        4.84
7355351   0357       11.06
7355837   0357       14.82
7355928   0357        5.17
7359478   0357        6.35
7360346   0357        5.18
7360517   0357        5.93
7363171   0357        5.53
7363652   0357        5.93
7365166   0357        5.92
7365545   0357        5.53
7367276   0357        4.83
7368710   0357        4.83
7369018   0357        5.93
7371154   0357        5.93
7372156   0357        4.83
7372973   0357        4.83
7373089   0357        5.18
7373215   0357        6.79
7374243   0357        5.18
7374616   0357        5.92
7377030   0357        5.18
7377579   0357        5.93
7379256   0357       11.06
7380616   0357        4.83
7381553   0357        5.93
7382148   0357        6.34
7382532   0357        4.83
7384964   0357        5.93
7387544   0357        8.89
7388038   0357        4.83
7388080   0357        5.93
7388125   0357        6.35
7388199   0357        7.77
7389581   0357        5.93
7391472   0357        5.53
7392153   0357       15.87
7393061   0357        5.53
7393144   0357        9.66
7395742   0357        3.87
7396051   0357        8.89
7398038   0357        4.74
7400031   0357        5.93
7401094   0357        5.93
7401380   0357        5.93
7401853   0357        4.83
7403123   0357        4.83
7403188   0357        5.53
7403563   0357        5.53
7406353   0357        5.93
7408531   0357        5.93
7409730   0357        5.53
7410177   0357        7.26
7412535   0357        6.35
7412738   0357        5.18
7415285   0357        7.26
7415448   0357        5.93
7416870   0357        4.83
7417289   0357        9.66
7417791   0357       11.86
7418898   0357        4.83
7418939   0357        4.83
7419340   0357        5.53
7419740   0357        4.83
7419800   0357        5.93
7419866   0357       13.83
7420316   0357        5.93
7420429   0357        6.35
7423096   0357        4.83
7423108   0357        6.35
7423415   0357        5.93
7423444   0357        5.93
7425063   0357        4.83
7425430   0357        5.93
7425900   0357        5.53
7426046   0357        5.93
7427359   0357        4.83
7427520   0357        5.93
7429274   0357        5.93
7432253   0357        6.35
7434591   0357       14.82
7435158   0357       12.08
7436077   0357       11.06
7436996   0357        5.93
7437806   0357        4.83
7437808   0357        4.83
7438450   0357        5.93
7439597   0357       13.58
7439617   0357        5.93
7439629   0357        5.93
7440809   0357        3.87
7442445   0357        5.93
7444497   0357        7.25
7444651   0357        6.35
7444842   0357        5.93
7444889   0357       13.58
7445661   0357        5.18
7446382   0357        6.35
7446644   0357        5.93
7447067   0357       14.82
7447334   0357        6.79
7447992   0357        4.83
7449457   0357        5.18
7455429   0357        5.93
7455588   0357        5.93
7460503   0357        5.92
7461704   0357        5.93
7465820   0357       14.82
7465910   0357        5.93
7466779   0357        7.26
7466870   0357        5.93
7502836   0357        6.34
7548386   0357        4.83
7548420   0357       41.08
770342    0357        5.92
7917981   0357        5.93
7981510   0357        6.35
7982728   0357        4.83
7982865   0357        6.35
7983170   0357        4.83
7984159   0357        5.93
7985605   0357        4.74
7988969   0357       44.04
8054279   0357        6.07
8064487   0357       11.86
8068577   0357        5.93
8069571   0357        5.93
8140450   0357        5.17
8594315   0357        5.93
8718789   0357       11.86
8734286   0357        6.35
9066082   0357        5.17
9100619   0357        5.93
9211039   0357        5.53
9261804   0357        6.35
9317884   0357       12.70
940859    0357        6.34
9433060   0357        5.93
9540404   0357        6.35
9540845   0357       10.19
9542018   0357        6.35
9542237   0357        5.53
9543174   0357        5.93
9543530   0357        6.35
9544179   0357        5.93
9544345   0357        5.18
9544429   0357        6.35
9544827   0357        6.35
9545198   0357        5.17
9545952   0357        5.18
9546474   0357        5.93
9547148   0357        5.53
9551389   0357        5.93
9552709   0357        4.83
9553039   0357        5.93
9553047   0357        5.53
9553149   0357        4.83
9555077   0357        6.78
9555609   0357        4.83
9555641   0357        5.93
9557148   0357       13.58
9557803   0357        5.18
9557875   0357        4.83
9557894   0357        4.84
9558628   0357        5.18
9560453   0357        4.83
9570736   0357       44.04
9572755   0357        5.93
9601343   0357       14.82
9603154   0357        5.18
9603683   0357        5.93
9603870   0357        3.87
9604166   0357        5.53
9604592   0357       10.89
9607091   0357        5.54
9608547   0357        5.93
9609337   0357        4.83
9609338   0357       11.86
9612117   0357        6.35
9612530   0357       14.82
9612692   0357        5.93
9614364   0357        5.53
9615563   0357        5.93
9615964   0357        5.93
9617493   0357        5.53
9620242   0357       12.70
9620248   0357       13.58
9620376   0357        5.93
9620599   0357        6.35
9620701   0357        5.53
9620720   0357        5.53
9621777   0357        4.83
9622347   0357        5.93
9624370   0357        7.26
9624596   0357        4.83
9625361   0357        5.93
9625933   0357       11.86
9626082   0357        5.93
9626215   0357        5.53
9627150   0357       15.87
9627523   0357       11.86
9627724   0357        4.83
9629963   0357        6.35
9631462   0357        6.35
9634554   0357        5.93
9634674   0357        5.93
9636806   0357        4.83
9638320   0357        5.93
9639201   0357        5.53
9845319   0357        5.18
9846320   0357        6.35
9847068   0357        5.93
9847350   0357        5.93
9847591   0357        4.83
9848693   0357        5.53
9850403   0357        5.93
9851111   0357        5.93
9851993   0357        5.93
10107724  3357        7.26
10120357  3357        5.18
10121866  3357        6.35
10125466  3357        4.83
10126656  3357        5.93
10141786  3357        6.35
10312414  3357        5.53
10373550  3357        5.93
10639752  3357        4.83
10726693  3357        5.93
10760806  3357        4.83
10764554  3357        6.35
10770124  3357        5.93
10772668  3357        4.83
10774121  3357        6.35
10775520  3357        5.53
10776516  3357        7.26
10776915  3357        4.83
10777482  3357        4.83
10777645  3357        5.93
10778464  3357        4.83
10779723  3357        5.93
10784623  3357        5.93
10794552  3357        5.93
10820078  3357        6.35
10840266  3357        5.93
10841061  3357        5.18
10841823  3357        7.26
10842205  3357        5.93
10843324  3357        5.93
10844947  3357        5.93
10845717  3357        4.83
10845943  3357        5.93
10846474  3357        5.93
10846532  3357        6.35
10846629  3357        5.93
10846940  3357        5.93
10846985  3357        5.93
10847648  3357        4.83
10848158  3357        6.79
10849906  3357        5.93
10849907  3357        6.35
10860593  3357        5.93
10903693  3357        4.83
10959957  3357        5.93
10960021  3357        5.93
10963442  3357        6.35
10963957  3357       47.16
10964062  3357        5.93
1108218   3357        5.54
1112379   3357        5.92
1114364   3357        4.84
1115136   3357        5.92
11163187  3357        4.83
11177533  3357        4.83
11260715  3357        5.93
11261772  3357        7.26
11262378  3357        5.93
11263756  3357        4.83
11264041  3357        5.18
11264550  3357        5.53
11265496  3357        5.93
11265527  3357        6.35
11266390  3357        5.93
11267811  3357        5.53
11267932  3357        4.83
11268437  3357        7.26
11269196  3357        6.79
1129535   3357        6.34
11414487  3357        6.35
11425214  3357        5.93
11425449  3357        5.93
11426462  3357        5.53
11428034  3357        5.53
11428889  3357        5.93
11429539  3357        5.93
11429792  3357        4.83
11429991  3357        5.93
11430700  3357        5.93
11433167  3357        5.93
11433865  3357        5.93
11434350  3357        7.21
11546168  3357        5.53
11580362  3357        6.35
11584952  3357        5.93
11586448  3357        5.93
11589730  3357        5.93
11594236  3357        7.26
11594524  3357        4.83
11596252  3357        5.93
11597667  3357        5.93
11598121  3357        5.18
11598207  3357        4.83
11598956  3357        5.18
11633896  3357        5.18
11645810  3357        5.93
11651035  3357        5.93
11651090  3357        5.93
11652405  3357        5.93
11653864  3357        5.93
11694358  3357        4.83
11694758  3357        5.93
11695394  3357        4.83
11749469  3357        5.93
11783201  3357        6.35
11783366  3357        7.26
11784637  3357        4.83
11786325  3357        7.26
11786432  3357        6.07
11787653  3357        5.93
11787807  3357        5.93
11788587  3357        5.93
11788630  3357        6.35
11790273  3357        5.93
11790818  3357        5.93
11791177  3357        5.93
11792127  3357        5.93
11792506  3357        4.83
11792846  3357        5.93
118087    3357        2.72
11878930  3357        5.93
11879419  3357        6.35
11879750  3357        6.35
11881224  3357        7.26
11881668  3357        4.83
11881669  3357        4.83
11882080  3357        5.53
11882720  3357        7.26
11883300  3357        5.93
11949766  3357        7.26
12011761  3357        7.26
12018571  3357        5.53
12018729  3357        4.83
12018852  3357        5.93
12019816  3357        5.53
12020535  3357        6.79
12021559  3357        6.35
12021966  3357        5.93
12023306  3357        6.79
12023981  3357        5.93
12024178  3357        5.93
12024179  3357        5.93
12025294  3357        5.93
12025488  3357        4.83
12025491  3357        4.83
12026565  3357        5.93
12027093  3357        5.93
12027260  3357        5.93
12027527  3357        4.83
12027973  3357        6.35
12080554  3357        5.93
1218058   3357        5.92
12241212  3357        4.83
12242270  3357        5.93
12243077  3357        4.83
12244707  3357        4.83
12247738  3357        5.93
12248400  3357        4.83
12248755  3357        6.35
12248784  3357        5.18
12248960  3357        5.93
12249178  3357        7.26
12279667  3357        5.93
12314254  3357        6.79
1232375   3357        3.88
12370670  3357        6.79
1239070   3357        5.54
12434895  3357        5.18
12435304  3357        5.93
12435757  3357        4.83
12435759  3357        5.93
12527456  3357        5.53
12534356  3357        5.93
12536172  3357        5.93
12536549  3357        6.79
1254062   3357        5.17
1257983   3357        6.34
1258658   3357        5.92
1259324   3357        5.17
1260432   3357        5.92
1260887   3357        5.92
1261562   3357        5.17
1262953   3357        5.92
1263302   3357        4.84
1263303   3357        5.92
1263991   3357        6.34
1265436   3357        5.92
1266723   3357        4.84
1268446   3357        5.92
12691465  3357        5.93
1269356   3357        6.34
12698409  3357        4.83
12698965  3357        4.83
12700553  3357        5.53
12701276  3357        5.93
12701301  3357        4.83
12702273  3357        5.53
12703748  3357        5.93
12704473  3357        5.18
12704482  3357        6.35
12704649  3357        5.93
12704927  3357        5.93
12705860  3357        5.93
12706171  3357        5.93
12707136  3357        5.93
1272390   3357        5.17
1273369   3357        5.92
1277938   3357        5.17
1278407   3357        5.92
12848719  3357        5.93
12849330  3357        6.79
12851330  3357        5.93
12852888  3357        5.93
12878256  3357        5.93
12884972  3357        5.93
12934142  3357        5.53
12934525  3357        4.83
12935305  3357        5.93
12935606  3357        5.93
13032012  3357        4.83
13034237  3357        5.93
13035222  3357        7.26
13035649  3357        4.83
13084488  3357        5.18
13084886  3357        5.53
13180551  3357        5.93
1318484   3357        5.54
13187744  3357        5.93
13187816  3357        5.18
13188137  3357        5.18
13188604  3357        5.18
13264411  3357        5.93
13266369  3357        5.93
13268185  3357        4.83
13268537  3357        5.93
13346269  3357        4.83
13408041  3357        5.18
13510172  3357        5.18
13510180  3357        4.83
13527636  3357        6.35
13566631  3357        7.26
13643981  3357        4.83
13643982  3357        4.83
13644051  3357        5.93
13644555  3357        4.83
13644665  3357        5.93
13644680  3357        6.35
13674854  3357        6.35
13678214  3357        5.93
13678857  3357        4.83
13679940  3357        5.93
13724134  3357        5.93
13774187  3357        4.83
13775452  3357        4.83
13775808  3357        4.83
13777181  3357        4.83
13785046  3357        4.83
13785661  3357        5.93
13785997  3357        5.53
13786252  3357        5.18
13787208  3357        5.93
13787741  3357        4.83
13842354  3357        5.93
13843775  3357        5.93
13856268  3357        5.93
13867427  3357        5.93
13868652  3357        4.83
13880981  3357        5.93
13905892  3357        4.84
13986119  3357        5.93
13990906  3357        6.35
14003086  3357        5.53
14030527  3357        4.83
14031045  3357        5.93
14031497  3357        5.93
1404429   3357        7.26
14093727  3357        5.93
14094806  3357        6.35
14176129  3357        5.93
14270811  3357        4.83
14293118  3357        5.93
1431183   3357        5.92
14335445  3357        5.53
14335539  3357        5.93
1433726   3357        5.92
14372299  3357        6.35
14372818  3357        5.93
14376347  3357        5.93
14398946  3357        5.93
14399267  3357        5.18
14405196  3357        5.93
14590375  3357        5.18
14607589  3357        5.18
14648947  3357        5.93
14810540  3357        5.93
14825867  3357        5.93
14877620  3357        5.93
14877859  3357        6.79
14880827  3357        6.35
15170350  3357        5.18
15177340  3357        6.35
15177867  3357        4.83
15306151  3357        5.53
15306996  3357        5.53
15352095  3357        5.93
15444811  3357        6.35
15448608  3357        5.93
15598043  3357        4.83
15598319  3357        5.93
15598510  3357        5.93
15598933  3357        4.83
15599928  3357        5.18
15668151  3357        5.93
15668851  3357        5.18
15729233  3357        5.93
15729536  3357        5.18
15827139  3357        6.35
15959808  3357        4.83
16001576  3357        4.83
16137706  3357        5.53
16138119  3357        5.93
1631390   3357        4.39
16324090  3357        4.83
16594051  3357        5.18
16641426  3357        5.53
16736267  3357        5.93
16770549  3357        5.93
17011869  3357        5.93
17019549  3357        5.93
17104175  3357        5.93
1737075   3357        5.54
17379215  3357        5.18
17626132  3357        5.18
1763610   3357        4.84
1763812   3357        5.92
1764349   3357        4.84
1769938   3357        5.54
1778800   3357        5.17
18059654  3357        5.18
18059918  3357        5.93
18263756  3357        5.93
1834693   3357        4.84
1854577   3357        5.92
18656459  3357        5.93
18785684  3357        4.83
18950730  3357        4.83
1906129   3357        5.92
19262723  3357        5.93
1926999   3357        6.34
20235584  3357        5.18
2030572   3357        5.54
2033664   3357        7.26
2038803   3357        5.92
2130876   3357        4.84
2157417   3357        7.26
2186056   3357        5.54
2189077   3357        5.17
2195858   3357        5.92
2196831   3357        5.17
2198226   3357        5.92
2198274   3357        6.34
2198799   3357        5.54
2199826   3357        5.17
2272067   3357        4.84
23156662  3357        5.92
2376223   3357        7.26
2380275   3357        6.34
2384661   3357        5.92
2384824   3357        5.17
2529886   3357        5.92
2532585   3357        4.84
2533320   3357        5.54
2533977   3357        5.57
2534786   3357        5.92
2535843   3357        6.34
2536000   3357        5.17
2536373   3357        6.34
2536795   3357        5.92
2538821   3357        5.54
2539425   3357        5.92
2539607   3357        6.34
2539943   3357        4.84
2541142   3357        5.92
2541439   3357        5.32
2541709   3357        5.57
2543654   3357        5.92
2543932   3357        5.17
2592966   3357        8.05
2593377   3357        5.92
2593686   3357        5.54
2596405   3357        5.03
2597854   3357        5.03
2598033   3357        5.03
2598872   3357        4.84
2601437   3357        5.92
2601914   3357        5.17
2603046   3357        5.21
2605117   3357        6.34
2605164   3357        5.21
2605539   3357        4.74
2605823   3357        3.87
2607322   3357        5.92
2608233   3357        5.93
2608304   3357        4.84
2608411   3357        4.74
2608554   3357        5.03
2684589   3357        5.92
2741170   3357        6.37
2854705   3357        5.54
2870837   3357        4.40
2910376   3357        4.84
2910432   3357        5.54
2911765   3357        5.54
2912407   3357        4.84
2912692   3357        7.26
2913757   3357        5.54
2913809   3357        4.84
2914272   3357        5.37
2915293   3357        4.84
2915714   3357        5.92
2915780   3357        5.04
2916102   3357        5.92
2916362   3357        5.39
2916467   3357        5.17
2916786   3357        5.54
2918280   3357        5.92
2919212   3357        5.92
2992913   3357        4.84
3035349   3357        5.92
3039370   3357        6.17
3080057   3357        7.26
3080311   3357        5.92
3080984   3357        5.93
3081351   3357        5.92
3082505   3357        5.37
3083006   3357        5.92
3083065   3357        4.84
3083457   3357        4.40
3083843   3357        5.17
3084868   3357        5.39
3084978   3357        4.84
3085009   3357        5.54
3085276   3357        6.78
3090485   3357        5.93
3156003   3357        4.84
3234299   3357        6.78
3245420   3357        5.92
3314562   3357        5.17
3314884   3357        4.84
3315121   3357        4.84
3315781   3357        4.84
3317339   3357        5.54
3317520   3357        5.92
3318589   3357        5.92
3318694   3357        6.78
3318719   3357        5.39
3319659   3357        5.17
3320986   3357        5.92
3322128   3357        5.03
3322273   3357        4.84
3322284   3357        5.54
3322381   3357        5.96
3324084   3357        5.93
3324110   3357        7.26
3324403   3357        7.26
3329806   3357        5.21
3353242   3357        5.54
3457632   3357        4.14
3528540   3357        5.92
3533360   3357        6.78
3534582   3357        6.34
3535445   3357        5.17
3535676   3357        5.03
3535838   3357        4.70
3538837   3357        5.92
3539352   3357        5.03
3541739   3357        5.92
3541975   3357        3.87
3542004   3357        6.35
3542015   3357        5.07
3554092   3357        6.34
3598528   3357        5.74
3710064   3357        5.53
3759377   3357        4.87
3784066   3357        4.84
3784441   3357        6.35
3785251   3357        5.92
3792247   3357        5.92
3795005   3357        5.93
3830110   3357        8.74
3855157   3357        3.87
3855577   3357        5.92
3856978   3357        4.70
3857004   3357        5.54
3857220   3357        5.92
3857667   3357        4.70
3857878   3357        5.58
3858323   3357        5.92
3858856   3357        6.35
3859230   3357        5.92
3864991   3357        7.26
3875055   3357        5.93
3877925   3357        6.35
3878006   3357        5.53
3963688   3357        5.93
3964093   3357        5.93
3965704   3357        4.84
3969513   3357        5.53
4001934   3357        6.34
401763    3357        5.92
4064149   3357        6.79
4065177   3357        5.17
4065584   3357        5.93
4065648   3357        5.54
4066245   3357        4.87
4066682   3357        4.84
4067118   3357        5.92
4067735   3357        5.53
4067795   3357        5.03
4068788   3357        5.17
4071074   3357        7.26
4071241   3357        4.11
4107436   3357        5.53
4191539   3357        5.53
4193094   3357        6.34
4194671   3357        5.93
4195654   3357        4.70
4199927   3357        4.14
4200911   3357        5.54
423483    3357        5.92
4238916   3357        3.87
430631    3357        5.92
4317775   3357        6.35
4373204   3357        6.35
4373479   3357        5.17
4375498   3357        6.17
4375998   3357        5.42
4376813   3357        6.07
4377201   3357        5.39
437803    3357        5.92
4378140   3357        4.84
4378236   3357        4.70
4378283   3357        5.92
4378759   3357        6.35
4379154   3357        3.87
4381341   3357        5.17
4381614   3357        4.83
4382400   3357        5.92
4383023   3357        6.35
4383200   3357        4.55
4385047   3357        5.03
4386936   3357        5.53
4387777   3357        5.53
439023    3357        5.81
4409485   3357        6.35
4409788   3357        4.84
4409789   3357        4.83
4414417   3357        5.53
4414541   3357        5.58
4414909   3357        5.21
4415675   3357        4.84
443869    3357        5.92
4609506   3357        6.35
4610129   3357        4.84
4720170   3357        4.83
4720923   3357        5.93
4721016   3357        4.83
4721639   3357        4.84
4722680   3357        4.40
4722814   3357        4.74
4723168   3357        4.87
4723276   3357        5.53
4723403   3357        5.21
4724433   3357        5.03
4725919   3357        6.35
4727740   3357        5.53
4728331   3357        4.70
4729448   3357        3.87
4729575   3357        6.78
4730168   3357        6.35
4730490   3357        5.17
4730823   3357        7.26
4731322   3357        6.35
4731494   3357        6.34
4732090   3357        4.83
4732618   3357        5.18
4734527   3357        5.18
4734940   3357        4.83
4735505   3357        4.84
4738424   3357        5.92
4739546   3357        5.93
4739796   3357        6.35
4754833   3357        6.35
4803744   3357        6.35
4805842   3357        5.93
4827213   3357        5.93
4853128   3357        5.93
4882144   3357        4.43
5017295   3357        5.53
5022967   3357        5.39
5237805   3357        5.93
5238236   3357        4.87
5239261   3357        7.26
5240821   3357        5.54
5242545   3357        6.17
5244302   3357        5.17
5244483   3357        5.53
5244484   3357        6.34
5244765   3357        5.17
5245261   3357        6.35
5248926   3357        5.17
5248954   3357        5.54
5249259   3357        5.93
5249817   3357        6.35
5250965   3357        5.39
5251153   3357        5.92
5251214   3357        6.34
5251893   3357        5.93
5252606   3357        6.35
5253930   3357        3.87
5254613   3357        5.17
5254952   3357        4.84
5255567   3357        5.93
5255641   3357        6.35
5257069   3357        5.54
5257175   3357        5.03
5257421   3357        6.79
5257727   3357        5.93
5257774   3357        5.93
5259121   3357        4.70
5259324   3357        4.84
5259785   3357        5.17
5261116   3357        5.18
5261139   3357        5.93
5261250   3357        5.57
5261418   3357        5.54
5261643   3357        4.83
5263470   3357        5.76
5344986   3357        4.83
5435450   3357        5.18
5436619   3357        6.35
5436795   3357        4.83
5438690   3357        4.83
5439480   3357        5.93
5439865   3357        6.79
5458236   3357        5.18
5461455   3357        5.03
5605414   3357        5.93
5658043   3357        5.93
5688352   3357        5.93
5765952   3357        5.93
5779173   3357        5.93
5915261   3357        5.92
5921128   3357        5.93
5921800   3357        4.83
5923624   3357        6.35
5925143   3357        6.35
5925949   3357        4.84
5929492   3357        5.93
5935536   3357        6.35
5937541   3357        5.93
5938630   3357        5.93
5938995   3357        5.93
6044716   3357        5.93
6125595   3357        4.83
6127630   3357        5.92
6238388   3357        7.26
6394853   3357        4.83
64800     3357        4.39
6537141   3357        4.87
6573443   3357        5.92
6573855   3357        6.79
6573893   3357        5.18
6575243   3357        5.53
6575301   3357        5.93
6584406   3357        5.17
6634354   3357        5.93
6689708   3357        5.93
6690236   3357        5.93
6701343   3357        5.93
6701344   3357        5.93
6701453   3357        5.93
673822    3357        5.17
6841910   3357        4.83
7076647   3357        5.93
710634    3357        2.96
7211860   3357        6.35
7240399   3357        5.93
7300376   3357        4.83
7301470   3357        4.70
7305494   3357        5.03
7305781   3357        4.84
7308623   3357        5.92
7309317   3357        4.83
7309375   3357        5.53
7310425   3357        6.79
7310959   3357        5.92
7311233   3357        5.92
7311255   3357        4.83
7312149   3357        5.93
7313189   3357        4.84
7314050   3357        4.83
7314987   3357        6.79
7315048   3357        6.35
7315331   3357        5.93
7316059   3357        6.79
7316139   3357        6.35
7316233   3357        4.84
7316607   3357        7.26
7316959   3357        6.34
7317744   3357        4.84
7318041   3357        5.92
7319649   3357        6.35
7321787   3357        5.53
7322304   3357        5.53
7322780   3357        5.18
7322794   3357        4.83
7324725   3357        5.96
7325664   3357        4.14
7325721   3357        5.03
7325722   3357        5.92
7325778   3357        4.84
7328421   3357        4.83
7330948   3357        5.93
7331943   3357        5.53
7332202   3357        4.83
7333145   3357        6.35
7335642   3357        5.93
7337422   3357        5.93
7337778   3357        4.83
7338055   3357        6.79
7340200   3357        5.54
7340742   3357        5.03
7340989   3357        4.83
7342107   3357        5.53
7342680   3357        5.92
7343605   3357        4.83
7344290   3357        5.53
7344465   3357        5.53
7347856   3357        5.92
7348137   3357        4.83
7348986   3357        5.93
7349428   3357        7.26
7349843   3357        4.83
7350162   3357        6.07
7350273   3357        5.53
7351297   3357        4.83
7352317   3357        5.53
7353364   3357        4.83
7353377   3357        5.93
7354064   3357        4.83
7354848   3357        4.84
7355351   3357        5.53
7355837   3357        5.93
7355928   3357        5.17
7359478   3357        6.35
7360346   3357        5.18
7360517   3357        5.93
7363171   3357        5.53
7363652   3357        5.93
7365166   3357        5.92
7365545   3357        5.53
7367276   3357        4.83
7368710   3357        4.83
7369018   3357        5.93
7371154   3357        5.93
7372156   3357        4.83
7372973   3357        4.83
7373089   3357        5.18
7373215   3357        6.79
7374243   3357        5.18
7374616   3357        5.92
7377030   3357        5.18
7377579   3357        5.93
7379256   3357        5.53
7380616   3357        4.83
7381553   3357        5.93
7382148   3357        6.34
7382532   3357        4.83
7384964   3357        5.93
7387544   3357        5.93
7388038   3357        4.83
7388080   3357        5.93
7388125   3357        6.35
7388199   3357        5.18
7389581   3357        5.93
7391472   3357        5.53
7392153   3357        6.35
7393061   3357        5.53
7393144   3357        4.83
7395742   3357        3.87
7396051   3357        5.93
7398038   3357        4.74
7400031   3357        5.93
7401094   3357        5.93
7401380   3357        5.93
7401853   3357        4.83
7403123   3357        4.83
7403188   3357        5.53
7403563   3357        5.53
7406353   3357        5.93
7408531   3357        5.93
7409730   3357        5.53
7410177   3357        7.26
7412535   3357        6.35
7412738   3357        5.18
7415285   3357        7.26
7415448   3357        5.93
7416870   3357        4.83
7417289   3357        4.83
7417791   3357        5.93
7418898   3357        4.83
7418939   3357        4.83
7419340   3357        5.53
7419740   3357        4.83
7419800   3357        5.93
7419866   3357        5.53
7420316   3357        5.93
7420429   3357        6.35
7423096   3357        4.83
7423108   3357        6.35
7423415   3357        5.93
7423444   3357        5.93
7425063   3357        4.83
7425430   3357        5.93
7425900   3357        5.53
7426046   3357        5.93
7427359   3357        4.83
7427520   3357        5.93
7429274   3357        5.93
7432253   3357        6.35
7434591   3357        5.93
7435158   3357        4.83
7436077   3357        5.53
7436996   3357        5.93
7437806   3357        4.83
7437808   3357        4.83
7438450   3357        5.93
7439597   3357        6.79
7439617   3357        5.93
7439629   3357        5.93
7440809   3357        3.87
7442445   3357        5.93
7444497   3357        4.83
7444651   3357        6.35
7444842   3357        5.93
7444889   3357        6.79
7445661   3357        5.18
7446382   3357        6.35
7446644   3357        5.93
7447067   3357        5.93
7447334   3357        6.79
7447992   3357        4.83
7449457   3357        5.18
7455429   3357        5.93
7455588   3357        5.93
7460503   3357        5.92
7461704   3357        5.93
7465820   3357        5.93
7465910   3357        5.93
7466779   3357        7.26
7466870   3357        5.93
7502836   3357        6.34
7548386   3357        4.83
7548420   3357       41.08
770342    3357        5.92
7917981   3357        5.93
7981510   3357        6.35
7982728   3357        4.83
7982865   3357        6.35
7983170   3357        4.83
7984159   3357        5.93
7985605   3357        4.74
7988969   3357       44.04
8054279   3357        6.07
8064487   3357        5.93
8068577   3357        5.93
8069571   3357        5.93
8140450   3357        5.17
8594315   3357        5.93
8718789   3357        5.93
8734286   3357        6.35
9066082   3357        5.17
9100619   3357        5.93
9211039   3357        5.53
9261804   3357        6.35
9317884   3357        6.35
940859    3357        6.34
9433060   3357        5.93
9540404   3357        6.35
9540845   3357        6.79
9542018   3357        6.35
9542237   3357        5.53
9543174   3357        5.93
9543530   3357        6.35
9544179   3357        5.93
9544345   3357        5.18
9544429   3357        6.35
9544827   3357        6.35
9545198   3357        5.17
9545952   3357        5.18
9546474   3357        5.93
9547148   3357        5.53
9551389   3357        5.93
9552709   3357        4.83
9553039   3357        5.93
9553047   3357        5.53
9553149   3357        4.83
9555077   3357        6.78
9555609   3357        4.83
9555641   3357        5.93
9557148   3357        6.79
9557803   3357        5.18
9557875   3357        4.83
9557894   3357        4.84
9558628   3357        5.18
9560453   3357        4.83
9570736   3357       44.04
9572755   3357        5.93
9601343   3357        5.93
9603154   3357        5.18
9603683   3357        5.93
9603870   3357        3.87
9604166   3357        5.53
9604592   3357        7.26
9607091   3357        5.54
9608547   3357        5.93
9609337   3357        4.83
9609338   3357        5.93
9612117   3357        6.35
9612530   3357        5.93
9612692   3357        5.93
9614364   3357        5.53
9615563   3357        5.93
9615964   3357        5.93
9617493   3357        5.53
9620242   3357        6.35
9620248   3357        6.79
9620376   3357        5.93
9620599   3357        6.35
9620701   3357        5.53
9620720   3357        5.53
9621777   3357        4.83
9622347   3357        5.93
9624370   3357        7.26
9624596   3357        4.83
9625361   3357        5.93
9625933   3357        5.93
9626082   3357        5.93
9626215   3357        5.53
9627150   3357        6.35
9627523   3357        5.93
9627724   3357        4.83
9629963   3357        6.35
9631462   3357        6.35
9634554   3357        5.93
9634674   3357        5.93
9636806   3357        4.83
9638320   3357        5.93
9639201   3357        5.53
9845319   3357        5.18
9846320   3357        6.35
9847068   3357        5.93
9847350   3357        5.93
9847591   3357        4.83
9848693   3357        5.53
9850403   3357        5.93
9851111   3357        5.93
9851993   3357        5.93
