10107724  0357      424.00
10120357  0357      519.12
10121866  0357      925.89
10125466  0357      323.48
10126656  0357      346.08
10141786  0357      370.36
10312414  0357      323.48
10373550  0357      692.16
10639752  0357      323.48
10726693  0357      346.08
10760806  0357      323.48
10764554  0357      370.36
10770124  0357      346.08
10772668  0357      323.48
10774121  0357      370.36
10775520  0357      646.97
10776516  0357      424.00
10776915  0357      323.48
10777645  0357      519.12
10778464  0357      323.48
10779723  0357      582.05
10784623  0357      346.08
10820078  0357      370.36
10840266  0357      346.08
10841061  0357      323.48
10841823  0357      424.00
10842205  0357      346.08
10843324  0357      865.20
10844575  0357      848.01
10844947  0357      346.08
10845717  0357      323.48
10845943  0357      424.00
10846474  0357      346.08
10846532  0357      370.36
10846629  0357      346.08
10846940  0357      692.16
10846985  0357      346.08
10847648  0357      323.48
10848158  0357      396.28
10849906  0357      346.08
10849907  0357      370.36
10860593  0357      346.08
10903693  0357      323.48
10959957  0357      346.08
10960021  0357      346.08
10963442  0357      370.36
10963957  0357      370.36
10964062  0357      692.16
1108218   0357      442.02
1112379   0357      442.02
1115136   0357      591.91
11163187  0357      323.48
11177533  0357      323.48
11260715  0357      346.08
11261772  0357      424.00
11262378  0357      346.08
11263756  0357      323.48
11264465  0357      346.08
11264550  0357      323.48
11265496  0357      346.08
11265527  0357      370.36
11266390  0357      692.16
11267811  0357      646.97
11267932  0357      646.97
11268437  0357      424.00
11269196  0357      396.28
1129535   0357      442.02
11414487  0357      370.36
11425214  0357      346.08
11425449  0357      346.08
11426462  0357      323.48
11428034  0357      323.48
11428889  0357      865.20
11429539  0357      692.16
11429792  0357      323.48
11429991  0357      519.12
11430700  0357      346.08
11433167  0357      346.08
11433865  0357      692.16
11433968  0357      692.16
11434350  0357      346.08
11546168  0357      323.48
11580362  0357      370.36
11584952  0357      346.08
11586448  0357      346.08
11589730  0357      692.16
11594236  0357      424.00
11594524  0357      323.48
11596252  0357      346.08
11597667  0357      346.08
11598121  0357      323.48
11598207  0357      323.48
11598956  0357      323.48
11633896  0357      323.48
11645810  0357      346.08
11651035  0357      346.08
11651090  0357      346.08
11652405  0357      346.08
11653864  0357      346.08
11694358  0357      323.48
11694758  0357      346.08
11695394  0357      646.97
11749469  0357      346.08
11783201  0357      370.36
11783366  0357      424.00
11784637  0357      323.48
11786325  0357      424.00
11786432  0357      323.48
11787653  0357      692.16
11787807  0357      346.08
11788587  0357      740.71
11788630  0357      370.36
11790273  0357      346.08
11790818  0357      519.12
11791177  0357      346.08
11792127  0357      346.08
11792506  0357      323.48
11792846  0357      346.08
11878930  0357      346.08
11879419  0357      370.36
11879750  0357      424.00
11881224  0357      424.00
11881668  0357      808.71
11881669  0357      323.48
11882080  0357      323.48
11882720  0357      424.00
11883300  0357      692.16
11949766  0357      424.00
12011761  0357      848.01
12018571  0357      485.23
12018729  0357      323.48
12018852  0357      346.08
12019816  0357      323.48
12020535  0357      396.28
12021559  0357      370.36
12021966  0357      346.08
12022428  0357      370.36
12023306  0357      396.28
12023981  0357      519.12
12024178  0357      346.08
12024179  0357      346.08
12025294  0357      519.12
12025488  0357      323.48
12025491  0357      323.48
12026565  0357      346.08
12027093  0357      346.08
12027260  0357      611.22
12027527  0357      323.48
12027928  0357      323.48
12027973  0357      740.71
12080554  0357      346.08
12241212  0357      485.23
12242270  0357      346.08
12243077  0357      323.48
12244707  0357      323.48
12247738  0357      519.12
12248400  0357      808.71
12248755  0357      370.36
12248784  0357      646.97
12248960  0357      346.08
12249178  0357      424.00
12279667  0357      346.08
12314254  0357      990.71
1232375   0357      442.02
12369466  0357      346.08
12370670  0357      396.28
1239070   0357      442.02
12434895  0357      323.48
12435304  0357      346.08
12435757  0357      485.23
12435759  0357      865.20
12527456  0357      323.48
12534356  0357      346.08
12536172  0357      346.08
12536549  0357      396.28
1254062   0357      442.02
1257983   0357      442.02
1258658   0357      442.02
1261562   0357      442.02
1262953   0357      532.80
1263302   0357      442.02
1263303   0357      442.02
1263991   0357      442.02
1265436   0357      442.02
1266723   0357      313.71
12691465  0357      346.08
1269356   0357      884.05
12698409  0357      323.48
12698965  0357      323.48
12700553  0357      323.48
12701276  0357      346.08
12701301  0357      808.71
12702273  0357      323.48
12704473  0357      323.48
12704482  0357      740.71
12704649  0357      346.08
12704927  0357      346.08
12705860  0357      346.08
12706171  0357      346.08
12706774  0357      740.71
12707136  0357      346.08
1272390   0357      442.02
1273369   0357      442.02
1277938   0357      442.02
1278407   0357      442.02
12848719  0357      346.08
12849330  0357      396.28
12851330  0357      346.08
12852888  0357      346.08
12858616  0357      519.12
12878256  0357      346.08
12884972  0357      346.08
12934142  0357      323.48
12934525  0357      323.48
12935305  0357      346.08
12935606  0357      346.08
13032012  0357      646.97
13032033  0357      346.08
13034237  0357      346.08
13035222  0357      424.00
13084488  0357      323.48
13084886  0357      323.48
13180551  0357      346.08
1318484   0357      442.02
13187744  0357      692.16
13187816  0357      519.12
13188137  0357      323.48
13188604  0357      485.23
13264411  0357      346.08
13265462  0357      323.48
13265946  0357      519.12
13266369  0357      346.08
13268000  0357      646.97
13268185  0357      646.97
13268457  0357      323.48
13268537  0357      519.12
13343258  0357      323.48
13408041  0357      323.48
13510172  0357      323.48
13510180  0357      323.48
13519440  0357      323.48
13527636  0357      370.36
13566631  0357      424.00
13643981  0357      646.97
13643982  0357      485.23
13644051  0357      346.08
13644555  0357      808.71
13644665  0357      346.08
13644680  0357      925.89
13652653  0357      323.48
13674854  0357      370.36
13678214  0357      346.08
13678857  0357      323.48
13679940  0357      346.08
13724134  0357      519.12
13774187  0357      323.48
13774684  0357      346.08
13775452  0357      323.48
13775808  0357      323.48
13777181  0357      485.23
13785046  0357      323.48
13785661  0357      346.08
13785997  0357      323.48
13786181  0357      346.08
13787208  0357      346.08
13787741  0357      323.48
13842354  0357      346.08
13843775  0357      346.08
13856268  0357      346.08
13867427  0357      519.12
13868652  0357      346.08
13880177  0357      323.48
13880981  0357      346.08
13905892  0357      323.48
13986119  0357      346.08
13990906  0357      555.53
14003086  0357      323.48
14030527  0357      323.48
14031045  0357      346.08
14031497  0357      865.20
14093727  0357      519.12
14094806  0357      370.36
14143188  0357      323.48
14159223  0357      646.97
14176129  0357      346.08
14176671  0357      346.08
14270811  0357      808.71
14293118  0357      519.12
1431183   0357      442.02
14335445  0357      323.48
14335539  0357      346.08
14372299  0357      370.36
14372545  0357      323.48
14372818  0357     1169.98
14376347  0357      346.08
14398946  0357      346.08
14399267  0357      485.23
14405196  0357      346.08
14405401  0357      346.08
14513487  0357      323.48
14590375  0357      323.48
14607589  0357      485.23
14648947  0357      346.08
14649126  0357      323.48
14825867  0357      346.08
14877620  0357      346.08
14877805  0357      370.36
14877859  0357      396.28
14879597  0357      692.16
14879704  0357      808.71
14880827  0357      370.36
15170350  0357      323.48
15177340  0357      370.36
15177867  0357      646.97
15306151  0357      808.71
15306996  0357      323.48
15352095  0357      346.08
15444811  0357      370.36
15448608  0357      346.08
15597541  0357      323.48
15598043  0357      323.48
15598319  0357      346.08
15598510  0357      692.16
15598933  0357      323.48
15599928  0357      485.23
15668151  0357      692.16
15668851  0357      323.48
15690244  0357      323.48
15729233  0357      519.12
15729536  0357      808.71
15778630  0357      519.12
15885754  0357      323.48
15959808  0357      323.48
15961650  0357      323.48
16001576  0357      323.48
16137706  0357      323.48
16138119  0357      519.12
1631390   0357      531.01
16324090  0357      346.08
16385667  0357      323.48
16387437  0357      692.16
16594051  0357      323.48
16641426  0357      323.48
16736267  0357      346.08
16770549  0357      346.08
16788972  0357      692.16
16796439  0357      646.97
17011869  0357      692.16
17012587  0357      865.20
17019549  0357      346.08
17033230  0357      323.48
17033256  0357      323.48
17104175  0357      346.08
17306742  0357      323.48
1737075   0357      442.02
17379215  0357      485.23
17380736  0357      323.48
17572385  0357      692.16
17574055  0357      323.48
17626132  0357      646.97
1763812   0357      532.80
1764349   0357      442.02
1765295   0357      884.05
1769938   0357      442.02
17727473  0357      323.48
17859806  0357      323.48
17859921  0357      646.97
17872590  0357      346.08
17965237  0357      519.12
18054647  0357      346.08
18058393  0357      323.48
18059918  0357      346.08
18263579  0357      346.08
18263756  0357      346.08
1834693   0357      313.71
18421508  0357      323.48
18471327  0357      346.08
18618969  0357      323.48
18655916  0357      346.08
18656459  0357      519.12
18785684  0357      323.48
18928116  0357      323.48
18950730  0357      323.48
1906129   0357      442.02
19166206  0357      808.71
19262723  0357      346.08
1926999   0357      442.02
19324610  0357      692.16
19424156  0357      692.16
19431369  0357      346.08
19827450  0357      323.48
19850185  0357      808.71
19886649  0357      865.20
19973112  0357      346.08
20046577  0357      646.97
20046584  0357      646.97
20187870  0357      646.97
20189202  0357      396.28
20235584  0357      646.97
2030572   0357      442.02
2033664   0357      477.52
20348834  0357      485.23
20351464  0357      692.16
21140944  0357      485.23
2130876   0357      442.02
2157417   0357     1193.81
2186056   0357      442.02
2189077   0357      442.02
2196831   0357      442.02
2198274   0357      444.11
2198799   0357      442.02
22326349  0357      323.48
2272067   0357      442.02
23156662  0357      442.02
2376223   0357      488.72
2380275   0357      442.02
2384661   0357      442.02
2529886   0357      442.02
2532585   0357      442.02
2533320   0357      442.02
2534786   0357      329.88
2535843   0357      442.02
2536373   0357      442.02
2536795   0357      442.02
2539607   0357      442.02
2539943   0357      442.02
2541142   0357      442.02
2541439   0357      621.15
2541709   0357      442.02
2543654   0357      442.02
2543813   0357      442.02
2543932   0357      442.02
2592064   0357      442.02
2592966   0357      480.88
2593377   0357      442.02
2593686   0357      442.02
2596405   0357      542.30
2597854   0357      442.02
2598033   0357      442.02
2598733   0357      442.02
2598872   0357      442.02
2601437   0357      442.02
2603046   0357      442.02
2605117   0357      442.02
2605164   0357      442.02
2605539   0357      334.93
2605823   0357      313.70
2607322   0357      476.04
2608233   0357      464.39
2608304   0357      442.02
2608554   0357      442.02
2684589   0357      442.02
2741170   0357      476.50
2854705   0357      442.02
2870837   0357      442.02
2910376   0357      442.02
2910432   0357      442.02
2911765   0357      442.02
2912407   0357      442.02
2912692   0357      477.52
2913757   0357      442.02
2913809   0357      442.02
2915293   0357      442.02
2915714   0357      442.02
2915780   0357      442.02
2916102   0357      329.88
2916362   0357      442.02
2916467   0357      442.02
2916786   0357      442.02
2918280   0357     1105.06
2992913   0357      442.02
3035349   0357      442.02
3080057   0357      716.29
3080311   0357      442.02
3080984   0357      630.60
3081351   0357      442.02
3082505   0357      538.99
3083006   0357      442.02
3083065   0357      442.02
3083457   0357      442.02
3083843   0357      442.02
3084868   0357      442.02
3084978   0357      442.02
3085009   0357      442.02
3085276   0357      442.90
3090485   0357      470.48
3156003   0357      512.54
3234299   0357      442.90
3245420   0357      442.02
3314884   0357      339.24
3315121   0357      442.02
3315781   0357      442.02
3317339   0357      470.94
3317520   0357      442.02
3318589   0357      510.32
3318694   0357      550.62
3318719   0357      442.02
3319659   0357      442.02
3320986   0357      442.02
3322128   0357      475.10
3322284   0357      442.02
3322381   0357      442.02
3324084   0357      614.33
3324110   0357      682.12
3324403   0357      477.52
3329806   0357      442.02
3353242   0357      507.34
3528540   0357      480.27
3533360   0357      582.72
3535445   0357      442.02
3535676   0357      442.02
3535838   0357      442.02
3538837   0357      479.54
3539352   0357      442.02
3541739   0357      442.02
3541975   0357      313.73
3542004   0357      370.36
3542015   0357      362.73
3554092   0357      442.02
3593839   0357      442.02
3598528   0357      442.02
3710064   0357      571.62
3759377   0357      442.02
3784066   0357      442.02
3784441   0357      491.49
3785251   0357      442.02
3792247   0357      442.02
3830110   0357      442.02
3855157   0357      313.70
3855577   0357      442.02
3856978   0357      442.02
3857004   0357      442.02
3857220   0357      442.04
3857667   0357      442.02
3857878   0357      442.02
3858323   0357      884.05
3858856   0357      370.36
3859230   0357      695.02
3864991   0357      533.20
3875055   0357      543.94
3877925   0357     1356.26
3878006   0357      533.38
3963688   0357      536.83
3964093   0357      605.39
3964337   0357      442.02
3965704   0357      442.02
3969513   0357      445.20
4001934   0357      597.58
4064149   0357      488.28
4065177   0357      442.02
4065584   0357      346.08
4065648   0357      574.34
4066245   0357      442.02
4067118   0357      531.34
4067735   0357      511.23
4067795   0357      442.02
4068788   0357      442.02
4071074   0357      630.83
4071241   0357      541.50
4107436   0357      323.48
4191539   0357      442.02
4193094   0357     1105.06
4194671   0357      475.87
4195654   0357      442.02
4199927   0357      311.69
4200911   0357      442.02
4238916   0357      442.02
430240    0357      442.02
4317775   0357      678.59
4373204   0357      697.96
4373479   0357      442.02
4375498   0357      477.52
4375998   0357      455.48
4376813   0357      485.26
4377201   0357      442.02
4378140   0357      442.02
4378236   0357      442.02
4378283   0357      442.02
4378759   0357      643.49
4379154   0357      442.02
4381341   0357      442.02
4381614   0357      493.33
4382400   0357      663.04
4383023   0357      370.36
4383200   0357      442.02
4385047   0357      442.02
4386936   0357      396.28
4387777   0357      808.71
4409485   0357      609.57
4409788   0357      442.02
4409789   0357      959.92
4414417   0357      502.18
4414541   0357      474.98
4414909   0357      442.02
4415675   0357      442.02
443869    0357      442.02
4609506   0357      474.63
4610129   0357      442.02
4720170   0357      485.23
4720923   0357      346.08
4721016   0357      323.48
4721639   0357      442.02
4722680   0357      442.02
4722814   0357      372.70
4723168   0357      442.02
4723276   0357      495.89
4723403   0357      442.02
4724433   0357      442.02
4725919   0357      740.71
4727740   0357      323.48
4728331   0357      442.02
4729448   0357      323.77
4729575   0357      451.40
4730168   0357      679.03
4730490   0357      442.02
4730823   0357      692.10
4731322   0357      656.97
4731494   0357      489.09
4732090   0357      526.23
4732618   0357      323.48
4734527   0357      323.48
4734940   0357      323.48
4735505   0357      442.02
4738424   0357      442.02
4739546   0357      583.81
4739796   0357      370.36
4754833   0357      596.07
4803744   0357      745.48
4805842   0357      346.08
4827213   0357      510.23
4853128   0357      410.80
4882144   0357      339.09
5017295   0357      323.48
5022967   0357      442.02
5237805   0357      346.08
5238236   0357      442.02
5239261   0357      531.12
5240821   0357      442.02
5242545   0357      511.53
5244302   0357      509.99
5244483   0357      323.48
5244484   0357      489.09
5244765   0357      442.02
5245261   0357      370.36
5248926   0357      507.98
5248954   0357      473.29
5249259   0357      346.08
5249817   0357      370.36
5250965   0357      442.02
5251153   0357      569.13
5251214   0357      524.50
5252606   0357      740.71
5253930   0357      442.02
5254613   0357      575.12
5254952   0357      442.02
5255567   0357      346.08
5255641   0357      370.36
5257069   0357      465.28
5257175   0357      442.02
5257421   0357      396.28
5257727   0357      865.20
5257774   0357      346.08
5259121   0357      442.02
5259785   0357      442.02
5261116   0357      323.48
5261139   0357      549.54
5261250   0357      442.02
5261418   0357      455.90
5261643   0357      551.91
5263470   0357      508.26
5344986   0357      323.48
5435450   0357      496.60
5436619   0357      370.36
5436795   0357      349.12
5438690   0357      485.38
5439480   0357      346.08
5439865   0357      990.71
5458236   0357      323.48
5461455   0357      442.04
5605414   0357     1125.05
5658043   0357      550.23
5688352   0357      346.08
5765952   0357      346.08
5779173   0357      346.08
5915261   0357      442.02
5921128   0357      688.28
5921800   0357      323.48
5923624   0357      370.36
5925143   0357      370.36
5925949   0357      313.71
5929492   0357      346.08
5935536   0357      925.89
5938630   0357      575.36
5938995   0357      346.08
6044716   0357      519.12
6125595   0357      808.71
6127630   0357      512.64
6238388   0357      424.00
6394853   0357      403.35
64800     0357      442.90
6537141   0357      442.02
6573443   0357      572.17
6573855   0357      396.28
6573893   0357      323.48
6575243   0357      323.48
6575301   0357      346.08
6584406   0357     1105.06
6602322   0357      323.48
6634354   0357      346.08
6689708   0357      346.08
6690236   0357      346.08
6701343   0357      346.08
6701344   0357      346.08
6701453   0357      346.08
673822    0357      442.02
6841910   0357      323.48
7076647   0357      346.08
7211860   0357      370.36
7240399   0357      346.08
7300376   0357      485.38
7301470   0357      442.02
7305494   0357      442.02
7305781   0357      442.02
7308623   0357      517.34
7309317   0357      323.48
7309375   0357      323.48
7310425   0357      396.28
7310959   0357      442.02
7311233   0357      471.80
7311255   0357      573.42
7312149   0357      555.57
7313189   0357      442.02
7314050   0357      323.48
7314987   0357      396.28
7315048   0357      370.36
7315058   0357     1307.61
7315331   0357      346.08
7316059   0357      396.28
7316139   0357      370.36
7316607   0357      621.15
7316959   0357      884.05
7317744   0357      884.05
7318041   0357      491.10
7319649   0357      740.71
7321787   0357      323.48
7322304   0357      323.48
7322780   0357      323.48
7322794   0357      624.24
7324725   0357      442.02
7325664   0357      442.20
7325721   0357      442.02
7325722   0357      642.20
7325778   0357      313.23
7328421   0357      323.48
7330948   0357      346.08
7331943   0357      812.35
7332202   0357      532.15
7332734   0357      663.04
7333145   0357      370.36
7333526   0357     1064.30
7335642   0357      346.08
7337422   0357      439.20
7337778   0357      323.48
7338055   0357      396.28
7340200   0357      442.02
7340742   0357      475.10
7340989   0357      519.37
7342107   0357      323.48
7342680   0357      442.02
7343605   0357      323.48
7344290   0357      323.48
7344465   0357      646.97
7347856   0357      442.02
7348137   0357      323.48
7348986   0357      547.72
7349428   0357     1060.01
7349843   0357      323.48
7350162   0357      454.11
7350273   0357      323.48
7351297   0357      385.86
7352317   0357      323.48
7353364   0357      646.97
7353377   0357      346.08
7354064   0357      323.48
7354848   0357      313.23
7355928   0357      442.02
7359478   0357      370.36
7360346   0357      323.48
7360517   0357      346.08
7363171   0357      430.29
7363652   0357      346.08
7365166   0357      346.08
7365545   0357      323.48
7367276   0357      323.48
7368710   0357      646.97
7369018   0357      346.08
7371154   0357      346.08
7372156   0357      323.48
7372973   0357      511.45
7373089   0357      323.48
7373215   0357      396.28
7374243   0357      323.48
7374616   0357      442.02
7377030   0357      323.48
7377579   0357      346.08
7379256   0357      646.97
7380616   0357      323.48
7381553   0357      346.08
7382148   0357      488.18
7382532   0357      323.48
7384964   0357      346.08
7387544   0357      692.16
7388038   0357      323.48
7388080   0357      346.08
7388125   0357      370.36
7388199   0357      485.23
7389581   0357      346.08
7391472   0357      323.48
7392153   0357      925.89
7393061   0357      323.48
7393144   0357      646.97
7395742   0357      313.69
7396051   0357      519.12
7398038   0357      403.96
7400031   0357      346.08
7401094   0357      346.08
7401380   0357      346.08
7401853   0357      323.48
7403123   0357      323.48
7403188   0357      323.48
7403563   0357      323.48
7406353   0357      346.08
7408531   0357      346.08
7409730   0357      323.48
7410177   0357      424.00
7412535   0357      370.36
7412738   0357      323.48
7415285   0357      424.00
7415448   0357      346.08
7416870   0357      323.48
7417289   0357      646.97
7417791   0357      692.16
7418898   0357      323.48
7418939   0357      323.48
7419340   0357      323.48
7419740   0357      544.25
7419800   0357      346.08
7419866   0357      808.71
7420316   0357      346.08
7420429   0357      370.36
7423108   0357      370.36
7423415   0357      346.08
7423444   0357      593.98
7425063   0357      323.48
7425430   0357      346.08
7425900   0357      323.48
7426046   0357      346.08
7427359   0357      323.48
7427520   0357      346.08
7429274   0357      346.08
7432253   0357      370.36
7434591   0357      865.20
7435158   0357      808.71
7436077   0357      646.97
7436996   0357      346.08
7437806   0357      323.48
7437808   0357      323.48
7438450   0357      346.08
7439597   0357      792.57
7439617   0357      346.08
7439629   0357      346.08
7440809   0357      343.25
7442445   0357      346.08
7444497   0357      485.23
7444651   0357      370.36
7444842   0357      346.08
7444889   0357      792.57
7445661   0357      323.48
7446382   0357      370.36
7446644   0357      346.08
7447067   0357      865.20
7447992   0357      323.48
7449457   0357      323.48
7455429   0357      580.55
7455588   0357      346.08
7461704   0357      346.08
7465820   0357      865.20
7465910   0357      346.08
7466779   0357      683.61
7466870   0357      618.42
7502836   0357      524.51
7548386   0357      417.77
7548420   0357      522.29
770342    0357      442.02
7917981   0357      346.08
7981510   0357      370.36
7982728   0357      323.48
7982865   0357      370.36
7983170   0357      323.48
7984159   0357      346.08
7985605   0357      368.44
7988969   0357      691.28
8054279   0357      479.99
8064487   0357      839.63
8069571   0357      346.08
8140450   0357      342.22
8594315   0357      346.08
8718789   0357      692.16
8734286   0357      370.36
9066082   0357      442.02
9100619   0357      691.28
9211039   0357      323.48
9261804   0357      370.36
9317884   0357      740.71
9433060   0357      346.08
9540404   0357      370.36
9540845   0357      594.43
9542018   0357      370.36
9542237   0357      323.48
9543174   0357      346.08
9543530   0357      582.67
9544179   0357      346.08
9544345   0357      323.48
9544429   0357      370.36
9544827   0357      370.36
9545198   0357      442.02
9545952   0357      564.16
9546474   0357      346.08
9547148   0357      323.48
9551389   0357      346.08
9552709   0357      480.70
9553039   0357      861.29
9553047   0357      323.48
9553149   0357      323.48
9553310   0357      646.97
9555077   0357      491.05
9555609   0357      323.48
9555641   0357      346.08
9557148   0357      792.57
9557803   0357      323.48
9557875   0357      323.48
9557894   0357      569.51
9558628   0357      323.48
9560453   0357      323.48
9570736   0357      581.24
9572755   0357      346.08
9577605   0357      617.92
9601343   0357      865.20
9603154   0357      323.48
9603683   0357      346.08
9603870   0357      313.73
9604166   0357      323.48
9604592   0357      636.01
9607091   0357      442.02
9608547   0357      346.08
9609337   0357      323.48
9609338   0357      692.16
9612117   0357      692.65
9612530   0357     1621.54
9612692   0357      346.08
9614364   0357      646.97
9615563   0357      346.08
9615964   0357      346.08
9617493   0357      646.97
9620242   0357      740.71
9620248   0357      792.57
9620376   0357      346.08
9620599   0357      370.36
9620701   0357      323.48
9620720   0357      323.48
9621777   0357      346.08
9622347   0357      346.08
9624370   0357      424.00
9624596   0357      323.48
9625361   0357      346.08
9625933   0357      692.16
9626082   0357      346.08
9626215   0357      323.48
9627150   0357      925.89
9627523   0357      692.16
9627724   0357      323.48
9629963   0357      370.36
9631462   0357      370.36
9634554   0357      609.10
9634674   0357      346.08
9636806   0357      323.48
9638320   0357      346.08
9639201   0357      323.48
9845319   0357      323.48
9846320   0357      370.36
9847068   0357      323.48
9847350   0357      669.63
9848693   0357      323.48
9850403   0357      346.08
9851111   0357      346.08
9851993   0357      600.41
10107724  3357      424.00
10120357  3357      346.08
10121866  3357      370.36
10125466  3357      323.48
10126656  3357      346.08
10141786  3357      370.36
10312414  3357      323.48
10373550  3357      346.08
10639752  3357      323.48
10726693  3357      346.08
10760806  3357      323.48
10764554  3357      370.36
10770124  3357      346.08
10772668  3357      323.48
10774121  3357      370.36
10775520  3357      323.48
10776516  3357      424.00
10776915  3357      323.48
10777645  3357      346.08
10778464  3357      323.48
10779723  3357      582.05
10784623  3357      346.08
10820078  3357      370.36
10840266  3357      346.08
10841061  3357      323.48
10841823  3357      424.00
10842205  3357      346.08
10843324  3357      346.08
10844575  3357      424.00
10844947  3357      346.08
10845717  3357      323.48
10845943  3357      424.00
10846474  3357      346.08
10846532  3357      370.36
10846629  3357      346.08
10846940  3357      346.08
10846985  3357      346.08
10847648  3357      323.48
10848158  3357      396.28
10849906  3357      346.08
10849907  3357      370.36
10860593  3357      346.08
10903693  3357      323.48
10959957  3357      346.08
10960021  3357      346.08
10963442  3357      370.36
10963957  3357      370.36
10964062  3357      346.08
1108218   3357      442.02
1112379   3357      442.02
1115136   3357      591.91
11163187  3357      323.48
11177533  3357      323.48
11260715  3357      346.08
11261772  3357      424.00
11262378  3357      346.08
11263756  3357      323.48
11264465  3357      346.08
11264550  3357      323.48
11265496  3357      346.08
11265527  3357      370.36
11266390  3357      346.08
11267811  3357      323.48
11267932  3357      323.48
11268437  3357      424.00
11269196  3357      396.28
1129535   3357      442.02
11414487  3357      370.36
11425214  3357      346.08
11425449  3357      346.08
11426462  3357      323.48
11428034  3357      323.48
11428889  3357      346.08
11429539  3357      346.08
11429792  3357      323.48
11429991  3357      346.08
11430700  3357      346.08
11433167  3357      346.08
11433865  3357      346.08
11433968  3357      346.08
11434350  3357      346.08
11546168  3357      323.48
11580362  3357      370.36
11584952  3357      346.08
11586448  3357      346.08
11589730  3357      346.08
11594236  3357      424.00
11594524  3357      323.48
11596252  3357      346.08
11597667  3357      346.08
11598121  3357      323.48
11598207  3357      323.48
11598956  3357      323.48
11633896  3357      323.48
11645810  3357      346.08
11651035  3357      346.08
11651090  3357      346.08
11652405  3357      346.08
11653864  3357      346.08
11694358  3357      323.48
11694758  3357      346.08
11695394  3357      323.48
11749469  3357      346.08
11783201  3357      370.36
11783366  3357      424.00
11784637  3357      323.48
11786325  3357      424.00
11786432  3357      323.48
11787653  3357      346.08
11787807  3357      346.08
11788587  3357      370.36
11788630  3357      370.36
11790273  3357      346.08
11790818  3357      346.08
11791177  3357      346.08
11792127  3357      346.08
11792506  3357      323.48
11792846  3357      346.08
11878930  3357      346.08
11879419  3357      370.36
11879750  3357      424.00
11881224  3357      424.00
11881668  3357      323.48
11881669  3357      323.48
11882080  3357      323.48
11882720  3357      424.00
11883300  3357      346.08
11949766  3357      424.00
12011761  3357      424.00
12018571  3357      323.48
12018729  3357      323.48
12018852  3357      346.08
12019816  3357      323.48
12020535  3357      396.28
12021559  3357      370.36
12021966  3357      346.08
12022428  3357      370.36
12023306  3357      396.28
12023981  3357      346.08
12024178  3357      346.08
12024179  3357      346.08
12025294  3357      346.08
12025488  3357      323.48
12025491  3357      323.48
12026565  3357      346.08
12027093  3357      346.08
12027260  3357      611.22
12027527  3357      323.48
12027928  3357      323.48
12027973  3357      370.36
12080554  3357      346.08
12241212  3357      323.48
12242270  3357      346.08
12243077  3357      323.48
12244707  3357      323.48
12247738  3357      346.08
12248400  3357      323.48
12248755  3357      370.36
12248784  3357      323.48
12248960  3357      346.08
12249178  3357      424.00
12279667  3357      346.08
12314254  3357      396.28
1232375   3357      442.02
12369466  3357      346.08
12370670  3357      396.28
1239070   3357      442.02
12434895  3357      323.48
12435304  3357      346.08
12435757  3357      323.48
12435759  3357      346.08
12527456  3357      323.48
12534356  3357      346.08
12536172  3357      346.08
12536549  3357      396.28
1254062   3357      442.02
1257983   3357      442.02
1258658   3357      442.02
1261562   3357      442.02
1262953   3357      532.80
1263302   3357      442.02
1263303   3357      442.02
1263991   3357      442.02
1265436   3357      442.02
1266723   3357      313.71
12691465  3357      346.08
1269356   3357      442.02
12698409  3357      323.48
12698965  3357      323.48
12700553  3357      323.48
12701276  3357      346.08
12701301  3357      323.48
12702273  3357      323.48
12704473  3357      323.48
12704482  3357      370.36
12704649  3357      346.08
12704927  3357      346.08
12705860  3357      346.08
12706171  3357      346.08
12706774  3357      370.36
12707136  3357      346.08
1272390   3357      442.02
1273369   3357      442.02
1277938   3357      442.02
1278407   3357      442.02
12848719  3357      346.08
12849330  3357      396.28
12851330  3357      346.08
12852888  3357      346.08
12858616  3357      346.08
12878256  3357      346.08
12884972  3357      346.08
12934142  3357      323.48
12934525  3357      323.48
12935305  3357      346.08
12935606  3357      346.08
13032012  3357      323.48
13032033  3357      346.08
13034237  3357      346.08
13035222  3357      424.00
13084488  3357      323.48
13084886  3357      323.48
13180551  3357      346.08
1318484   3357      442.02
13187744  3357      346.08
13187816  3357      346.08
13188137  3357      323.48
13188604  3357      323.48
13264411  3357      346.08
13265462  3357      323.48
13265946  3357      346.08
13266369  3357      346.08
13268000  3357      323.48
13268185  3357      323.48
13268457  3357      323.48
13268537  3357      346.08
13343258  3357      323.48
13408041  3357      323.48
13510172  3357      323.48
13510180  3357      323.48
13519440  3357      323.48
13527636  3357      370.36
13566631  3357      424.00
13643981  3357      323.48
13643982  3357      323.48
13644051  3357      346.08
13644555  3357      323.48
13644665  3357      346.08
13644680  3357      370.36
13652653  3357      323.48
13674854  3357      370.36
13678214  3357      346.08
13678857  3357      323.48
13679940  3357      346.08
13724134  3357      346.08
13774187  3357      323.48
13774684  3357      346.08
13775452  3357      323.48
13775808  3357      323.48
13777181  3357      323.48
13785046  3357      323.48
13785661  3357      346.08
13785997  3357      323.48
13786181  3357      346.08
13787208  3357      346.08
13787741  3357      323.48
13842354  3357      346.08
13843775  3357      346.08
13856268  3357      346.08
13867427  3357      346.08
13868652  3357      346.08
13880177  3357      323.48
13880981  3357      346.08
13905892  3357      323.48
13986119  3357      346.08
13990906  3357      370.36
14003086  3357      323.48
14030527  3357      323.48
14031045  3357      346.08
14031497  3357      346.08
14093727  3357      346.08
14094806  3357      370.36
14143188  3357      323.48
14159223  3357      323.48
14176129  3357      346.08
14176671  3357      346.08
14270811  3357      323.48
14293118  3357      346.08
1431183   3357      442.02
14335445  3357      323.48
14335539  3357      346.08
14372299  3357      370.36
14372545  3357      323.48
14372818  3357      467.99
14376347  3357      346.08
14398946  3357      346.08
14399267  3357      323.48
14405196  3357      346.08
14405401  3357      346.08
14513487  3357      323.48
14590375  3357      323.48
14607589  3357      323.48
14648947  3357      346.08
14649126  3357      323.48
14825867  3357      346.08
14877620  3357      346.08
14877805  3357      370.36
14877859  3357      396.28
14879597  3357      346.08
14879704  3357      323.48
14880827  3357      370.36
15170350  3357      323.48
15177340  3357      370.36
15177867  3357      323.48
15306151  3357      323.48
15306996  3357      323.48
15352095  3357      346.08
15444811  3357      370.36
15448608  3357      346.08
15597541  3357      323.48
15598043  3357      323.48
15598319  3357      346.08
15598510  3357      346.08
15598933  3357      323.48
15599928  3357      323.48
15668151  3357      346.08
15668851  3357      323.48
15690244  3357      323.48
15729233  3357      346.08
15729536  3357      323.48
15778630  3357      346.08
15885754  3357      323.48
15959808  3357      323.48
15961650  3357      323.48
16001576  3357      323.48
16137706  3357      323.48
16138119  3357      346.08
1631390   3357      531.01
16324090  3357      346.08
16385667  3357      323.48
16387437  3357      346.08
16594051  3357      323.48
16641426  3357      323.48
16736267  3357      346.08
16770549  3357      346.08
16788972  3357      346.08
16796439  3357      323.48
17011869  3357      346.08
17012587  3357      346.08
17019549  3357      346.08
17033230  3357      323.48
17033256  3357      323.48
17104175  3357      346.08
17306742  3357      323.48
1737075   3357      442.02
17379215  3357      323.48
17380736  3357      323.48
17572385  3357      346.08
17574055  3357      323.48
17626132  3357      323.48
1763812   3357      532.80
1764349   3357      442.02
1765295   3357      442.02
1769938   3357      442.02
17727473  3357      323.48
17859806  3357      323.48
17859921  3357      323.48
17872590  3357      346.08
17965237  3357      346.08
18054647  3357      346.08
18058393  3357      323.48
18059918  3357      346.08
18263579  3357      346.08
18263756  3357      346.08
1834693   3357      313.71
18421508  3357      323.48
18471327  3357      346.08
18618969  3357      323.48
18655916  3357      346.08
18656459  3357      346.08
18785684  3357      323.48
18928116  3357      323.48
18950730  3357      323.48
1906129   3357      442.02
19166206  3357      323.48
19262723  3357      346.08
1926999   3357      442.02
19324610  3357      346.08
19424156  3357      346.08
19431369  3357      346.08
19827450  3357      323.48
19850185  3357      323.48
19886649  3357      346.08
19973112  3357      346.08
20046577  3357      323.48
20046584  3357      323.48
20187870  3357      323.48
20189202  3357      396.28
20235584  3357      323.48
2030572   3357      442.02
2033664   3357      477.52
20348834  3357      323.48
20351464  3357      346.08
21140944  3357      323.48
2130876   3357      442.02
2157417   3357      477.52
2186056   3357      442.02
2189077   3357      442.02
2196831   3357      442.02
2198274   3357      444.11
2198799   3357      442.02
22326349  3357      323.48
2272067   3357      442.02
23156662  3357      442.02
2376223   3357      488.72
2380275   3357      442.02
2384661   3357      442.02
2529886   3357      442.02
2532585   3357      442.02
2533320   3357      442.02
2534786   3357      329.88
2535843   3357      442.02
2536373   3357      442.02
2536795   3357      442.02
2539607   3357      442.02
2539943   3357      442.02
2541142   3357      442.02
2541439   3357      621.15
2541709   3357      442.02
2543654   3357      442.02
2543813   3357      442.02
2543932   3357      442.02
2592064   3357      442.02
2592966   3357      480.88
2593377   3357      442.02
2593686   3357      442.02
2596405   3357      542.30
2597854   3357      442.02
2598033   3357      442.02
2598733   3357      442.02
2598872   3357      442.02
2601437   3357      442.02
2603046   3357      442.02
2605117   3357      442.02
2605164   3357      442.02
2605539   3357      334.93
2605823   3357      313.70
2607322   3357      476.04
2608233   3357      464.39
2608304   3357      442.02
2608554   3357      442.02
2684589   3357      442.02
2741170   3357      476.50
2854705   3357      442.02
2870837   3357      442.02
2910376   3357      442.02
2910432   3357      442.02
2911765   3357      442.02
2912407   3357      442.02
2912692   3357      477.52
2913757   3357      442.02
2913809   3357      442.02
2915293   3357      442.02
2915714   3357      442.02
2915780   3357      442.02
2916102   3357      329.88
2916362   3357      442.02
2916467   3357      442.02
2916786   3357      442.02
2918280   3357      442.02
2992913   3357      442.02
3035349   3357      442.02
3080057   3357      477.52
3080311   3357      442.02
3080984   3357      630.60
3081351   3357      442.02
3082505   3357      538.99
3083006   3357      442.02
3083065   3357      442.02
3083457   3357      442.02
3083843   3357      442.02
3084868   3357      442.02
3084978   3357      442.02
3085009   3357      442.02
3085276   3357      442.90
3090485   3357      470.48
3156003   3357      512.54
3234299   3357      442.90
3245420   3357      442.02
3314884   3357      339.24
3315121   3357      442.02
3315781   3357      442.02
3317339   3357      470.94
3317520   3357      442.02
3318589   3357      510.32
3318694   3357      550.62
3318719   3357      442.02
3319659   3357      442.02
3320986   3357      442.02
3322128   3357      475.10
3322284   3357      442.02
3322381   3357      442.02
3324084   3357      614.33
3324110   3357      682.12
3324403   3357      477.52
3329806   3357      442.02
3353242   3357      507.34
3528540   3357      480.27
3533360   3357      582.72
3535445   3357      442.02
3535676   3357      442.02
3535838   3357      442.02
3538837   3357      479.54
3539352   3357      442.02
3541739   3357      442.02
3541975   3357      313.73
3542004   3357      370.36
3542015   3357      362.73
3554092   3357      442.02
3593839   3357      442.02
3598528   3357      442.02
3710064   3357      571.62
3759377   3357      442.02
3784066   3357      442.02
3784441   3357      491.49
3785251   3357      442.02
3792247   3357      442.02
3830110   3357      442.02
3855157   3357      313.70
3855577   3357      442.02
3856978   3357      442.02
3857004   3357      442.02
3857220   3357      442.04
3857667   3357      442.02
3857878   3357      442.02
3858323   3357      442.02
3858856   3357      370.36
3859230   3357      463.34
3864991   3357      533.20
3875055   3357      543.94
3877925   3357      678.13
3878006   3357      533.38
3963688   3357      536.83
3964093   3357      605.39
3964337   3357      442.02
3965704   3357      442.02
3969513   3357      445.20
4001934   3357      597.58
4064149   3357      488.28
4065177   3357      442.02
4065584   3357      346.08
4065648   3357      574.34
4066245   3357      442.02
4067118   3357      531.34
4067735   3357      511.23
4067795   3357      442.02
4068788   3357      442.02
4071074   3357      630.83
4071241   3357      541.50
4107436   3357      323.48
4191539   3357      442.02
4193094   3357      442.02
4194671   3357      475.87
4195654   3357      442.02
4199927   3357      311.69
4200911   3357      442.02
4238916   3357      442.02
430240    3357      442.02
4317775   3357      678.59
4373204   3357      697.96
4373479   3357      442.02
4375498   3357      477.52
4375998   3357      455.48
4376813   3357      485.26
4377201   3357      442.02
4378140   3357      442.02
4378236   3357      442.02
4378283   3357      442.02
4378759   3357      643.49
4379154   3357      442.02
4381341   3357      442.02
4381614   3357      493.33
4382400   3357      442.02
4383023   3357      370.36
4383200   3357      442.02
4385047   3357      442.02
4386936   3357      396.28
4387777   3357      323.48
4409485   3357      609.57
4409788   3357      442.02
4409789   3357      479.96
4414417   3357      502.18
4414541   3357      474.98
4414909   3357      442.02
4415675   3357      442.02
443869    3357      442.02
4609506   3357      474.63
4610129   3357      442.02
4720170   3357      323.48
4720923   3357      346.08
4721016   3357      323.48
4721639   3357      442.02
4722680   3357      442.02
4722814   3357      372.70
4723168   3357      442.02
4723276   3357      495.89
4723403   3357      442.02
4724433   3357      442.02
4725919   3357      370.36
4727740   3357      323.48
4728331   3357      442.02
4729448   3357      323.77
4729575   3357      451.40
4730168   3357      679.03
4730490   3357      442.02
4730823   3357      692.10
4731322   3357      656.97
4731494   3357      489.09
4732090   3357      526.23
4732618   3357      323.48
4734527   3357      323.48
4734940   3357      323.48
4735505   3357      442.02
4738424   3357      442.02
4739546   3357      583.81
4739796   3357      370.36
4754833   3357      596.07
4803744   3357      745.48
4805842   3357      346.08
4827213   3357      510.23
4853128   3357      410.80
4882144   3357      339.09
5017295   3357      323.48
5022967   3357      442.02
5237805   3357      346.08
5238236   3357      442.02
5239261   3357      531.12
5240821   3357      442.02
5242545   3357      511.53
5244302   3357      509.99
5244483   3357      323.48
5244484   3357      489.09
5244765   3357      442.02
5245261   3357      370.36
5248926   3357      507.98
5248954   3357      473.29
5249259   3357      346.08
5249817   3357      370.36
5250965   3357      442.02
5251153   3357      569.13
5251214   3357      524.50
5252606   3357      370.36
5253930   3357      442.02
5254613   3357      575.12
5254952   3357      442.02
5255567   3357      346.08
5255641   3357      370.36
5257069   3357      465.28
5257175   3357      442.02
5257421   3357      396.28
5257727   3357      346.08
5257774   3357      346.08
5259121   3357      442.02
5259785   3357      442.02
5261116   3357      323.48
5261139   3357      549.54
5261250   3357      442.02
5261418   3357      455.90
5261643   3357      551.91
5263470   3357      508.26
5344986   3357      323.48
5435450   3357      496.60
5436619   3357      370.36
5436795   3357      349.12
5438690   3357      485.38
5439480   3357      346.08
5439865   3357      396.28
5458236   3357      323.48
5461455   3357      442.04
5605414   3357      562.52
5658043   3357      550.23
5688352   3357      346.08
5765952   3357      346.08
5779173   3357      346.08
5915261   3357      442.02
5921128   3357      688.28
5921800   3357      323.48
5923624   3357      370.36
5925143   3357      370.36
5925949   3357      313.71
5929492   3357      346.08
5935536   3357      370.36
5938630   3357      575.36
5938995   3357      346.08
6044716   3357      346.08
6125595   3357      323.48
6127630   3357      512.64
6238388   3357      424.00
6394853   3357      403.35
64800     3357      442.90
6537141   3357      442.02
6573443   3357      572.17
6573855   3357      396.28
6573893   3357      323.48
6575243   3357      323.48
6575301   3357      346.08
6584406   3357      442.02
6602322   3357      323.48
6634354   3357      346.08
6689708   3357      346.08
6690236   3357      346.08
6701343   3357      346.08
6701344   3357      346.08
6701453   3357      346.08
673822    3357      442.02
6841910   3357      323.48
7076647   3357      346.08
7211860   3357      370.36
7240399   3357      346.08
7300376   3357      485.38
7301470   3357      442.02
7305494   3357      442.02
7305781   3357      442.02
7308623   3357      517.34
7309317   3357      323.48
7309375   3357      323.48
7310425   3357      396.28
7310959   3357      442.02
7311233   3357      471.80
7311255   3357      573.42
7312149   3357      555.57
7313189   3357      442.02
7314050   3357      323.48
7314987   3357      396.28
7315048   3357      370.36
7315058   3357      523.04
7315331   3357      346.08
7316059   3357      396.28
7316139   3357      370.36
7316607   3357      621.15
7316959   3357      442.02
7317744   3357      442.02
7318041   3357      491.10
7319649   3357      370.36
7321787   3357      323.48
7322304   3357      323.48
7322780   3357      323.48
7322794   3357      624.24
7324725   3357      442.02
7325664   3357      442.20
7325721   3357      442.02
7325722   3357      642.20
7325778   3357      313.23
7328421   3357      323.48
7330948   3357      346.08
7331943   3357      812.35
7332202   3357      532.15
7332734   3357      442.02
7333145   3357      370.36
7333526   3357      532.15
7335642   3357      346.08
7337422   3357      439.20
7337778   3357      323.48
7338055   3357      396.28
7340200   3357      442.02
7340742   3357      475.10
7340989   3357      519.37
7342107   3357      323.48
7342680   3357      442.02
7343605   3357      323.48
7344290   3357      323.48
7344465   3357      323.48
7347856   3357      442.02
7348137   3357      323.48
7348986   3357      547.72
7349428   3357      424.00
7349843   3357      323.48
7350162   3357      454.11
7350273   3357      323.48
7351297   3357      385.86
7352317   3357      323.48
7353364   3357      323.48
7353377   3357      346.08
7354064   3357      323.48
7354848   3357      313.23
7355928   3357      442.02
7359478   3357      370.36
7360346   3357      323.48
7360517   3357      346.08
7363171   3357      430.29
7363652   3357      346.08
7365166   3357      346.08
7365545   3357      323.48
7367276   3357      323.48
7368710   3357      323.48
7369018   3357      346.08
7371154   3357      346.08
7372156   3357      323.48
7372973   3357      511.45
7373089   3357      323.48
7373215   3357      396.28
7374243   3357      323.48
7374616   3357      442.02
7377030   3357      323.48
7377579   3357      346.08
7379256   3357      323.48
7380616   3357      323.48
7381553   3357      346.08
7382148   3357      488.18
7382532   3357      323.48
7384964   3357      346.08
7387544   3357      346.08
7388038   3357      323.48
7388080   3357      346.08
7388125   3357      370.36
7388199   3357      323.48
7389581   3357      346.08
7391472   3357      323.48
7392153   3357      370.36
7393061   3357      323.48
7393144   3357      323.48
7395742   3357      313.69
7396051   3357      346.08
7398038   3357      403.96
7400031   3357      346.08
7401094   3357      346.08
7401380   3357      346.08
7401853   3357      323.48
7403123   3357      323.48
7403188   3357      323.48
7403563   3357      323.48
7406353   3357      346.08
7408531   3357      346.08
7409730   3357      323.48
7410177   3357      424.00
7412535   3357      370.36
7412738   3357      323.48
7415285   3357      424.00
7415448   3357      346.08
7416870   3357      323.48
7417289   3357      323.48
7417791   3357      346.08
7418898   3357      323.48
7418939   3357      323.48
7419340   3357      323.48
7419740   3357      544.25
7419800   3357      346.08
7419866   3357      323.48
7420316   3357      346.08
7420429   3357      370.36
7423108   3357      370.36
7423415   3357      346.08
7423444   3357      593.98
7425063   3357      323.48
7425430   3357      346.08
7425900   3357      323.48
7426046   3357      346.08
7427359   3357      323.48
7427520   3357      346.08
7429274   3357      346.08
7432253   3357      370.36
7434591   3357      346.08
7435158   3357      323.48
7436077   3357      323.48
7436996   3357      346.08
7437806   3357      323.48
7437808   3357      323.48
7438450   3357      346.08
7439597   3357      396.28
7439617   3357      346.08
7439629   3357      346.08
7440809   3357      343.25
7442445   3357      346.08
7444497   3357      323.48
7444651   3357      370.36
7444842   3357      346.08
7444889   3357      396.28
7445661   3357      323.48
7446382   3357      370.36
7446644   3357      346.08
7447067   3357      346.08
7447992   3357      323.48
7449457   3357      323.48
7455429   3357      580.55
7455588   3357      346.08
7461704   3357      346.08
7465820   3357      346.08
7465910   3357      346.08
7466779   3357      683.61
7466870   3357      618.42
7502836   3357      524.51
7548386   3357      417.77
7548420   3357      522.29
770342    3357      442.02
7917981   3357      346.08
7981510   3357      370.36
7982728   3357      323.48
7982865   3357      370.36
7983170   3357      323.48
7984159   3357      346.08
7985605   3357      368.44
7988969   3357      691.28
8054279   3357      479.99
8064487   3357      419.82
8069571   3357      346.08
8140450   3357      342.22
8594315   3357      346.08
8718789   3357      346.08
8734286   3357      370.36
9066082   3357      442.02
9100619   3357      691.28
9211039   3357      323.48
9261804   3357      370.36
9317884   3357      370.36
9433060   3357      346.08
9540404   3357      370.36
9540845   3357      396.28
9542018   3357      370.36
9542237   3357      323.48
9543174   3357      346.08
9543530   3357      582.67
9544179   3357      346.08
9544345   3357      323.48
9544429   3357      370.36
9544827   3357      370.36
9545198   3357      442.02
9545952   3357      564.16
9546474   3357      346.08
9547148   3357      323.48
9551389   3357      346.08
9552709   3357      480.70
9553039   3357      861.29
9553047   3357      323.48
9553149   3357      323.48
9553310   3357      323.48
9555077   3357      491.05
9555609   3357      323.48
9555641   3357      346.08
9557148   3357      396.28
9557803   3357      323.48
9557875   3357      323.48
9557894   3357      569.51
9558628   3357      323.48
9560453   3357      323.48
9570736   3357      581.24
9572755   3357      346.08
9577605   3357      617.92
9601343   3357      346.08
9603154   3357      323.48
9603683   3357      346.08
9603870   3357      313.73
9604166   3357      323.48
9604592   3357      424.00
9607091   3357      442.02
9608547   3357      346.08
9609337   3357      323.48
9609338   3357      346.08
9612117   3357      692.65
9612530   3357      648.62
9612692   3357      346.08
9614364   3357      323.48
9615563   3357      346.08
9615964   3357      346.08
9617493   3357      323.48
9620242   3357      370.36
9620248   3357      396.28
9620376   3357      346.08
9620599   3357      370.36
9620701   3357      323.48
9620720   3357      323.48
9621777   3357      346.08
9622347   3357      346.08
9624370   3357      424.00
9624596   3357      323.48
9625361   3357      346.08
9625933   3357      346.08
9626082   3357      346.08
9626215   3357      323.48
9627150   3357      370.36
9627523   3357      346.08
9627724   3357      323.48
9629963   3357      370.36
9631462   3357      370.36
9634554   3357      609.10
9634674   3357      346.08
9636806   3357      323.48
9638320   3357      346.08
9639201   3357      323.48
9845319   3357      323.48
9846320   3357      370.36
9847068   3357      323.48
9847350   3357      669.63
9848693   3357      323.48
9850403   3357      346.08
9851111   3357      346.08
9851993   3357      600.41
