10107724  0357     1017.10
10120357  0357      965.46
10121866  0357     1971.36
10125466  0357      507.84
10126656  0357      643.64
10141786  0357      788.54
10312414  0357      507.84
10373550  0357     1287.29
10639752  0357      507.84
10726693  0357      643.64
10760806  0357      507.84
10764554  0357      788.54
10770124  0357      643.64
10772668  0357      507.84
10774121  0357      788.54
10775520  0357     1015.69
10776516  0357     1017.10
10776915  0357      507.84
10777482  0357      507.84
10777645  0357      965.46
10778464  0357      507.84
10779723  0357      643.64
10784623  0357      643.64
10794552  0357      643.64
10820078  0357      788.54
10840266  0357      643.64
10841061  0357      507.84
10841823  0357     1017.10
10842205  0357      643.64
10843324  0357     1609.11
10844575  0357     2034.20
10844947  0357      507.84
10845717  0357      507.84
10845943  0357      643.64
10846474  0357      643.64
10846532  0357      788.54
10846629  0357      643.64
10846940  0357     1287.29
10846985  0357      643.64
10847648  0357      507.84
10848158  0357      910.56
10849906  0357      643.64
10849907  0357      788.54
10860593  0357      643.64
10903693  0357      507.84
10959957  0357      643.64
10960021  0357      643.64
10963442  0357      788.54
10963957  0357      788.54
10964062  0357     1287.29
1108218   0357      875.74
1112379   0357      875.74
1115136   0357      563.69
11163187  0357      507.84
11177533  0357      507.84
11260715  0357      643.64
11261772  0357     1017.10
11262378  0357      643.64
11263756  0357      507.84
11264041  0357      761.76
11264550  0357      507.84
11265496  0357      643.64
11265527  0357      788.54
11266390  0357     1287.29
11267811  0357     1015.69
11267932  0357     1015.69
11268437  0357     1017.10
11269196  0357      910.56
1129535   0357      866.37
11414487  0357      788.54
11425214  0357      643.64
11425449  0357      643.64
11426462  0357      507.84
11428034  0357      507.84
11428889  0357     1609.11
11429539  0357     1287.29
11429792  0357      507.84
11429991  0357      965.46
11430700  0357      643.64
11433167  0357      643.64
11433865  0357     1287.29
11434350  0357      643.64
11546168  0357      507.84
11580362  0357      788.54
11584952  0357      643.64
11586448  0357      643.64
11589730  0357     1287.29
11594236  0357     1017.10
11594524  0357      507.84
11596252  0357      643.64
11597667  0357      643.64
11598121  0357      507.84
11598207  0357      507.84
11598956  0357      507.84
11633896  0357      507.84
11645810  0357      643.64
11651035  0357      643.64
11651090  0357      643.64
11652405  0357      643.64
11653864  0357      643.64
11694358  0357      507.84
11694758  0357      643.64
11695394  0357     1015.69
11749469  0357      643.64
11783201  0357      788.54
11783366  0357     1017.10
11784637  0357      507.84
11786325  0357     1017.10
11786432  0357      507.84
11787653  0357     1287.29
11787807  0357      643.64
11788587  0357     1577.09
11788630  0357      788.54
11790273  0357      643.64
11790818  0357      965.46
11791177  0357      643.64
11792127  0357      643.64
11792506  0357      507.84
11792846  0357      643.64
118087    0357     1649.68
11878930  0357      202.29
11879419  0357      788.54
11879750  0357      788.54
11881224  0357     1017.10
11881668  0357     1269.61
11881669  0357      507.84
11882080  0357      507.84
11882720  0357     1017.10
11883300  0357     1287.29
11949766  0357     1017.10
12011761  0357     2034.20
12018571  0357      761.76
12018729  0357      507.84
12018852  0357      643.64
12019816  0357      507.84
12020535  0357      910.56
12021559  0357      788.54
12021966  0357      643.64
12022428  0357      788.54
12023306  0357      910.56
12023981  0357      965.46
12024178  0357      643.64
12024179  0357      643.64
12025294  0357      965.46
12025488  0357      507.84
12025491  0357      507.84
12026565  0357      643.64
12027093  0357      643.64
12027260  0357      643.64
12027527  0357      507.84
12027928  0357      507.84
12027973  0357     1577.09
12080554  0357      643.64
1218058   0357      769.30
12241212  0357      761.76
12242270  0357      643.64
12243077  0357      507.84
12244707  0357      507.84
12247738  0357      965.46
12248400  0357     1269.61
12248755  0357      788.54
12248784  0357     1015.69
12248960  0357      643.64
12249178  0357     1017.10
12279667  0357      643.64
12314254  0357     2276.40
1232375   0357     1348.72
12370670  0357      910.56
1239070   0357      875.74
12434895  0357      507.84
12435304  0357      643.64
12435757  0357      761.76
12435759  0357      965.46
12527456  0357      507.84
12534356  0357      643.64
12536172  0357      643.64
12536549  0357      910.56
1254062   0357      875.74
1257983   0357      875.74
1258658   0357      875.74
1259324   0357      875.74
1260432   0357      875.74
1261562   0357      875.74
1262953   0357      524.84
1263302   0357      875.74
1263303   0357      875.74
1263991   0357     1305.70
1265436   0357      875.74
1266723   0357      585.31
12691465  0357      643.64
1269356   0357     1751.47
12698409  0357      507.84
12698965  0357      507.84
12700553  0357      507.84
12701276  0357      643.64
12701301  0357      507.84
12702273  0357      507.84
12704473  0357      507.84
12704482  0357     1577.09
12704649  0357      643.64
12704927  0357      643.64
12705860  0357      643.64
12706171  0357      643.64
12706774  0357     1577.09
12707136  0357      643.64
1272390   0357      875.74
1273369   0357      798.04
1277938   0357      875.74
1278407   0357      875.74
12848719  0357      643.64
12849330  0357      910.56
12851330  0357      643.64
12852888  0357      643.64
12858616  0357      965.46
12878256  0357      643.64
12884972  0357      643.64
12934142  0357      507.84
12934525  0357      507.84
12935305  0357      643.64
12935606  0357      643.64
13032012  0357     1015.69
13032033  0357      723.10
13034237  0357      643.64
13035222  0357     1017.10
13084488  0357      507.84
13084886  0357      507.84
13180551  0357      643.64
1318484   0357      875.74
13187744  0357     1287.29
13187816  0357      761.76
13188137  0357      507.84
13188604  0357      761.76
13264411  0357      643.64
13265462  0357      507.84
13265946  0357      965.46
13266369  0357      643.64
13268000  0357     1015.69
13268185  0357     1015.69
13268457  0357      507.84
13268537  0357      965.46
13346269  0357     1269.61
13408041  0357      507.84
13510172  0357      507.84
13510180  0357      507.84
13527636  0357      788.54
13566631  0357      414.40
13643981  0357     1015.69
13643982  0357      761.76
13644051  0357      643.64
13644555  0357     1269.61
13644665  0357      643.64
13644680  0357     1971.36
13652653  0357      507.84
13674854  0357      788.54
13678214  0357      643.64
13678857  0357      507.84
13679940  0357      643.64
13724134  0357      965.46
13774187  0357      507.84
13774684  0357      643.64
13775452  0357      507.84
13775808  0357      507.84
13777181  0357      761.76
13785046  0357      507.84
13785661  0357      643.64
13785997  0357      507.84
13786181  0357      643.64
13787208  0357      643.64
13787741  0357      507.84
13842354  0357      643.64
13843775  0357      643.64
13856268  0357      643.64
13867427  0357      965.46
13868652  0357      643.64
13880177  0357      507.84
13880981  0357      643.64
13905892  0357      507.84
13986119  0357      643.64
13990906  0357     1182.81
14003086  0357      507.84
14030527  0357      507.84
14031045  0357      643.64
14031497  0357     1609.11
1404429   0357      654.93
14093727  0357      965.46
14094806  0357      788.54
14143188  0357      507.84
14159223  0357     1015.69
14176129  0357      643.64
14270811  0357     1269.61
14293118  0357      965.46
1431183   0357      875.74
14335445  0357      507.84
14335539  0357      643.64
1433726   0357      875.74
14372299  0357      788.54
14372818  0357     1225.54
14376347  0357      643.64
14398946  0357      643.64
14399267  0357      761.76
14405196  0357      643.64
14405401  0357      643.64
14513487  0357      507.84
14590375  0357      507.84
14607589  0357      761.76
14648947  0357      643.64
14649126  0357      507.84
14810540  0357      965.46
14825867  0357      643.64
14877620  0357      643.64
14877805  0357      788.54
14877859  0357      910.56
14879704  0357      761.76
14880827  0357      788.54
15170350  0357      507.84
15177340  0357      788.54
15177867  0357     1015.69
15306151  0357     1269.61
15306996  0357      507.84
15352095  0357      643.64
15444811  0357      788.54
15448608  0357      643.64
15597541  0357      507.84
15598043  0357      507.84
15598319  0357      643.64
15598510  0357     1287.29
15598933  0357      507.84
15599928  0357      761.76
15668151  0357     1287.29
15668851  0357      507.84
15729233  0357      965.46
15729536  0357     1269.61
15778630  0357      965.46
15827139  0357      788.54
15959808  0357      507.84
16001576  0357      507.84
16137706  0357      507.84
16138119  0357      965.46
1631390   0357      571.16
16324090  0357      643.64
16594051  0357      507.84
16641426  0357      507.84
16736267  0357      643.64
16770549  0357      643.64
16788972  0357     1287.29
17011869  0357     1287.29
17012587  0357     1609.11
17019549  0357      643.64
17033256  0357      507.84
17104175  0357      643.64
17306742  0357      507.84
1737075   0357      875.74
17379215  0357      761.76
17504786  0357      507.84
17572385  0357     1287.29
17626132  0357     1015.69
1763812   0357      524.84
1764349   0357      875.74
1765295   0357     3127.39
1769938   0357      855.55
1778800   0357     1163.08
17965237  0357      965.46
18058393  0357      507.84
18059654  0357      386.93
18059918  0357      643.64
18263579  0357      965.46
18263756  0357      643.64
1834693   0357      585.31
18471327  0357      643.64
1854577   0357      875.74
18656459  0357      965.46
18785684  0357      507.84
18950730  0357      507.84
1906129   0357      875.74
19166206  0357     1269.61
19262723  0357      643.64
1926999   0357      875.74
19324610  0357     1287.29
19827450  0357      507.84
19850185  0357     1269.61
19973112  0357      643.64
20187870  0357     1015.69
20189202  0357      910.56
20235584  0357     1015.69
2030572   0357      875.74
2033664   0357      782.29
20348834  0357      761.76
20351464  0357     1287.29
21140944  0357      761.76
2130876   0357      875.74
2157417   0357     1955.71
2186056   0357      875.74
2189077   0357     1305.70
2196831   0357      875.74
2198274   0357      798.04
2198799   0357      875.74
2199826   0357      875.74
2272067   0357      875.74
23156662  0357      670.15
2376223   0357      772.92
2380275   0357      875.74
2384661   0357      875.74
2529886   0357      875.74
2532585   0357      875.74
2533320   0357      702.61
2533977   0357      963.94
2534786   0357      616.09
2535843   0357      875.74
2536373   0357      875.74
2536795   0357      790.75
2538821   0357      798.04
2539425   0357      798.04
2539607   0357      875.74
2539943   0357      875.74
2541142   0357      875.74
2541439   0357      647.43
2541709   0357      868.51
2543654   0357      875.74
2543932   0357      875.74
2592064   0357      875.86
2592966   0357      875.74
2593377   0357      777.88
2593686   0357      875.74
2596405   0357      673.72
2597854   0357      984.52
2598033   0357     1090.96
2598872   0357      806.50
2601437   0357      866.37
2603046   0357     1048.03
2605117   0357      766.39
2605164   0357      969.97
2605539   0357      852.91
2605823   0357      632.29
2607322   0357      491.87
2608233   0357      477.89
2608304   0357      738.88
2608554   0357      984.52
2684589   0357      875.74
2741170   0357      853.39
2854705   0357      875.74
2870837   0357      920.35
2910376   0357      875.74
2910432   0357      855.55
2911765   0357      875.74
2912407   0357      875.74
2912692   0357      782.29
2913757   0357      856.27
2913809   0357      875.74
2914272   0357      807.37
2915293   0357      875.74
2915714   0357      875.74
2915780   0357      984.70
2916102   0357      616.09
2916362   0357     1004.68
2916467   0357      875.74
2916786   0357      875.74
2918280   0357     2189.34
2919212   0357      875.74
2992913   0357      875.74
3035349   0357      875.74
3039370   0357      895.49
3080057   0357     1173.43
3080311   0357      875.74
3080984   0357      643.64
3081351   0357      798.04
3082505   0357      477.45
3083006   0357      875.74
3083065   0357      875.74
3083457   0357     1090.93
3083843   0357      875.74
3084868   0357      894.28
3084978   0357      666.46
3085009   0357      712.84
3085276   0357      842.35
3090485   0357      485.20
3156003   0357      332.43
3234299   0357      842.35
3245420   0357      875.74
3314884   0357      462.70
3315121   0357      875.74
3315781   0357      875.74
3317339   0357      431.78
3317520   0357      747.85
3318589   0357      513.58
3318694   0357      562.22
3318719   0357      894.28
3319659   0357      875.74
3320986   0357      875.74
3322128   0357      829.12
3322273   0357     1218.88
3322284   0357      875.74
3322381   0357      962.59
3324084   0357      643.64
3324110   0357      715.48
3324403   0357      782.29
3329806   0357     1048.03
3353242   0357      457.38
3457632   0357      367.85
3528540   0357      496.94
3533360   0357      600.73
3534582   0357      696.07
3535445   0357      797.86
3535676   0357      915.40
3535838   0357      979.43
3538837   0357      496.07
3539352   0357      980.23
3541739   0357      707.86
3541975   0357      632.17
3542004   0357      788.54
3542015   0357      609.68
3554092   0357      875.74
3593839   0357      724.99
3598528   0357      919.03
3710064   0357      507.84
3759377   0357     1027.66
3784066   0357      408.43
3784441   0357      565.64
3785251   0357      701.38
3792247   0357      769.30
3830110   0357     1047.97
3855157   0357      632.29
3855577   0357      875.74
3856978   0357      992.98
3857004   0357      712.84
3857220   0357      694.83
3857667   0357     1013.17
3857878   0357     1000.60
3858323   0357     1389.79
3858856   0357      788.54
3859230   0357      714.95
3864991   0357      568.51
3875055   0357      643.64
3877925   0357     1577.09
3878006   0357      507.84
3963688   0357      564.31
3964093   0357      643.64
3964337   0357     1090.99
3965704   0357      661.18
3969513   0357      400.89
4001934   0357      593.50
4064149   0357      514.57
4065177   0357      875.74
4065584   0357      643.64
4065648   0357      555.86
4066245   0357      932.39
4067118   0357      451.61
4067735   0357      507.84
4067795   0357      967.03
4068788   0357      347.13
4071074   0357     1017.10
4071241   0357      336.74
4107436   0357      507.84
4191539   0357      577.72
4193094   0357     1705.44
4194671   0357      491.66
4195654   0357      971.26
4199927   0357      632.23
4200911   0357      866.37
4238916   0357     1089.88
430240    0357      875.74
4317775   0357      788.54
4373204   0357      788.54
4373479   0357      347.13
4375498   0357     1011.82
4375998   0357     1087.99
4376813   0357      507.84
4377201   0357     1091.53
437803    0357      875.74
4378140   0357      321.23
4378236   0357      991.45
4378283   0357      701.38
4378759   0357      788.54
4379154   0357     1012.90
4381341   0357      723.55
4381614   0357      507.84
4382400   0357      945.23
4383023   0357      788.54
4383200   0357     1036.42
4385047   0357     1093.84
4386936   0357      507.84
4387777   0357     1269.61
439023    0357      556.96
4409485   0357      788.54
4409788   0357      796.00
4409789   0357     1015.69
4414417   0357      469.26
4414541   0357      852.28
4414909   0357     1047.67
4415675   0357      744.16
443869    0357      875.74
4609506   0357      545.41
4610129   0357      806.50
4720170   0357      761.76
4720923   0357      643.64
4721016   0357      507.84
4721639   0357      875.74
4722680   0357      935.53
4722814   0357      702.73
4723168   0357      872.26
4723276   0357      507.84
4723403   0357     1016.14
4724433   0357     1090.96
4725919   0357     1577.09
4727740   0357      507.84
4728331   0357      893.56
4729448   0357      611.95
4729575   0357      454.28
4730168   0357      788.54
4730490   0357      729.22
4730823   0357      677.00
4731322   0357      788.54
4731494   0357      625.33
4732090   0357      309.46
4732618   0357      507.84
4734527   0357      507.84
4735505   0357      875.74
4738424   0357      875.74
4739546   0357     1461.00
4739796   0357      788.54
4754833   0357     1686.92
4803744   0357      788.54
4805842   0357      643.64
4827213   0357      458.35
4853128   0357      852.76
4882144   0357      554.05
5017295   0357      507.84
5022967   0357     1095.10
5237805   0357      643.64
5238236   0357     1027.66
5239261   0357      576.46
5240821   0357      635.14
5242545   0357      881.23
5244302   0357      393.59
5244483   0357      507.84
5244484   0357      625.33
5244765   0357      408.33
5245261   0357      788.54
5248926   0357      425.20
5248954   0357      534.59
5249259   0357      643.64
5249817   0357      788.54
5250965   0357      898.57
5251153   0357      568.43
5251214   0357      540.67
5252606   0357     1577.09
5253930   0357     1082.86
5254613   0357      505.77
5254952   0357      728.26
5255567   0357      643.64
5255641   0357      788.54
5257069   0357      424.99
5257175   0357      984.52
5257421   0357      910.56
5257727   0357     1609.11
5257774   0357      643.64
5259121   0357     1090.87
5259785   0357      657.19
5261116   0357      507.84
5261139   0357      643.64
5261250   0357      655.69
5261418   0357      413.73
5261643   0357      507.84
5263470   0357      863.35
5344986   0357      507.84
5435450   0357      507.84
5436619   0357      788.54
5436795   0357      415.01
5438690   0357      507.84
5439480   0357      643.64
5439865   0357     2276.40
5458236   0357      507.84
5461455   0357      984.46
5605414   0357     1287.29
5658043   0357      643.64
5688352   0357      643.64
5765952   0357      643.64
5779173   0357      643.64
5915261   0357      875.74
5921128   0357      643.64
5921800   0357      507.84
5923624   0357      788.54
5925143   0357      788.54
5925949   0357      585.31
5929492   0357      643.64
5935536   0357     1971.36
5938630   0357      643.64
5938995   0357      643.64
6044716   0357      965.46
6125595   0357     1269.61
6127630   0357      535.79
6238388   0357     1017.10
6394853   0357      433.34
64800     0357      842.35
6537141   0357      892.45
6573443   0357      587.80
6573855   0357      910.56
6573893   0357      507.84
6575243   0357      507.84
6575301   0357      643.64
6584406   0357     1667.56
6634354   0357      507.84
6689708   0357      723.10
6690236   0357      643.64
6701343   0357      643.64
6701344   0357      643.64
6701453   0357      643.64
673822    0357      875.74
6841910   0357      507.84
7076647   0357      643.64
7211860   0357      788.54
7240399   0357      643.64
7300376   0357      507.84
7301470   0357     1001.15
7305494   0357      987.40
7305781   0357      661.18
7308623   0357      511.94
7309317   0357      507.84
7309375   0357      507.84
7310425   0357      910.56
7310959   0357      701.38
7311233   0357      486.79
7311255   0357      507.84
7312149   0357      643.64
7313189   0357      738.88
7314050   0357      507.84
7314987   0357      910.56
7315048   0357      788.54
7315058   0357     1609.11
7315331   0357      643.64
7316059   0357      910.56
7316139   0357      788.54
7316607   0357      647.43
7316959   0357     1406.05
7317744   0357     1751.47
7318041   0357      552.46
7319649   0357     1577.09
7321787   0357      507.84
7322304   0357      507.84
7322780   0357      507.84
7322794   0357      515.78
7324725   0357      962.59
7325664   0357      367.88
7325721   0357     1002.04
7325722   0357      691.26
7325778   0357      576.07
7328421   0357      507.84
7330948   0357      643.64
7331943   0357      507.84
7332202   0357      507.84
7332734   0357     1476.77
7333145   0357      788.54
7335642   0357      643.64
7337422   0357      487.73
7338055   0357      910.56
7340200   0357      875.74
7340742   0357      829.12
7340989   0357      507.84
7342107   0357      507.84
7342680   0357      875.74
7343605   0357      507.84
7344290   0357      507.84
7344465   0357     1015.69
7347856   0357      694.90
7348137   0357      507.84
7348986   0357      643.64
7349428   0357     2542.75
7349843   0357      507.84
7350162   0357      504.07
7350273   0357      507.84
7352317   0357      507.84
7353364   0357     1015.69
7353377   0357      643.64
7354064   0357      507.84
7354848   0357      576.07
7355837   0357     1442.92
7355928   0357      651.52
7359478   0357      788.54
7360346   0357      507.84
7360517   0357      643.64
7363171   0357      474.62
7363652   0357      643.64
7365166   0357      507.84
7365545   0357      507.84
7367276   0357      507.84
7368710   0357     1015.69
7369018   0357      643.64
7371154   0357      643.64
7372156   0357      507.84
7372973   0357      347.84
7373089   0357      507.84
7373215   0357      910.56
7374243   0357      507.84
7374616   0357      623.68
7377030   0357      507.84
7377579   0357      643.64
7379256   0357     1015.69
7380616   0357      507.84
7381553   0357      643.64
7382148   0357      561.66
7382532   0357      507.84
7384964   0357      643.64
7387544   0357     1287.29
7388038   0357      507.84
7388080   0357      643.64
7388125   0357      788.54
7388199   0357      761.76
7389581   0357      643.64
7391472   0357      507.84
7392153   0357     1609.11
7393061   0357      507.84
7393144   0357     1015.69
7395742   0357      671.29
7396051   0357      965.46
7398038   0357      468.52
7400031   0357      643.64
7401094   0357      643.64
7401380   0357      643.64
7401853   0357      507.84
7403123   0357      507.84
7403188   0357      507.84
7403563   0357      507.84
7406353   0357      643.64
7408531   0357      643.64
7409730   0357      507.84
7410177   0357     1017.10
7412535   0357      788.54
7412738   0357      507.84
7415285   0357     1017.10
7415448   0357      643.64
7416870   0357      507.84
7417289   0357     1015.69
7417791   0357     1287.29
7418898   0357      507.84
7418939   0357      507.84
7419340   0357      507.84
7419740   0357      507.84
7419800   0357      643.64
7419866   0357     1269.61
7420316   0357      643.64
7420429   0357      788.54
7423108   0357      788.54
7423415   0357      643.64
7423444   0357      643.64
7425063   0357      507.84
7425430   0357      643.64
7425900   0357      507.84
7426046   0357      643.64
7427359   0357      507.84
7427520   0357      643.64
7429274   0357      643.64
7432253   0357      788.54
7434591   0357     1609.11
7435158   0357     1269.61
7436077   0357     1015.69
7436996   0357      643.64
7437806   0357      507.84
7437808   0357      507.84
7438450   0357      643.64
7439597   0357     1821.12
7439617   0357      643.64
7439629   0357      643.64
7440809   0357      582.58
7442445   0357      643.64
7444497   0357      761.76
7444651   0357      788.54
7444842   0357      643.64
7444889   0357     1821.12
7445661   0357      507.84
7446382   0357      788.54
7446644   0357      643.64
7447067   0357     1609.11
7447334   0357      910.56
7447992   0357      507.84
7449457   0357      507.84
7455429   0357      643.64
7455588   0357      643.64
7461704   0357      643.64
7465820   0357     1609.11
7465910   0357      643.64
7466779   0357      666.94
7466870   0357      643.64
7502836   0357      540.60
7548386   0357      507.84
7548420   0357      507.84
770342    0357      875.74
7917981   0357      643.64
7981510   0357      788.54
7982728   0357      507.84
7982865   0357      812.70
7983170   0357      507.84
7984159   0357      643.64
7985605   0357      775.57
7988969   0357      643.64
8054279   0357      507.84
8064487   0357      928.96
8068577   0357      529.42
8069571   0357      643.64
8140450   0357      448.45
8594315   0357      643.64
8718789   0357     1287.29
8734286   0357      788.54
9066082   0357      657.19
9100619   0357      643.64
9211039   0357      507.84
9261804   0357      788.54
9317884   0357     1577.09
940859    0357      875.74
9433060   0357      643.64
9540404   0357      788.54
9540845   0357     1365.84
9542018   0357      507.84
9542237   0357      507.84
9543174   0357      643.64
9543530   0357      549.29
9544179   0357      643.64
9544345   0357      507.84
9544429   0357      788.54
9544827   0357      788.54
9545198   0357      729.22
9545952   0357     1043.32
9546474   0357      643.64
9547148   0357      507.84
9551389   0357      643.64
9552709   0357      507.84
9553039   0357      643.64
9553047   0357      507.84
9553149   0357      507.84
9555077   0357      657.46
9555609   0357      507.84
9555641   0357      643.64
9557148   0357     1821.12
9557803   0357      507.84
9557875   0357      507.84
9557894   0357      384.75
9558628   0357      507.84
9560453   0357      507.84
9570736   0357      643.64
9572755   0357      643.64
9577605   0357      643.64
9601343   0357     1609.11
9603154   0357      507.84
9603683   0357      643.64
9603870   0357      660.16
9604166   0357      507.84
9604592   0357     1525.65
9607091   0357      712.84
9608547   0357      643.64
9609337   0357      507.84
9609338   0357     1287.29
9612117   0357      788.54
9612530   0357     1609.11
9612692   0357      643.64
9614364   0357     1015.69
9615563   0357      643.64
9615964   0357      643.64
9617493   0357     1015.69
9620242   0357     1577.09
9620248   0357     1821.12
9620376   0357      643.64
9620599   0357      788.54
9620701   0357      507.84
9620720   0357      507.84
9621777   0357      507.84
9622347   0357      643.64
9624370   0357     1017.10
9624596   0357      507.84
9625361   0357      643.64
9625933   0357     1287.29
9626082   0357      643.64
9626215   0357      507.84
9627150   0357     1971.36
9627523   0357     1287.29
9627724   0357      507.84
9629963   0357      788.54
9631462   0357      788.54
9634554   0357      643.64
9634674   0357      643.64
9636806   0357      507.84
9638320   0357      643.64
9639201   0357      507.84
9845319   0357      507.84
9846320   0357      788.54
9847068   0357      507.84
9847350   0357      643.64
9848693   0357      507.84
9850403   0357      643.64
9851111   0357      643.64
9851993   0357      643.64
10107724  3357     1017.10
10120357  3357      643.64
10121866  3357      788.54
10125466  3357      507.84
10126656  3357      643.64
10141786  3357      788.54
10312414  3357      507.84
10373550  3357      643.64
10639752  3357      507.84
10726693  3357      643.64
10760806  3357      507.84
10764554  3357      788.54
10770124  3357      643.64
10772668  3357      507.84
10774121  3357      788.54
10775520  3357      507.84
10776516  3357     1017.10
10776915  3357      507.84
10777482  3357      507.84
10777645  3357      643.64
10778464  3357      507.84
10779723  3357      643.64
10784623  3357      643.64
10794552  3357      643.64
10820078  3357      788.54
10840266  3357      643.64
10841061  3357      507.84
10841823  3357     1017.10
10842205  3357      643.64
10843324  3357      643.64
10844575  3357     1017.10
10844947  3357      507.84
10845717  3357      507.84
10845943  3357      643.64
10846474  3357      643.64
10846532  3357      788.54
10846629  3357      643.64
10846940  3357      643.64
10846985  3357      643.64
10847648  3357      507.84
10848158  3357      910.56
10849906  3357      643.64
10849907  3357      788.54
10860593  3357      643.64
10903693  3357      507.84
10959957  3357      643.64
10960021  3357      643.64
10963442  3357      788.54
10963957  3357      788.54
10964062  3357      643.64
1108218   3357      875.74
1112379   3357      875.74
1115136   3357      563.69
11163187  3357      507.84
11177533  3357      507.84
11260715  3357      643.64
11261772  3357     1017.10
11262378  3357      643.64
11263756  3357      507.84
11264041  3357      507.84
11264550  3357      507.84
11265496  3357      643.64
11265527  3357      788.54
11266390  3357      643.64
11267811  3357      507.84
11267932  3357      507.84
11268437  3357     1017.10
11269196  3357      910.56
1129535   3357      866.37
11414487  3357      788.54
11425214  3357      643.64
11425449  3357      643.64
11426462  3357      507.84
11428034  3357      507.84
11428889  3357      643.64
11429539  3357      643.64
11429792  3357      507.84
11429991  3357      643.64
11430700  3357      643.64
11433167  3357      643.64
11433865  3357      643.64
11434350  3357      643.64
11546168  3357      507.84
11580362  3357      788.54
11584952  3357      643.64
11586448  3357      643.64
11589730  3357      643.64
11594236  3357     1017.10
11594524  3357      507.84
11596252  3357      643.64
11597667  3357      643.64
11598121  3357      507.84
11598207  3357      507.84
11598956  3357      507.84
11633896  3357      507.84
11645810  3357      643.64
11651035  3357      643.64
11651090  3357      643.64
11652405  3357      643.64
11653864  3357      643.64
11694358  3357      507.84
11694758  3357      643.64
11695394  3357      507.84
11749469  3357      643.64
11783201  3357      788.54
11783366  3357     1017.10
11784637  3357      507.84
11786325  3357     1017.10
11786432  3357      507.84
11787653  3357      643.64
11787807  3357      643.64
11788587  3357      788.54
11788630  3357      788.54
11790273  3357      643.64
11790818  3357      643.64
11791177  3357      643.64
11792127  3357      643.64
11792506  3357      507.84
11792846  3357      643.64
118087    3357     1649.68
11878930  3357      202.29
11879419  3357      788.54
11879750  3357      788.54
11881224  3357     1017.10
11881668  3357      507.84
11881669  3357      507.84
11882080  3357      507.84
11882720  3357     1017.10
11883300  3357      643.64
11949766  3357     1017.10
12011761  3357     1017.10
12018571  3357      507.84
12018729  3357      507.84
12018852  3357      643.64
12019816  3357      507.84
12020535  3357      910.56
12021559  3357      788.54
12021966  3357      643.64
12022428  3357      788.54
12023306  3357      910.56
12023981  3357      643.64
12024178  3357      643.64
12024179  3357      643.64
12025294  3357      643.64
12025488  3357      507.84
12025491  3357      507.84
12026565  3357      643.64
12027093  3357      643.64
12027260  3357      643.64
12027527  3357      507.84
12027928  3357      507.84
12027973  3357      788.54
12080554  3357      643.64
1218058   3357      769.30
12241212  3357      507.84
12242270  3357      643.64
12243077  3357      507.84
12244707  3357      507.84
12247738  3357      643.64
12248400  3357      507.84
12248755  3357      788.54
12248784  3357      507.84
12248960  3357      643.64
12249178  3357     1017.10
12279667  3357      643.64
12314254  3357      910.56
1232375   3357     1348.72
12370670  3357      910.56
1239070   3357      875.74
12434895  3357      507.84
12435304  3357      643.64
12435757  3357      507.84
12435759  3357      643.64
12527456  3357      507.84
12534356  3357      643.64
12536172  3357      643.64
12536549  3357      910.56
1254062   3357      875.74
1257983   3357      875.74
1258658   3357      875.74
1259324   3357      875.74
1260432   3357      875.74
1261562   3357      875.74
1262953   3357      524.84
1263302   3357      875.74
1263303   3357      875.74
1263991   3357     1305.70
1265436   3357      875.74
1266723   3357      585.31
12691465  3357      643.64
1269356   3357      875.74
12698409  3357      507.84
12698965  3357      507.84
12700553  3357      507.84
12701276  3357      643.64
12701301  3357      507.84
12702273  3357      507.84
12704473  3357      507.84
12704482  3357      788.54
12704649  3357      643.64
12704927  3357      643.64
12705860  3357      643.64
12706171  3357      643.64
12706774  3357      788.54
12707136  3357      643.64
1272390   3357      875.74
1273369   3357      798.04
1277938   3357      875.74
1278407   3357      875.74
12848719  3357      643.64
12849330  3357      910.56
12851330  3357      643.64
12852888  3357      643.64
12858616  3357      643.64
12878256  3357      643.64
12884972  3357      643.64
12934142  3357      507.84
12934525  3357      507.84
12935305  3357      643.64
12935606  3357      643.64
13032012  3357      507.84
13032033  3357      723.10
13034237  3357      643.64
13035222  3357     1017.10
13084488  3357      507.84
13084886  3357      507.84
13180551  3357      643.64
1318484   3357      875.74
13187744  3357      643.64
13187816  3357      507.84
13188137  3357      507.84
13188604  3357      507.84
13264411  3357      643.64
13265462  3357      507.84
13265946  3357      643.64
13266369  3357      643.64
13268000  3357      507.84
13268185  3357      507.84
13268457  3357      507.84
13268537  3357      643.64
13346269  3357      507.84
13408041  3357      507.84
13510172  3357      507.84
13510180  3357      507.84
13527636  3357      788.54
13566631  3357      414.40
13643981  3357      507.84
13643982  3357      507.84
13644051  3357      643.64
13644555  3357      507.84
13644665  3357      643.64
13644680  3357      788.54
13652653  3357      507.84
13674854  3357      788.54
13678214  3357      643.64
13678857  3357      507.84
13679940  3357      643.64
13724134  3357      643.64
13774187  3357      507.84
13774684  3357      643.64
13775452  3357      507.84
13775808  3357      507.84
13777181  3357      507.84
13785046  3357      507.84
13785661  3357      643.64
13785997  3357      507.84
13786181  3357      643.64
13787208  3357      643.64
13787741  3357      507.84
13842354  3357      643.64
13843775  3357      643.64
13856268  3357      643.64
13867427  3357      643.64
13868652  3357      643.64
13880177  3357      507.84
13880981  3357      643.64
13905892  3357      507.84
13986119  3357      643.64
13990906  3357      788.54
14003086  3357      507.84
14030527  3357      507.84
14031045  3357      643.64
14031497  3357      643.64
1404429   3357      654.93
14093727  3357      643.64
14094806  3357      788.54
14143188  3357      507.84
14159223  3357      507.84
14176129  3357      643.64
14270811  3357      507.84
14293118  3357      643.64
1431183   3357      875.74
14335445  3357      507.84
14335539  3357      643.64
1433726   3357      875.74
14372299  3357      788.54
14372818  3357      490.21
14376347  3357      643.64
14398946  3357      643.64
14399267  3357      507.84
14405196  3357      643.64
14405401  3357      643.64
14513487  3357      507.84
14590375  3357      507.84
14607589  3357      507.84
14648947  3357      643.64
14649126  3357      507.84
14810540  3357      643.64
14825867  3357      643.64
14877620  3357      643.64
14877805  3357      788.54
14877859  3357      910.56
14879704  3357      507.84
14880827  3357      788.54
15170350  3357      507.84
15177340  3357      788.54
15177867  3357      507.84
15306151  3357      507.84
15306996  3357      507.84
15352095  3357      643.64
15444811  3357      788.54
15448608  3357      643.64
15597541  3357      507.84
15598043  3357      507.84
15598319  3357      643.64
15598510  3357      643.64
15598933  3357      507.84
15599928  3357      507.84
15668151  3357      643.64
15668851  3357      507.84
15729233  3357      643.64
15729536  3357      507.84
15778630  3357      643.64
15827139  3357      788.54
15959808  3357      507.84
16001576  3357      507.84
16137706  3357      507.84
16138119  3357      643.64
1631390   3357      571.16
16324090  3357      643.64
16594051  3357      507.84
16641426  3357      507.84
16736267  3357      643.64
16770549  3357      643.64
16788972  3357      643.64
17011869  3357      643.64
17012587  3357      643.64
17019549  3357      643.64
17033256  3357      507.84
17104175  3357      643.64
17306742  3357      507.84
1737075   3357      875.74
17379215  3357      507.84
17504786  3357      507.84
17572385  3357      643.64
17626132  3357      507.84
1763812   3357      524.84
1764349   3357      875.74
1765295   3357     1563.70
1769938   3357      855.55
1778800   3357     1163.08
17965237  3357      643.64
18058393  3357      507.84
18059654  3357      386.93
18059918  3357      643.64
18263579  3357      643.64
18263756  3357      643.64
1834693   3357      585.31
18471327  3357      643.64
1854577   3357      875.74
18656459  3357      643.64
18785684  3357      507.84
18950730  3357      507.84
1906129   3357      875.74
19166206  3357      507.84
19262723  3357      643.64
1926999   3357      875.74
19324610  3357      643.64
19827450  3357      507.84
19850185  3357      507.84
19973112  3357      643.64
20187870  3357      507.84
20189202  3357      910.56
20235584  3357      507.84
2030572   3357      875.74
2033664   3357      782.29
20348834  3357      507.84
20351464  3357      643.64
21140944  3357      507.84
2130876   3357      875.74
2157417   3357      782.29
2186056   3357      875.74
2189077   3357     1305.70
2196831   3357      875.74
2198274   3357      798.04
2198799   3357      875.74
2199826   3357      875.74
2272067   3357      875.74
23156662  3357      670.15
2376223   3357      772.92
2380275   3357      875.74
2384661   3357      875.74
2529886   3357      875.74
2532585   3357      875.74
2533320   3357      702.61
2533977   3357      963.94
2534786   3357      616.09
2535843   3357      875.74
2536373   3357      875.74
2536795   3357      790.75
2538821   3357      798.04
2539425   3357      798.04
2539607   3357      875.74
2539943   3357      875.74
2541142   3357      875.74
2541439   3357      647.43
2541709   3357      868.51
2543654   3357      875.74
2543932   3357      875.74
2592064   3357      875.86
2592966   3357      875.74
2593377   3357      777.88
2593686   3357      875.74
2596405   3357      673.72
2597854   3357      984.52
2598033   3357     1090.96
2598872   3357      806.50
2601437   3357      866.37
2603046   3357     1048.03
2605117   3357      766.39
2605164   3357      969.97
2605539   3357      852.91
2605823   3357      632.29
2607322   3357      491.87
2608233   3357      477.89
2608304   3357      738.88
2608554   3357      984.52
2684589   3357      875.74
2741170   3357      853.39
2854705   3357      875.74
2870837   3357      920.35
2910376   3357      875.74
2910432   3357      855.55
2911765   3357      875.74
2912407   3357      875.74
2912692   3357      782.29
2913757   3357      856.27
2913809   3357      875.74
2914272   3357      807.37
2915293   3357      875.74
2915714   3357      875.74
2915780   3357      984.70
2916102   3357      616.09
2916362   3357     1004.68
2916467   3357      875.74
2916786   3357      875.74
2918280   3357      875.74
2919212   3357      875.74
2992913   3357      875.74
3035349   3357      875.74
3039370   3357      895.49
3080057   3357      782.29
3080311   3357      875.74
3080984   3357      643.64
3081351   3357      798.04
3082505   3357      477.45
3083006   3357      875.74
3083065   3357      875.74
3083457   3357     1090.93
3083843   3357      875.74
3084868   3357      894.28
3084978   3357      666.46
3085009   3357      712.84
3085276   3357      842.35
3090485   3357      485.20
3156003   3357      332.43
3234299   3357      842.35
3245420   3357      875.74
3314884   3357      462.70
3315121   3357      875.74
3315781   3357      875.74
3317339   3357      431.78
3317520   3357      747.85
3318589   3357      513.58
3318694   3357      562.22
3318719   3357      894.28
3319659   3357      875.74
3320986   3357      875.74
3322128   3357      829.12
3322273   3357     1218.88
3322284   3357      875.74
3322381   3357      962.59
3324084   3357      643.64
3324110   3357      715.48
3324403   3357      782.29
3329806   3357     1048.03
3353242   3357      457.38
3457632   3357      367.85
3528540   3357      496.94
3533360   3357      600.73
3534582   3357      696.07
3535445   3357      797.86
3535676   3357      915.40
3535838   3357      979.43
3538837   3357      496.07
3539352   3357      980.23
3541739   3357      707.86
3541975   3357      632.17
3542004   3357      788.54
3542015   3357      609.68
3554092   3357      875.74
3593839   3357      724.99
3598528   3357      919.03
3710064   3357      507.84
3759377   3357     1027.66
3784066   3357      408.43
3784441   3357      565.64
3785251   3357      701.38
3792247   3357      769.30
3830110   3357     1047.97
3855157   3357      632.29
3855577   3357      875.74
3856978   3357      992.98
3857004   3357      712.84
3857220   3357      694.83
3857667   3357     1013.17
3857878   3357     1000.60
3858323   3357      694.90
3858856   3357      788.54
3859230   3357      476.63
3864991   3357      568.51
3875055   3357      643.64
3877925   3357      788.54
3878006   3357      507.84
3963688   3357      564.31
3964093   3357      643.64
3964337   3357     1090.99
3965704   3357      661.18
3969513   3357      400.89
4001934   3357      593.50
4064149   3357      514.57
4065177   3357      875.74
4065584   3357      643.64
4065648   3357      555.86
4066245   3357      932.39
4067118   3357      451.61
4067735   3357      507.84
4067795   3357      967.03
4068788   3357      347.13
4071074   3357     1017.10
4071241   3357      336.74
4107436   3357      507.84
4191539   3357      577.72
4193094   3357      682.18
4194671   3357      491.66
4195654   3357      971.26
4199927   3357      632.23
4200911   3357      866.37
4238916   3357     1089.88
430240    3357      875.74
4317775   3357      788.54
4373204   3357      788.54
4373479   3357      347.13
4375498   3357     1011.82
4375998   3357     1087.99
4376813   3357      507.84
4377201   3357     1091.53
437803    3357      875.74
4378140   3357      321.23
4378236   3357      991.45
4378283   3357      701.38
4378759   3357      788.54
4379154   3357     1012.90
4381341   3357      723.55
4381614   3357      507.84
4382400   3357      630.16
4383023   3357      788.54
4383200   3357     1036.42
4385047   3357     1093.84
4386936   3357      507.84
4387777   3357      507.84
439023    3357      556.96
4409485   3357      788.54
4409788   3357      796.00
4409789   3357      507.84
4414417   3357      469.26
4414541   3357      852.28
4414909   3357     1047.67
4415675   3357      744.16
443869    3357      875.74
4609506   3357      545.41
4610129   3357      806.50
4720170   3357      507.84
4720923   3357      643.64
4721016   3357      507.84
4721639   3357      875.74
4722680   3357      935.53
4722814   3357      702.73
4723168   3357      872.26
4723276   3357      507.84
4723403   3357     1016.14
4724433   3357     1090.96
4725919   3357      788.54
4727740   3357      507.84
4728331   3357      893.56
4729448   3357      611.95
4729575   3357      454.28
4730168   3357      788.54
4730490   3357      729.22
4730823   3357      677.00
4731322   3357      788.54
4731494   3357      625.33
4732090   3357      309.46
4732618   3357      507.84
4734527   3357      507.84
4735505   3357      875.74
4738424   3357      875.74
4739546   3357     1461.00
4739796   3357      788.54
4754833   3357     1686.92
4803744   3357      788.54
4805842   3357      643.64
4827213   3357      458.35
4853128   3357      852.76
4882144   3357      554.05
5017295   3357      507.84
5022967   3357     1095.10
5237805   3357      643.64
5238236   3357     1027.66
5239261   3357      576.46
5240821   3357      635.14
5242545   3357      881.23
5244302   3357      393.59
5244483   3357      507.84
5244484   3357      625.33
5244765   3357      408.33
5245261   3357      788.54
5248926   3357      425.20
5248954   3357      534.59
5249259   3357      643.64
5249817   3357      788.54
5250965   3357      898.57
5251153   3357      568.43
5251214   3357      540.67
5252606   3357      788.54
5253930   3357     1082.86
5254613   3357      505.77
5254952   3357      728.26
5255567   3357      643.64
5255641   3357      788.54
5257069   3357      424.99
5257175   3357      984.52
5257421   3357      910.56
5257727   3357      643.64
5257774   3357      643.64
5259121   3357     1090.87
5259785   3357      657.19
5261116   3357      507.84
5261139   3357      643.64
5261250   3357      655.69
5261418   3357      413.73
5261643   3357      507.84
5263470   3357      863.35
5344986   3357      507.84
5435450   3357      507.84
5436619   3357      788.54
5436795   3357      415.01
5438690   3357      507.84
5439480   3357      643.64
5439865   3357      910.56
5458236   3357      507.84
5461455   3357      984.46
5605414   3357      643.64
5658043   3357      643.64
5688352   3357      643.64
5765952   3357      643.64
5779173   3357      643.64
5915261   3357      875.74
5921128   3357      643.64
5921800   3357      507.84
5923624   3357      788.54
5925143   3357      788.54
5925949   3357      585.31
5929492   3357      643.64
5935536   3357      788.54
5938630   3357      643.64
5938995   3357      643.64
6044716   3357      643.64
6125595   3357      507.84
6127630   3357      535.79
6238388   3357     1017.10
6394853   3357      433.34
64800     3357      842.35
6537141   3357      892.45
6573443   3357      587.80
6573855   3357      910.56
6573893   3357      507.84
6575243   3357      507.84
6575301   3357      643.64
6584406   3357      667.03
6634354   3357      507.84
6689708   3357      723.10
6690236   3357      643.64
6701343   3357      643.64
6701344   3357      643.64
6701453   3357      643.64
673822    3357      875.74
6841910   3357      507.84
7076647   3357      643.64
7211860   3357      788.54
7240399   3357      643.64
7300376   3357      507.84
7301470   3357     1001.15
7305494   3357      987.40
7305781   3357      661.18
7308623   3357      511.94
7309317   3357      507.84
7309375   3357      507.84
7310425   3357      910.56
7310959   3357      701.38
7311233   3357      486.79
7311255   3357      507.84
7312149   3357      643.64
7313189   3357      738.88
7314050   3357      507.84
7314987   3357      910.56
7315048   3357      788.54
7315058   3357      643.64
7315331   3357      643.64
7316059   3357      910.56
7316139   3357      788.54
7316607   3357      647.43
7316959   3357      703.03
7317744   3357      875.74
7318041   3357      552.46
7319649   3357      788.54
7321787   3357      507.84
7322304   3357      507.84
7322780   3357      507.84
7322794   3357      515.78
7324725   3357      962.59
7325664   3357      367.88
7325721   3357     1002.04
7325722   3357      691.26
7325778   3357      576.07
7328421   3357      507.84
7330948   3357      643.64
7331943   3357      507.84
7332202   3357      507.84
7332734   3357      984.52
7333145   3357      788.54
7335642   3357      643.64
7337422   3357      487.73
7338055   3357      910.56
7340200   3357      875.74
7340742   3357      829.12
7340989   3357      507.84
7342107   3357      507.84
7342680   3357      875.74
7343605   3357      507.84
7344290   3357      507.84
7344465   3357      507.84
7347856   3357      694.90
7348137   3357      507.84
7348986   3357      643.64
7349428   3357     1017.10
7349843   3357      507.84
7350162   3357      504.07
7350273   3357      507.84
7352317   3357      507.84
7353364   3357      507.84
7353377   3357      643.64
7354064   3357      507.84
7354848   3357      576.07
7355837   3357      577.17
7355928   3357      651.52
7359478   3357      788.54
7360346   3357      507.84
7360517   3357      643.64
7363171   3357      474.62
7363652   3357      643.64
7365166   3357      507.84
7365545   3357      507.84
7367276   3357      507.84
7368710   3357      507.84
7369018   3357      643.64
7371154   3357      643.64
7372156   3357      507.84
7372973   3357      347.84
7373089   3357      507.84
7373215   3357      910.56
7374243   3357      507.84
7374616   3357      623.68
7377030   3357      507.84
7377579   3357      643.64
7379256   3357      507.84
7380616   3357      507.84
7381553   3357      643.64
7382148   3357      561.66
7382532   3357      507.84
7384964   3357      643.64
7387544   3357      643.64
7388038   3357      507.84
7388080   3357      643.64
7388125   3357      788.54
7388199   3357      507.84
7389581   3357      643.64
7391472   3357      507.84
7392153   3357      643.64
7393061   3357      507.84
7393144   3357      507.84
7395742   3357      671.29
7396051   3357      643.64
7398038   3357      468.52
7400031   3357      643.64
7401094   3357      643.64
7401380   3357      643.64
7401853   3357      507.84
7403123   3357      507.84
7403188   3357      507.84
7403563   3357      507.84
7406353   3357      643.64
7408531   3357      643.64
7409730   3357      507.84
7410177   3357     1017.10
7412535   3357      788.54
7412738   3357      507.84
7415285   3357     1017.10
7415448   3357      643.64
7416870   3357      507.84
7417289   3357      507.84
7417791   3357      643.64
7418898   3357      507.84
7418939   3357      507.84
7419340   3357      507.84
7419740   3357      507.84
7419800   3357      643.64
7419866   3357      507.84
7420316   3357      643.64
7420429   3357      788.54
7423108   3357      788.54
7423415   3357      643.64
7423444   3357      643.64
7425063   3357      507.84
7425430   3357      643.64
7425900   3357      507.84
7426046   3357      643.64
7427359   3357      507.84
7427520   3357      643.64
7429274   3357      643.64
7432253   3357      788.54
7434591   3357      643.64
7435158   3357      507.84
7436077   3357      507.84
7436996   3357      643.64
7437806   3357      507.84
7437808   3357      507.84
7438450   3357      643.64
7439597   3357      910.56
7439617   3357      643.64
7439629   3357      643.64
7440809   3357      582.58
7442445   3357      643.64
7444497   3357      507.84
7444651   3357      788.54
7444842   3357      643.64
7444889   3357      910.56
7445661   3357      507.84
7446382   3357      788.54
7446644   3357      643.64
7447067   3357      643.64
7447334   3357      910.56
7447992   3357      507.84
7449457   3357      507.84
7455429   3357      643.64
7455588   3357      643.64
7461704   3357      643.64
7465820   3357      643.64
7465910   3357      643.64
7466779   3357      666.94
7466870   3357      643.64
7502836   3357      540.60
7548386   3357      507.84
7548420   3357      507.84
770342    3357      875.74
7917981   3357      643.64
7981510   3357      788.54
7982728   3357      507.84
7982865   3357      812.70
7983170   3357      507.84
7984159   3357      643.64
7985605   3357      775.57
7988969   3357      643.64
8054279   3357      507.84
8064487   3357      464.48
8068577   3357      529.42
8069571   3357      643.64
8140450   3357      448.45
8594315   3357      643.64
8718789   3357      643.64
8734286   3357      788.54
9066082   3357      657.19
9100619   3357      643.64
9211039   3357      507.84
9261804   3357      788.54
9317884   3357      788.54
940859    3357      875.74
9433060   3357      643.64
9540404   3357      788.54
9540845   3357      910.56
9542018   3357      507.84
9542237   3357      507.84
9543174   3357      643.64
9543530   3357      549.29
9544179   3357      643.64
9544345   3357      507.84
9544429   3357      788.54
9544827   3357      788.54
9545198   3357      729.22
9545952   3357     1043.32
9546474   3357      643.64
9547148   3357      507.84
9551389   3357      643.64
9552709   3357      507.84
9553039   3357      643.64
9553047   3357      507.84
9553149   3357      507.84
9555077   3357      657.46
9555609   3357      507.84
9555641   3357      643.64
9557148   3357      910.56
9557803   3357      507.84
9557875   3357      507.84
9557894   3357      384.75
9558628   3357      507.84
9560453   3357      507.84
9570736   3357      643.64
9572755   3357      643.64
9577605   3357      643.64
9601343   3357      643.64
9603154   3357      507.84
9603683   3357      643.64
9603870   3357      660.16
9604166   3357      507.84
9604592   3357     1017.10
9607091   3357      712.84
9608547   3357      643.64
9609337   3357      507.84
9609338   3357      643.64
9612117   3357      788.54
9612530   3357      643.64
9612692   3357      643.64
9614364   3357      507.84
9615563   3357      643.64
9615964   3357      643.64
9617493   3357      507.84
9620242   3357      788.54
9620248   3357      910.56
9620376   3357      643.64
9620599   3357      788.54
9620701   3357      507.84
9620720   3357      507.84
9621777   3357      507.84
9622347   3357      643.64
9624370   3357     1017.10
9624596   3357      507.84
9625361   3357      643.64
9625933   3357      643.64
9626082   3357      643.64
9626215   3357      507.84
9627150   3357      788.54
9627523   3357      643.64
9627724   3357      507.84
9629963   3357      788.54
9631462   3357      788.54
9634554   3357      643.64
9634674   3357      643.64
9636806   3357      507.84
9638320   3357      643.64
9639201   3357      507.84
9845319   3357      507.84
9846320   3357      788.54
9847068   3357      507.84
9847350   3357      643.64
9848693   3357      507.84
9850403   3357      643.64
9851111   3357      643.64
9851993   3357      643.64
