10120357  0357       35.57
10125466  0357       52.00
10126656  0357       23.72
10312414  0357       52.00
10373550  0357       47.43
10639752  0357       52.00
10726693  0357       23.72
10760806  0357       52.00
10770124  0357       23.72
10772668  0357       52.00
10775520  0357      103.99
10776915  0357       52.00
10777645  0357       35.57
10778464  0357       52.00
10784623  0357       23.72
10840266  0357       23.72
10841061  0357       52.00
10842205  0357       23.72
10843324  0357       59.29
10844947  0357       23.72
10845717  0357       52.00
10846474  0357       23.72
10846629  0357       23.72
10846940  0357       47.43
10846985  0357       23.72
10847648  0357       52.00
10849906  0357       23.72
10860593  0357       23.72
10903693  0357       52.00
10959957  0357       23.72
10960021  0357       23.72
10964062  0357       47.43
11163187  0357       52.00
11177533  0357       52.00
11260715  0357       23.72
11262378  0357       23.72
11263756  0357       52.00
11264465  0357       23.72
11264550  0357       52.00
11265496  0357       23.72
11266390  0357       47.43
11267811  0357      103.99
11267932  0357      103.99
11425214  0357       23.72
11425449  0357       23.72
11426462  0357       52.00
11428034  0357       52.00
11428889  0357       59.29
11429539  0357       47.43
11429792  0357       52.00
11429991  0357       35.57
11430700  0357       23.72
11433167  0357       23.72
11433865  0357       47.43
11433968  0357       47.43
11434350  0357       23.72
11546168  0357       52.00
11584952  0357       23.72
11586448  0357       23.72
11589730  0357       47.43
11594524  0357       52.00
11596252  0357       23.72
11597667  0357       23.72
11598121  0357       52.00
11598207  0357       52.00
11598956  0357       52.00
11633896  0357       52.00
11645810  0357       23.72
11651035  0357       23.72
11651090  0357       23.72
11652405  0357       23.72
11653864  0357       23.72
11694358  0357       52.00
11694758  0357       23.72
11695394  0357      103.99
11749469  0357       23.72
11784637  0357       52.00
11786432  0357       52.00
11787653  0357       47.43
11787807  0357       23.72
11790273  0357       23.72
11790818  0357       35.57
11791177  0357       23.72
11792127  0357       23.72
11792506  0357       52.00
11792846  0357       23.72
11878930  0357       23.72
11881668  0357      129.99
11881669  0357       52.00
11882080  0357       52.00
11883300  0357       47.43
12018571  0357       77.99
12018729  0357       52.00
12018852  0357       23.72
12019816  0357       52.00
12021966  0357       23.72
12023981  0357       35.57
12024178  0357       23.72
12024179  0357       23.72
12025294  0357       35.57
12025488  0357       52.00
12025491  0357       52.00
12026565  0357       23.72
12027093  0357       23.72
12027527  0357       52.00
12027928  0357       52.00
12080554  0357       23.72
12241212  0357       77.99
12242270  0357       23.72
12243077  0357       52.00
12244707  0357       52.00
12247738  0357       35.57
12248400  0357      129.99
12248784  0357      103.99
12248960  0357       23.72
12279667  0357       23.72
12369466  0357       23.72
12434895  0357       52.00
12435304  0357       23.72
12435757  0357       77.99
12435759  0357       59.29
12527456  0357       52.00
12534356  0357       23.72
12536172  0357       23.72
12691465  0357       23.72
12698409  0357       52.00
12698965  0357       52.00
12700553  0357       52.00
12701276  0357       23.72
12701301  0357      129.99
12702273  0357       52.00
12704473  0357       52.00
12704649  0357       23.72
12704927  0357       23.72
12705860  0357       23.72
12706171  0357       23.72
12707136  0357       23.72
12848719  0357       23.72
12851330  0357       23.72
12852888  0357       23.72
12858616  0357       35.57
12878256  0357       23.72
12884972  0357       23.72
12934142  0357       52.00
12934525  0357       52.00
12935305  0357       23.72
12935606  0357       23.72
13032012  0357      103.99
13032033  0357       23.72
13034237  0357       23.72
13084488  0357       52.00
13084886  0357       52.00
13180551  0357       23.72
13187744  0357       47.43
13187816  0357       35.57
13188137  0357       52.00
13188604  0357       77.99
13264411  0357       23.72
13265462  0357       52.00
13265946  0357       35.57
13266369  0357       23.72
13268000  0357      103.99
13268185  0357      103.99
13268457  0357       52.00
13268537  0357       35.57
13343258  0357       52.00
13408041  0357       52.00
13510172  0357       52.00
13510180  0357       52.00
13519440  0357       52.00
13643981  0357      103.99
13643982  0357       77.99
13644051  0357       23.72
13644555  0357      129.99
13644665  0357       23.72
13652653  0357       52.00
13678214  0357       23.72
13678857  0357       52.00
13679940  0357       23.72
13724134  0357       35.57
13774187  0357       52.00
13774684  0357       23.72
13775452  0357       52.00
13775808  0357       52.00
13777181  0357       77.99
13785046  0357       52.00
13785661  0357       23.72
13785997  0357       52.00
13786181  0357       23.72
13787208  0357       23.72
13787741  0357       52.00
13842354  0357       23.72
13843775  0357       23.72
13856268  0357       23.72
13867427  0357       35.57
13868652  0357       23.72
13880177  0357       52.00
13880981  0357       23.72
13905892  0357       52.00
13986119  0357       23.72
14003086  0357       52.00
14030527  0357       52.00
14031045  0357       23.72
14031497  0357       59.29
14093727  0357       35.57
14143188  0357       52.00
14159223  0357      103.99
14176129  0357       23.72
14176671  0357       23.72
14270811  0357      129.99
14293118  0357       35.57
14335445  0357       52.00
14335539  0357       23.72
14372545  0357       52.00
14376347  0357       23.72
14398946  0357       23.72
14399267  0357       77.99
14405196  0357       23.72
14405401  0357       23.72
14513487  0357       52.00
14590375  0357       52.00
14607589  0357       77.99
14648947  0357       23.72
14649126  0357       52.00
14825867  0357       23.72
14877620  0357       23.72
14879597  0357       47.43
14879704  0357      129.99
15170350  0357       52.00
15177867  0357      103.99
15306151  0357      129.99
15306996  0357       52.00
15352095  0357       23.72
15448608  0357       23.72
15597541  0357       52.00
15598043  0357       52.00
15598319  0357       23.72
15598510  0357       47.43
15598933  0357       52.00
15599928  0357       77.99
15668151  0357       47.43
15668851  0357       52.00
15690244  0357       52.00
15729233  0357       35.57
15729536  0357      129.99
15778630  0357       35.57
15885754  0357       52.00
15959808  0357       52.00
15961650  0357       52.00
16001576  0357       52.00
16137706  0357       52.00
16138119  0357       35.57
16324090  0357       23.72
16385667  0357       52.00
16387437  0357       47.43
16594051  0357       52.00
16641426  0357       52.00
16736267  0357       23.72
16770549  0357       23.72
16788972  0357       47.43
16796439  0357      103.99
17011869  0357       47.43
17012587  0357       59.29
17019549  0357       23.72
17033230  0357       52.00
17033256  0357       52.00
17104175  0357       23.72
17306742  0357       52.00
17379215  0357       77.99
17380736  0357       52.00
17572385  0357       47.43
17574055  0357       52.00
17626132  0357      103.99
17727473  0357       52.00
17859806  0357       52.00
17859921  0357      103.99
17872590  0357       23.72
17965237  0357       35.57
18054647  0357       23.72
18058393  0357       52.00
18059918  0357       23.72
18263579  0357       23.72
18263756  0357       23.72
18421508  0357       52.00
18471327  0357       23.72
18618969  0357       52.00
18655916  0357       23.72
18656459  0357       35.57
18785684  0357       52.00
18928116  0357       52.00
18950730  0357       52.00
19166206  0357      129.99
19262723  0357       23.72
19324610  0357       47.43
19424156  0357       47.43
19431369  0357       23.72
19827450  0357       52.00
19850185  0357      129.99
19886649  0357       59.29
19973112  0357       23.72
20046577  0357      103.99
20046584  0357      103.99
20187870  0357      103.99
20235584  0357      103.99
20348834  0357       77.99
20351464  0357       47.43
21140944  0357       77.99
22326349  0357       52.00
4065584   0357       23.72
4107436   0357       52.00
4387777   0357      129.99
4720170   0357       77.99
4720923   0357       23.72
4721016   0357       52.00
4727740   0357       52.00
4732618   0357       52.00
4734527   0357       52.00
4734940   0357       52.00
4805842   0357       23.72
5017295   0357       52.00
5237805   0357       23.72
5244483   0357       52.00
5249259   0357       23.72
5255567   0357       23.72
5257727   0357       59.29
5257774   0357       23.72
5261116   0357       52.00
5344986   0357       52.00
5439480   0357       23.72
5458236   0357       52.00
5688352   0357       23.72
5765952   0357       23.72
5779173   0357       23.72
5921800   0357       52.00
5929492   0357       23.72
5938995   0357       23.72
6044716   0357       35.57
6125595   0357      129.99
6573893   0357       52.00
6575243   0357       52.00
6575301   0357       23.72
6602322   0357       52.00
6634354   0357       23.72
6689708   0357       23.72
6690236   0357       23.72
6701343   0357       23.72
6701344   0357       23.72
6701453   0357       23.72
6841910   0357       52.00
7076647   0357       23.72
7240399   0357       23.72
7309317   0357       52.00
7309375   0357       52.00
7314050   0357       52.00
7315331   0357       23.72
7321787   0357       52.00
7322304   0357       52.00
7322780   0357       52.00
7328421   0357       52.00
7330948   0357       23.72
7335642   0357       23.72
7337778   0357       52.00
7342107   0357       52.00
7343605   0357       52.00
7344290   0357       52.00
7344465   0357      103.99
7348137   0357       52.00
7349843   0357       52.00
7350273   0357       52.00
7352317   0357       52.00
7353364   0357      103.99
7353377   0357       23.72
7354064   0357       52.00
7360346   0357       52.00
7360517   0357       23.72
7363652   0357       23.72
7365166   0357       23.72
7365545   0357       52.00
7367276   0357       52.00
7368710   0357      103.99
7369018   0357       23.72
7371154   0357       23.72
7372156   0357       52.00
7373089   0357       52.00
7374243   0357       52.00
7377030   0357       52.00
7377579   0357       23.72
7379256   0357      103.99
7380616   0357       52.00
7381553   0357       23.72
7382532   0357       52.00
7384964   0357       23.72
7387544   0357       47.43
7388038   0357       52.00
7388080   0357       23.72
7388199   0357       77.99
7389581   0357       23.72
7391472   0357       52.00
7393061   0357       52.00
7393144   0357      103.99
7396051   0357       35.57
7400031   0357       23.72
7401094   0357       23.72
7401380   0357       23.72
7401853   0357       52.00
7403123   0357       52.00
7403188   0357       52.00
7403563   0357       52.00
7406353   0357       23.72
7408531   0357       23.72
7409730   0357       52.00
7412738   0357       52.00
7415448   0357       23.72
7416870   0357       52.00
7417289   0357      103.99
7417791   0357       47.43
7418898   0357       52.00
7418939   0357       52.00
7419340   0357       52.00
7419800   0357       23.72
7419866   0357      129.99
7420316   0357       23.72
7423415   0357       23.72
7425063   0357       52.00
7425430   0357       23.72
7425900   0357       52.00
7426046   0357       23.72
7427359   0357       52.00
7427520   0357       23.72
7429274   0357       23.72
7434591   0357       59.29
7435158   0357      129.99
7436077   0357      103.99
7436996   0357       23.72
7437806   0357       52.00
7437808   0357       52.00
7438450   0357       23.72
7439617   0357       23.72
7439629   0357       23.72
7442445   0357       23.72
7444497   0357       77.99
7444842   0357       23.72
7445661   0357       52.00
7446644   0357       23.72
7447067   0357       59.29
7447992   0357       52.00
7449457   0357       52.00
7455588   0357       23.72
7461704   0357       23.72
7465820   0357       59.29
7465910   0357       23.72
7917981   0357       23.72
7982728   0357       52.00
7983170   0357       52.00
7984159   0357       23.72
8069571   0357       23.72
8594315   0357       23.72
8718789   0357       47.43
9211039   0357       52.00
9433060   0357       23.72
9542237   0357       52.00
9543174   0357       23.72
9544179   0357       23.72
9544345   0357       52.00
9546474   0357       23.72
9547148   0357       52.00
9551389   0357       23.72
9553047   0357       52.00
9553149   0357       52.00
9553310   0357      103.99
9555609   0357       52.00
9555641   0357       23.72
9557803   0357       52.00
9557875   0357       52.00
9558628   0357       52.00
9560453   0357       52.00
9572755   0357       23.72
9601343   0357       59.29
9603154   0357       52.00
9603683   0357       23.72
9604166   0357       52.00
9608547   0357       23.72
9609337   0357       52.00
9609338   0357       47.43
9612692   0357       23.72
9614364   0357      103.99
9615563   0357       23.72
9615964   0357       23.72
9617493   0357      103.99
9620376   0357       23.72
9620701   0357       52.00
9620720   0357       52.00
9621777   0357       23.72
9622347   0357       23.72
9624596   0357       52.00
9625361   0357       23.72
9625933   0357       47.43
9626082   0357       23.72
9626215   0357       52.00
9627523   0357       47.43
9627724   0357       52.00
9634674   0357       23.72
9636806   0357       52.00
9638320   0357       23.72
9639201   0357       52.00
9845319   0357       52.00
9847068   0357       52.00
9848693   0357       52.00
9850403   0357       23.72
9851111   0357       23.72
10120357  3357       23.72
10125466  3357       52.00
10126656  3357       23.72
10312414  3357       52.00
10373550  3357       23.72
10639752  3357       52.00
10726693  3357       23.72
10760806  3357       52.00
10770124  3357       23.72
10772668  3357       52.00
10775520  3357       52.00
10776915  3357       52.00
10777645  3357       23.72
10778464  3357       52.00
10784623  3357       23.72
10840266  3357       23.72
10841061  3357       52.00
10842205  3357       23.72
10843324  3357       23.72
10844947  3357       23.72
10845717  3357       52.00
10846474  3357       23.72
10846629  3357       23.72
10846940  3357       23.72
10846985  3357       23.72
10847648  3357       52.00
10849906  3357       23.72
10860593  3357       23.72
10903693  3357       52.00
10959957  3357       23.72
10960021  3357       23.72
10964062  3357       23.72
11163187  3357       52.00
11177533  3357       52.00
11260715  3357       23.72
11262378  3357       23.72
11263756  3357       52.00
11264465  3357       23.72
11264550  3357       52.00
11265496  3357       23.72
11266390  3357       23.72
11267811  3357       52.00
11267932  3357       52.00
11425214  3357       23.72
11425449  3357       23.72
11426462  3357       52.00
11428034  3357       52.00
11428889  3357       23.72
11429539  3357       23.72
11429792  3357       52.00
11429991  3357       23.72
11430700  3357       23.72
11433167  3357       23.72
11433865  3357       23.72
11433968  3357       23.72
11434350  3357       23.72
11546168  3357       52.00
11584952  3357       23.72
11586448  3357       23.72
11589730  3357       23.72
11594524  3357       52.00
11596252  3357       23.72
11597667  3357       23.72
11598121  3357       52.00
11598207  3357       52.00
11598956  3357       52.00
11633896  3357       52.00
11645810  3357       23.72
11651035  3357       23.72
11651090  3357       23.72
11652405  3357       23.72
11653864  3357       23.72
11694358  3357       52.00
11694758  3357       23.72
11695394  3357       52.00
11749469  3357       23.72
11784637  3357       52.00
11786432  3357       52.00
11787653  3357       23.72
11787807  3357       23.72
11790273  3357       23.72
11790818  3357       23.72
11791177  3357       23.72
11792127  3357       23.72
11792506  3357       52.00
11792846  3357       23.72
11878930  3357       23.72
11881668  3357       52.00
11881669  3357       52.00
11882080  3357       52.00
11883300  3357       23.72
12018571  3357       52.00
12018729  3357       52.00
12018852  3357       23.72
12019816  3357       52.00
12021966  3357       23.72
12023981  3357       23.72
12024178  3357       23.72
12024179  3357       23.72
12025294  3357       23.72
12025488  3357       52.00
12025491  3357       52.00
12026565  3357       23.72
12027093  3357       23.72
12027527  3357       52.00
12027928  3357       52.00
12080554  3357       23.72
12241212  3357       52.00
12242270  3357       23.72
12243077  3357       52.00
12244707  3357       52.00
12247738  3357       23.72
12248400  3357       52.00
12248784  3357       52.00
12248960  3357       23.72
12279667  3357       23.72
12369466  3357       23.72
12434895  3357       52.00
12435304  3357       23.72
12435757  3357       52.00
12435759  3357       23.72
12527456  3357       52.00
12534356  3357       23.72
12536172  3357       23.72
12691465  3357       23.72
12698409  3357       52.00
12698965  3357       52.00
12700553  3357       52.00
12701276  3357       23.72
12701301  3357       52.00
12702273  3357       52.00
12704473  3357       52.00
12704649  3357       23.72
12704927  3357       23.72
12705860  3357       23.72
12706171  3357       23.72
12707136  3357       23.72
12848719  3357       23.72
12851330  3357       23.72
12852888  3357       23.72
12858616  3357       23.72
12878256  3357       23.72
12884972  3357       23.72
12934142  3357       52.00
12934525  3357       52.00
12935305  3357       23.72
12935606  3357       23.72
13032012  3357       52.00
13032033  3357       23.72
13034237  3357       23.72
13084488  3357       52.00
13084886  3357       52.00
13180551  3357       23.72
13187744  3357       23.72
13187816  3357       23.72
13188137  3357       52.00
13188604  3357       52.00
13264411  3357       23.72
13265462  3357       52.00
13265946  3357       23.72
13266369  3357       23.72
13268000  3357       52.00
13268185  3357       52.00
13268457  3357       52.00
13268537  3357       23.72
13343258  3357       52.00
13408041  3357       52.00
13510172  3357       52.00
13510180  3357       52.00
13519440  3357       52.00
13643981  3357       52.00
13643982  3357       52.00
13644051  3357       23.72
13644555  3357       52.00
13644665  3357       23.72
13652653  3357       52.00
13678214  3357       23.72
13678857  3357       52.00
13679940  3357       23.72
13724134  3357       23.72
13774187  3357       52.00
13774684  3357       23.72
13775452  3357       52.00
13775808  3357       52.00
13777181  3357       52.00
13785046  3357       52.00
13785661  3357       23.72
13785997  3357       52.00
13786181  3357       23.72
13787208  3357       23.72
13787741  3357       52.00
13842354  3357       23.72
13843775  3357       23.72
13856268  3357       23.72
13867427  3357       23.72
13868652  3357       23.72
13880177  3357       52.00
13880981  3357       23.72
13905892  3357       52.00
13986119  3357       23.72
14003086  3357       52.00
14030527  3357       52.00
14031045  3357       23.72
14031497  3357       23.72
14093727  3357       23.72
14143188  3357       52.00
14159223  3357       52.00
14176129  3357       23.72
14176671  3357       23.72
14270811  3357       52.00
14293118  3357       23.72
14335445  3357       52.00
14335539  3357       23.72
14372545  3357       52.00
14376347  3357       23.72
14398946  3357       23.72
14399267  3357       52.00
14405196  3357       23.72
14405401  3357       23.72
14513487  3357       52.00
14590375  3357       52.00
14607589  3357       52.00
14648947  3357       23.72
14649126  3357       52.00
14825867  3357       23.72
14877620  3357       23.72
14879597  3357       23.72
14879704  3357       52.00
15170350  3357       52.00
15177867  3357       52.00
15306151  3357       52.00
15306996  3357       52.00
15352095  3357       23.72
15448608  3357       23.72
15597541  3357       52.00
15598043  3357       52.00
15598319  3357       23.72
15598510  3357       23.72
15598933  3357       52.00
15599928  3357       52.00
15668151  3357       23.72
15668851  3357       52.00
15690244  3357       52.00
15729233  3357       23.72
15729536  3357       52.00
15778630  3357       23.72
15885754  3357       52.00
15959808  3357       52.00
15961650  3357       52.00
16001576  3357       52.00
16137706  3357       52.00
16138119  3357       23.72
16324090  3357       23.72
16385667  3357       52.00
16387437  3357       23.72
16594051  3357       52.00
16641426  3357       52.00
16736267  3357       23.72
16770549  3357       23.72
16788972  3357       23.72
16796439  3357       52.00
17011869  3357       23.72
17012587  3357       23.72
17019549  3357       23.72
17033230  3357       52.00
17033256  3357       52.00
17104175  3357       23.72
17306742  3357       52.00
17379215  3357       52.00
17380736  3357       52.00
17572385  3357       23.72
17574055  3357       52.00
17626132  3357       52.00
17727473  3357       52.00
17859806  3357       52.00
17859921  3357       52.00
17872590  3357       23.72
17965237  3357       23.72
18054647  3357       23.72
18058393  3357       52.00
18059918  3357       23.72
18263579  3357       23.72
18263756  3357       23.72
18421508  3357       52.00
18471327  3357       23.72
18618969  3357       52.00
18655916  3357       23.72
18656459  3357       23.72
18785684  3357       52.00
18928116  3357       52.00
18950730  3357       52.00
19166206  3357       52.00
19262723  3357       23.72
19324610  3357       23.72
19424156  3357       23.72
19431369  3357       23.72
19827450  3357       52.00
19850185  3357       52.00
19886649  3357       23.72
19973112  3357       23.72
20046577  3357       52.00
20046584  3357       52.00
20187870  3357       52.00
20235584  3357       52.00
20348834  3357       52.00
20351464  3357       23.72
21140944  3357       52.00
22326349  3357       52.00
4065584   3357       23.72
4107436   3357       52.00
4387777   3357       52.00
4720170   3357       52.00
4720923   3357       23.72
4721016   3357       52.00
4727740   3357       52.00
4732618   3357       52.00
4734527   3357       52.00
4734940   3357       52.00
4805842   3357       23.72
5017295   3357       52.00
5237805   3357       23.72
5244483   3357       52.00
5249259   3357       23.72
5255567   3357       23.72
5257727   3357       23.72
5257774   3357       23.72
5261116   3357       52.00
5344986   3357       52.00
5439480   3357       23.72
5458236   3357       52.00
5688352   3357       23.72
5765952   3357       23.72
5779173   3357       23.72
5921800   3357       52.00
5929492   3357       23.72
5938995   3357       23.72
6044716   3357       23.72
6125595   3357       52.00
6573893   3357       52.00
6575243   3357       52.00
6575301   3357       23.72
6602322   3357       52.00
6634354   3357       23.72
6689708   3357       23.72
6690236   3357       23.72
6701343   3357       23.72
6701344   3357       23.72
6701453   3357       23.72
6841910   3357       52.00
7076647   3357       23.72
7240399   3357       23.72
7309317   3357       52.00
7309375   3357       52.00
7314050   3357       52.00
7315331   3357       23.72
7321787   3357       52.00
7322304   3357       52.00
7322780   3357       52.00
7328421   3357       52.00
7330948   3357       23.72
7335642   3357       23.72
7337778   3357       52.00
7342107   3357       52.00
7343605   3357       52.00
7344290   3357       52.00
7344465   3357       52.00
7348137   3357       52.00
7349843   3357       52.00
7350273   3357       52.00
7352317   3357       52.00
7353364   3357       52.00
7353377   3357       23.72
7354064   3357       52.00
7360346   3357       52.00
7360517   3357       23.72
7363652   3357       23.72
7365166   3357       23.72
7365545   3357       52.00
7367276   3357       52.00
7368710   3357       52.00
7369018   3357       23.72
7371154   3357       23.72
7372156   3357       52.00
7373089   3357       52.00
7374243   3357       52.00
7377030   3357       52.00
7377579   3357       23.72
7379256   3357       52.00
7380616   3357       52.00
7381553   3357       23.72
7382532   3357       52.00
7384964   3357       23.72
7387544   3357       23.72
7388038   3357       52.00
7388080   3357       23.72
7388199   3357       52.00
7389581   3357       23.72
7391472   3357       52.00
7393061   3357       52.00
7393144   3357       52.00
7396051   3357       23.72
7400031   3357       23.72
7401094   3357       23.72
7401380   3357       23.72
7401853   3357       52.00
7403123   3357       52.00
7403188   3357       52.00
7403563   3357       52.00
7406353   3357       23.72
7408531   3357       23.72
7409730   3357       52.00
7412738   3357       52.00
7415448   3357       23.72
7416870   3357       52.00
7417289   3357       52.00
7417791   3357       23.72
7418898   3357       52.00
7418939   3357       52.00
7419340   3357       52.00
7419800   3357       23.72
7419866   3357       52.00
7420316   3357       23.72
7423415   3357       23.72
7425063   3357       52.00
7425430   3357       23.72
7425900   3357       52.00
7426046   3357       23.72
7427359   3357       52.00
7427520   3357       23.72
7429274   3357       23.72
7434591   3357       23.72
7435158   3357       52.00
7436077   3357       52.00
7436996   3357       23.72
7437806   3357       52.00
7437808   3357       52.00
7438450   3357       23.72
7439617   3357       23.72
7439629   3357       23.72
7442445   3357       23.72
7444497   3357       52.00
7444842   3357       23.72
7445661   3357       52.00
7446644   3357       23.72
7447067   3357       23.72
7447992   3357       52.00
7449457   3357       52.00
7455588   3357       23.72
7461704   3357       23.72
7465820   3357       23.72
7465910   3357       23.72
7917981   3357       23.72
7982728   3357       52.00
7983170   3357       52.00
7984159   3357       23.72
8069571   3357       23.72
8594315   3357       23.72
8718789   3357       23.72
9211039   3357       52.00
9433060   3357       23.72
9542237   3357       52.00
9543174   3357       23.72
9544179   3357       23.72
9544345   3357       52.00
9546474   3357       23.72
9547148   3357       52.00
9551389   3357       23.72
9553047   3357       52.00
9553149   3357       52.00
9553310   3357       52.00
9555609   3357       52.00
9555641   3357       23.72
9557803   3357       52.00
9557875   3357       52.00
9558628   3357       52.00
9560453   3357       52.00
9572755   3357       23.72
9601343   3357       23.72
9603154   3357       52.00
9603683   3357       23.72
9604166   3357       52.00
9608547   3357       23.72
9609337   3357       52.00
9609338   3357       23.72
9612692   3357       23.72
9614364   3357       52.00
9615563   3357       23.72
9615964   3357       23.72
9617493   3357       52.00
9620376   3357       23.72
9620701   3357       52.00
9620720   3357       52.00
9621777   3357       23.72
9622347   3357       23.72
9624596   3357       52.00
9625361   3357       23.72
9625933   3357       23.72
9626082   3357       23.72
9626215   3357       52.00
9627523   3357       23.72
9627724   3357       52.00
9634674   3357       23.72
9636806   3357       52.00
9638320   3357       23.72
9639201   3357       52.00
9845319   3357       52.00
9847068   3357       52.00
9848693   3357       52.00
9850403   3357       23.72
9851111   3357       23.72
