10107724  0357       35.63
10120357  0357      454.21
10121866  0357      552.79
10125466  0357      347.34
10126656  0357      302.81
10141786  0357      221.12
10312414  0357      347.34
10373550  0357      605.61
10639752  0357      347.34
10726693  0357      302.81
10760806  0357      347.34
10764554  0357      221.12
10770124  0357      302.81
10772668  0357      347.34
10774121  0357      221.12
10775520  0357      694.67
10776516  0357       35.63
10776915  0357      347.34
10777645  0357      454.21
10778464  0357      347.34
10784623  0357      302.81
10820078  0357      221.12
10840266  0357      302.81
10841061  0357      347.34
10841823  0357       35.63
10842205  0357      302.81
10843324  0357      757.02
10844575  0357       71.25
10844947  0357      757.02
10845717  0357      347.34
10845943  0357       35.63
10846474  0357      302.81
10846532  0357      221.12
10846629  0357      302.81
10846940  0357      605.61
10846985  0357      302.81
10847648  0357      347.34
10849906  0357      302.81
10849907  0357      221.12
10860593  0357      302.81
10903693  0357      347.34
10959957  0357      302.81
10960021  0357      302.81
10963442  0357      221.12
10963957  0357      221.12
10964062  0357      605.61
11163187  0357      347.34
11177533  0357      347.34
11260715  0357      302.81
11261772  0357       35.63
11262378  0357      302.81
11263756  0357      347.34
11264465  0357      302.81
11264550  0357      347.34
11265496  0357      302.81
11265527  0357      221.12
11266390  0357      605.61
11267811  0357      694.67
11267932  0357      694.67
11268437  0357       35.63
11269196  0357      132.11
11414487  0357      221.12
11425214  0357      302.81
11425449  0357      302.81
11426462  0357      347.34
11428034  0357      347.34
11428889  0357      757.02
11429539  0357      605.61
11429792  0357      347.34
11429991  0357      454.21
11430700  0357      302.81
11433167  0357      302.81
11433865  0357      605.61
11433968  0357      605.61
11434350  0357      302.81
11546168  0357      347.34
11580362  0357      221.12
11584952  0357      302.81
11586448  0357      221.12
11589730  0357      605.61
11594236  0357       35.63
11594524  0357      347.34
11596252  0357      302.81
11597667  0357      302.81
11598121  0357      347.34
11598207  0357      347.34
11598956  0357      347.34
11633896  0357      347.34
11645810  0357      302.81
11651035  0357      302.81
11651090  0357      302.81
11652405  0357      302.81
11653864  0357      302.81
11694358  0357      347.34
11694758  0357      302.81
11695394  0357      694.67
11749469  0357      302.81
11783201  0357      221.12
11783366  0357       35.63
11784637  0357      347.34
11786325  0357       35.63
11786432  0357      347.34
11787653  0357      605.61
11787807  0357      302.81
11788587  0357      442.23
11788630  0357      221.12
11790273  0357      302.81
11790818  0357      454.21
11791177  0357      302.81
11792127  0357      302.81
11792506  0357      347.34
11792846  0357      302.81
11878930  0357      302.81
11879419  0357      221.12
11879750  0357       35.63
11881224  0357       35.63
11881668  0357      868.34
11882080  0357      347.34
11882720  0357       35.63
11883300  0357      605.61
11949766  0357       35.63
12011761  0357       71.25
12018571  0357      521.00
12018729  0357      347.34
12018852  0357      302.81
12019816  0357      347.34
12020535  0357      132.11
12021559  0357      221.12
12021966  0357      302.81
12022428  0357      221.12
12023306  0357      132.11
12023981  0357      454.21
12024178  0357      302.81
12024179  0357      302.81
12025294  0357      454.21
12025488  0357      347.34
12025491  0357      347.34
12026565  0357      302.81
12027093  0357      302.81
12027527  0357      347.34
12027928  0357      347.34
12027973  0357      442.23
12080554  0357      302.81
12241212  0357      521.00
12242270  0357      302.81
12243077  0357      347.34
12244707  0357      347.34
12247738  0357      454.21
12248400  0357      868.34
12248755  0357      221.12
12248784  0357      694.67
12248960  0357      302.81
12249178  0357       35.63
12279667  0357      302.81
12314254  0357      330.27
12369466  0357      302.81
12370670  0357      132.11
12434895  0357      347.34
12435304  0357      302.81
12435757  0357      521.00
12435759  0357      757.02
12527456  0357      347.34
12534356  0357      302.81
12536172  0357      302.81
12536549  0357      132.11
12691465  0357      302.81
12698409  0357      347.34
12698965  0357      347.34
12700553  0357      347.34
12701276  0357      302.81
12701301  0357      868.34
12702273  0357      347.34
12704473  0357      347.34
12704482  0357      442.23
12704649  0357      302.81
12704927  0357      302.81
12705860  0357      302.81
12706171  0357      302.81
12706774  0357      442.23
12707136  0357      302.81
12848719  0357      302.81
12849330  0357      132.11
12851330  0357      302.81
12852888  0357      302.81
12858616  0357      454.21
12878256  0357      302.81
12884972  0357      302.81
12934142  0357      347.34
12934525  0357      347.34
12935305  0357      302.81
12935606  0357      302.81
13032012  0357      868.34
13032033  0357      302.81
13034237  0357      302.81
13035222  0357       35.63
13084488  0357      347.34
13084886  0357      347.34
13180551  0357      302.81
13187744  0357      605.61
13187816  0357      454.21
13188137  0357      347.34
13188604  0357      521.00
13264411  0357      302.81
13265462  0357      347.34
13265946  0357      454.21
13266369  0357      302.81
13268000  0357      694.67
13268185  0357      694.67
13268457  0357      347.34
13268537  0357      454.21
13343258  0357      347.34
13408041  0357      347.34
13510172  0357      347.34
13510180  0357      347.34
13519440  0357      347.34
13527636  0357      221.12
13566631  0357       35.63
13643981  0357      694.67
13643982  0357      521.00
13644051  0357      302.81
13644555  0357      868.34
13644665  0357      302.81
13644680  0357      552.79
13652653  0357      347.34
13674854  0357      221.12
13678214  0357      302.81
13678857  0357      347.34
13679940  0357      302.81
13724134  0357      454.21
13774187  0357      347.34
13774684  0357      302.81
13775452  0357      347.34
13775808  0357      347.34
13777181  0357      521.00
13785046  0357      347.34
13785661  0357      302.81
13785997  0357      347.34
13786181  0357      302.81
13787208  0357      302.81
13787741  0357      347.34
13842354  0357      302.81
13843775  0357      302.81
13856268  0357      302.81
13867427  0357      454.21
13868652  0357      302.81
13880177  0357      302.81
13880981  0357      302.81
13905892  0357      347.34
13986119  0357      302.81
13990906  0357      331.68
14003086  0357      347.34
14030527  0357      347.34
14031045  0357      302.81
14031497  0357      757.02
14093727  0357      454.21
14094806  0357      221.12
14143188  0357      347.34
14159223  0357      694.67
14176671  0357      302.81
14270811  0357      868.34
14293118  0357      454.21
14335445  0357      347.34
14335539  0357      302.81
14372299  0357      221.12
14372545  0357      347.34
14376347  0357      302.81
14398946  0357      302.81
14399267  0357      521.00
14405196  0357      302.81
14405401  0357      302.81
14513487  0357      347.34
14590375  0357      347.34
14607589  0357      521.00
14648947  0357      302.81
14649126  0357      347.34
14825867  0357      757.02
14877620  0357      302.81
14877805  0357      221.12
14877859  0357      132.11
14879597  0357      605.61
14879704  0357      868.34
14880827  0357      221.12
14880972  0357      605.61
15170350  0357      347.34
15177340  0357      221.12
15177867  0357      694.67
15306151  0357      868.34
15306996  0357      347.34
15351139  0357      302.81
15352095  0357      302.81
15444811  0357      221.12
15448608  0357      302.81
15597541  0357      347.34
15598043  0357      347.34
15598319  0357      302.81
15598510  0357      605.61
15598933  0357      347.34
15599928  0357      521.00
15668151  0357      605.61
15668851  0357      347.34
15690244  0357      347.34
15729233  0357      454.21
15729536  0357      868.34
15778630  0357      454.21
15885754  0357      347.34
15959808  0357      347.34
15961650  0357      347.34
16001576  0357      347.34
16137706  0357      347.34
16138119  0357      454.21
16324090  0357      302.81
16385667  0357      347.34
16387437  0357      605.61
16594051  0357      347.34
16641426  0357      347.34
16736267  0357      302.81
16770549  0357      302.81
16788972  0357      605.61
16796439  0357      694.67
17011869  0357      605.61
17012587  0357      757.02
17019549  0357      302.81
17033230  0357      347.34
17033256  0357      347.34
17104175  0357      454.21
17104709  0357      302.81
17306742  0357      347.34
17379215  0357      521.00
17380736  0357      347.34
17572385  0357      605.61
17574055  0357      347.34
17626132  0357      694.67
17727473  0357      347.34
17859806  0357      347.34
17859921  0357      694.67
17872590  0357      302.81
17942640  0357      302.81
17965237  0357      454.21
18054647  0357      302.81
18058393  0357      347.34
18059918  0357      302.81
18263579  0357      302.81
18263756  0357      302.81
18421508  0357      347.34
18422439  0357      605.61
18471327  0357      302.81
18618969  0357      347.34
18655916  0357      302.81
18656459  0357      454.21
18785684  0357      347.34
18928116  0357      347.34
18950730  0357      347.34
19166206  0357      868.34
19262723  0357      302.81
19324610  0357      605.61
19348247  0357      302.81
19424156  0357      605.61
19431369  0357      302.81
19827450  0357      347.34
19850185  0357      868.34
19886649  0357      757.02
19973112  0357      302.81
20046577  0357      694.67
20046584  0357      694.67
20187870  0357      694.67
20189202  0357      132.11
20235584  0357      694.67
20348834  0357      521.00
20351464  0357      605.61
21140944  0357      521.00
22326349  0357      347.34
3542004   0357      221.12
3858856   0357      221.12
4065584   0357      302.81
4107436   0357      347.34
4386936   0357      132.11
4720170   0357      521.00
4720923   0357      302.81
4721016   0357      347.34
4725919   0357      442.23
4727740   0357      347.34
4732618   0357      347.34
4734527   0357      347.34
4734940   0357      347.34
4739796   0357      221.12
4805842   0357      302.81
5017295   0357      347.34
5237805   0357      302.81
5244483   0357      347.34
5245261   0357      221.12
5249259   0357      302.81
5249817   0357      221.12
5252606   0357      442.23
5255567   0357      302.81
5255641   0357      221.12
5257421   0357      132.11
5257727   0357      757.02
5257774   0357      302.81
5261116   0357      347.34
5344986   0357      347.34
5436619   0357      221.12
5439480   0357      302.81
5439865   0357      330.27
5458236   0357      347.34
5688352   0357      302.81
5765952   0357      302.81
5779173   0357      302.81
5921800   0357      347.34
5923624   0357      221.12
5925143   0357      221.12
5929492   0357      302.81
5938995   0357      302.81
6044716   0357      454.21
6125595   0357      868.34
6238388   0357       35.63
6573855   0357      132.11
6573893   0357      347.34
6575243   0357      347.34
6575301   0357      302.81
6602322   0357      347.34
6634354   0357      302.81
6689708   0357      302.81
6690236   0357      302.81
6701343   0357      302.81
6701453   0357      302.81
6841910   0357      347.34
7076647   0357      302.81
7211860   0357      221.12
7240399   0357      302.81
7309317   0357      347.34
7309375   0357      347.34
7310425   0357      132.11
7314987   0357      132.11
7315048   0357      221.12
7315331   0357      302.81
7316059   0357      132.11
7316139   0357      221.12
7319649   0357      442.23
7321787   0357      347.34
7322304   0357      347.34
7322780   0357      347.34
7328421   0357      347.34
7330948   0357      302.81
7333145   0357      221.12
7335642   0357      302.81
7337778   0357      347.34
7338055   0357      132.11
7342107   0357      347.34
7343605   0357      347.34
7344290   0357      347.34
7344465   0357      694.67
7348137   0357      347.34
7349428   0357       89.07
7349843   0357      347.34
7350273   0357      347.34
7352317   0357      347.34
7353377   0357      302.81
7354064   0357      347.34
7359478   0357      221.12
7360346   0357      347.34
7360517   0357      302.81
7363652   0357      302.81
7365545   0357      347.34
7367276   0357      347.34
7368710   0357      694.67
7369018   0357      302.81
7371154   0357      302.81
7372156   0357      347.34
7373089   0357      347.34
7373215   0357      132.11
7374243   0357      347.34
7377030   0357      347.34
7377579   0357      302.81
7379256   0357      694.67
7380616   0357      347.34
7381553   0357      302.81
7382532   0357      347.34
7384964   0357      302.81
7387544   0357      605.61
7388038   0357      347.34
7388080   0357      302.81
7388125   0357      221.12
7388199   0357      521.00
7389581   0357      302.81
7391472   0357      347.34
7392153   0357      552.79
7393061   0357      347.34
7393144   0357      694.67
7396051   0357      454.21
7400031   0357      302.81
7401094   0357      302.81
7401853   0357      347.34
7403123   0357      347.34
7403188   0357      347.34
7403563   0357      347.34
7406353   0357      302.81
7408531   0357      302.81
7409730   0357      347.34
7410177   0357       35.63
7412535   0357      221.12
7412738   0357      347.34
7415285   0357       35.63
7415448   0357      302.81
7416870   0357      347.34
7417289   0357      694.67
7417791   0357      605.61
7418898   0357      347.34
7418939   0357      302.81
7419340   0357      347.34
7419800   0357      302.81
7419866   0357      868.34
7420316   0357      302.81
7420429   0357      221.12
7423108   0357      221.12
7423415   0357      302.81
7425063   0357      347.34
7425430   0357      302.81
7425900   0357      347.34
7426046   0357      302.81
7427359   0357      347.34
7427520   0357      302.81
7429274   0357      302.81
7432253   0357      221.12
7434591   0357      757.02
7435158   0357      868.34
7436077   0357      694.67
7436996   0357      302.81
7437806   0357      347.34
7437808   0357      347.34
7438450   0357      302.81
7439597   0357      264.21
7439617   0357      302.81
7439629   0357      302.81
7442445   0357      302.81
7444497   0357      521.00
7444651   0357      221.12
7444842   0357      302.81
7444889   0357      264.21
7445661   0357      347.34
7446382   0357      221.12
7446644   0357      302.81
7447067   0357      757.02
7447334   0357      132.11
7447992   0357      347.34
7449457   0357      347.34
7461704   0357      302.81
7465820   0357      757.02
7465910   0357      302.81
7917981   0357      302.81
7981510   0357      221.12
7982728   0357      347.34
7982865   0357      221.12
7983170   0357      347.34
7984159   0357      302.81
8069571   0357      302.81
8594315   0357      302.81
8718789   0357      605.61
8734286   0357      221.12
9211039   0357      347.34
9261804   0357      221.12
9317884   0357      442.23
9433060   0357      302.81
9540404   0357      221.12
9540845   0357      198.16
9542018   0357      552.79
9542237   0357      347.34
9544179   0357      302.81
9544345   0357      347.34
9544429   0357      221.12
9544827   0357      221.12
9546474   0357      302.81
9551389   0357      302.81
9553047   0357      347.34
9553149   0357      347.34
9555609   0357      347.34
9555641   0357      302.81
9557148   0357      264.21
9557803   0357      347.34
9557875   0357      347.34
9558628   0357      347.34
9560453   0357      347.34
9572755   0357      302.81
9601343   0357      757.02
9603154   0357      347.34
9603683   0357      302.81
9604166   0357      347.34
9604592   0357       53.44
9608547   0357      302.81
9609337   0357      347.34
9609338   0357      605.61
9612692   0357      302.81
9614364   0357      694.67
9615563   0357      302.81
9615964   0357      302.81
9617493   0357      694.67
9620242   0357      442.23
9620248   0357      264.21
9620376   0357      302.81
9620599   0357      221.12
9620701   0357      347.34
9620720   0357      347.34
9621777   0357      302.81
9622347   0357      302.81
9624370   0357       35.63
9624596   0357      347.34
9625361   0357      302.81
9625933   0357      605.61
9626082   0357      302.81
9626215   0357      347.34
9627150   0357      552.79
9627523   0357      605.61
9627724   0357      347.34
9629963   0357      221.12
9631462   0357      221.12
9634674   0357      302.81
9636806   0357      347.34
9638320   0357      302.81
9639201   0357      347.34
9845319   0357      347.34
9846320   0357      221.12
9847068   0357      347.34
9850403   0357      302.81
9851111   0357      302.81
10107724  3357       35.63
10120357  3357      302.81
10121866  3357      221.12
10125466  3357      347.34
10126656  3357      302.81
10141786  3357      221.12
10312414  3357      347.34
10373550  3357      302.81
10639752  3357      347.34
10726693  3357      302.81
10760806  3357      347.34
10764554  3357      221.12
10770124  3357      302.81
10772668  3357      347.34
10774121  3357      221.12
10775520  3357      347.34
10776516  3357       35.63
10776915  3357      347.34
10777645  3357      302.81
10778464  3357      347.34
10784623  3357      302.81
10820078  3357      221.12
10840266  3357      302.81
10841061  3357      347.34
10841823  3357       35.63
10842205  3357      302.81
10843324  3357      302.81
10844575  3357       35.63
10844947  3357      302.81
10845717  3357      347.34
10845943  3357       35.63
10846474  3357      302.81
10846532  3357      221.12
10846629  3357      302.81
10846940  3357      302.81
10846985  3357      302.81
10847648  3357      347.34
10849906  3357      302.81
10849907  3357      221.12
10860593  3357      302.81
10903693  3357      347.34
10959957  3357      302.81
10960021  3357      302.81
10963442  3357      221.12
10963957  3357      221.12
10964062  3357      302.81
11163187  3357      347.34
11177533  3357      347.34
11260715  3357      302.81
11261772  3357       35.63
11262378  3357      302.81
11263756  3357      347.34
11264465  3357      302.81
11264550  3357      347.34
11265496  3357      302.81
11265527  3357      221.12
11266390  3357      302.81
11267811  3357      347.34
11267932  3357      347.34
11268437  3357       35.63
11269196  3357      132.11
11414487  3357      221.12
11425214  3357      302.81
11425449  3357      302.81
11426462  3357      347.34
11428034  3357      347.34
11428889  3357      302.81
11429539  3357      302.81
11429792  3357      347.34
11429991  3357      302.81
11430700  3357      302.81
11433167  3357      302.81
11433865  3357      302.81
11433968  3357      302.81
11434350  3357      302.81
11546168  3357      347.34
11580362  3357      221.12
11584952  3357      302.81
11586448  3357      221.12
11589730  3357      302.81
11594236  3357       35.63
11594524  3357      347.34
11596252  3357      302.81
11597667  3357      302.81
11598121  3357      347.34
11598207  3357      347.34
11598956  3357      347.34
11633896  3357      347.34
11645810  3357      302.81
11651035  3357      302.81
11651090  3357      302.81
11652405  3357      302.81
11653864  3357      302.81
11694358  3357      347.34
11694758  3357      302.81
11695394  3357      347.34
11749469  3357      302.81
11783201  3357      221.12
11783366  3357       35.63
11784637  3357      347.34
11786325  3357       35.63
11786432  3357      347.34
11787653  3357      302.81
11787807  3357      302.81
11788587  3357      221.12
11788630  3357      221.12
11790273  3357      302.81
11790818  3357      302.81
11791177  3357      302.81
11792127  3357      302.81
11792506  3357      347.34
11792846  3357      302.81
11878930  3357      302.81
11879419  3357      221.12
11879750  3357       35.63
11881224  3357       35.63
11881668  3357      347.34
11882080  3357      347.34
11882720  3357       35.63
11883300  3357      302.81
11949766  3357       35.63
12011761  3357       35.63
12018571  3357      347.34
12018729  3357      347.34
12018852  3357      302.81
12019816  3357      347.34
12020535  3357      132.11
12021559  3357      221.12
12021966  3357      302.81
12022428  3357      221.12
12023306  3357      132.11
12023981  3357      302.81
12024178  3357      302.81
12024179  3357      302.81
12025294  3357      302.81
12025488  3357      347.34
12025491  3357      347.34
12026565  3357      302.81
12027093  3357      302.81
12027527  3357      347.34
12027928  3357      347.34
12027973  3357      221.12
12080554  3357      302.81
12241212  3357      347.34
12242270  3357      302.81
12243077  3357      347.34
12244707  3357      347.34
12247738  3357      302.81
12248400  3357      347.34
12248755  3357      221.12
12248784  3357      347.34
12248960  3357      302.81
12249178  3357       35.63
12279667  3357      302.81
12314254  3357      132.11
12369466  3357      302.81
12370670  3357      132.11
12434895  3357      347.34
12435304  3357      302.81
12435757  3357      347.34
12435759  3357      302.81
12527456  3357      347.34
12534356  3357      302.81
12536172  3357      302.81
12536549  3357      132.11
12691465  3357      302.81
12698409  3357      347.34
12698965  3357      347.34
12700553  3357      347.34
12701276  3357      302.81
12701301  3357      347.34
12702273  3357      347.34
12704473  3357      347.34
12704482  3357      221.12
12704649  3357      302.81
12704927  3357      302.81
12705860  3357      302.81
12706171  3357      302.81
12706774  3357      221.12
12707136  3357      302.81
12848719  3357      302.81
12849330  3357      132.11
12851330  3357      302.81
12852888  3357      302.81
12858616  3357      302.81
12878256  3357      302.81
12884972  3357      302.81
12934142  3357      347.34
12934525  3357      347.34
12935305  3357      302.81
12935606  3357      302.81
13032012  3357      347.34
13032033  3357      302.81
13034237  3357      302.81
13035222  3357       35.63
13084488  3357      347.34
13084886  3357      347.34
13180551  3357      302.81
13187744  3357      302.81
13187816  3357      302.81
13188137  3357      347.34
13188604  3357      347.34
13264411  3357      302.81
13265462  3357      347.34
13265946  3357      302.81
13266369  3357      302.81
13268000  3357      347.34
13268185  3357      347.34
13268457  3357      347.34
13268537  3357      302.81
13343258  3357      347.34
13408041  3357      347.34
13510172  3357      347.34
13510180  3357      347.34
13519440  3357      347.34
13527636  3357      221.12
13566631  3357       35.63
13643981  3357      347.34
13643982  3357      347.34
13644051  3357      302.81
13644555  3357      347.34
13644665  3357      302.81
13644680  3357      221.12
13652653  3357      347.34
13674854  3357      221.12
13678214  3357      302.81
13678857  3357      347.34
13679940  3357      302.81
13724134  3357      302.81
13774187  3357      347.34
13774684  3357      302.81
13775452  3357      347.34
13775808  3357      347.34
13777181  3357      347.34
13785046  3357      347.34
13785661  3357      302.81
13785997  3357      347.34
13786181  3357      302.81
13787208  3357      302.81
13787741  3357      347.34
13842354  3357      302.81
13843775  3357      302.81
13856268  3357      302.81
13867427  3357      302.81
13868652  3357      302.81
13880177  3357      302.81
13880981  3357      302.81
13905892  3357      347.34
13986119  3357      302.81
13990906  3357      221.12
14003086  3357      347.34
14030527  3357      347.34
14031045  3357      302.81
14031497  3357      302.81
14093727  3357      302.81
14094806  3357      221.12
14143188  3357      347.34
14159223  3357      347.34
14176671  3357      302.81
14270811  3357      347.34
14293118  3357      302.81
14335445  3357      347.34
14335539  3357      302.81
14372299  3357      221.12
14372545  3357      347.34
14376347  3357      302.81
14398946  3357      302.81
14399267  3357      347.34
14405196  3357      302.81
14405401  3357      302.81
14513487  3357      347.34
14590375  3357      347.34
14607589  3357      347.34
14648947  3357      302.81
14649126  3357      347.34
14825867  3357      302.81
14877620  3357      302.81
14877805  3357      221.12
14877859  3357      132.11
14879597  3357      302.81
14879704  3357      347.34
14880827  3357      221.12
14880972  3357      302.81
15170350  3357      347.34
15177340  3357      221.12
15177867  3357      347.34
15306151  3357      347.34
15306996  3357      347.34
15351139  3357      302.81
15352095  3357      302.81
15444811  3357      221.12
15448608  3357      302.81
15597541  3357      347.34
15598043  3357      347.34
15598319  3357      302.81
15598510  3357      302.81
15598933  3357      347.34
15599928  3357      347.34
15668151  3357      302.81
15668851  3357      347.34
15690244  3357      347.34
15729233  3357      302.81
15729536  3357      347.34
15778630  3357      302.81
15885754  3357      347.34
15959808  3357      347.34
15961650  3357      347.34
16001576  3357      347.34
16137706  3357      347.34
16138119  3357      302.81
16324090  3357      302.81
16385667  3357      347.34
16387437  3357      302.81
16594051  3357      347.34
16641426  3357      347.34
16736267  3357      302.81
16770549  3357      302.81
16788972  3357      302.81
16796439  3357      347.34
17011869  3357      302.81
17012587  3357      302.81
17019549  3357      302.81
17033230  3357      347.34
17033256  3357      347.34
17104175  3357      302.81
17104709  3357      302.81
17306742  3357      347.34
17379215  3357      347.34
17380736  3357      347.34
17572385  3357      302.81
17574055  3357      347.34
17626132  3357      347.34
17727473  3357      347.34
17859806  3357      347.34
17859921  3357      347.34
17872590  3357      302.81
17942640  3357      302.81
17965237  3357      302.81
18054647  3357      302.81
18058393  3357      347.34
18059918  3357      302.81
18263579  3357      302.81
18263756  3357      302.81
18421508  3357      347.34
18422439  3357      302.81
18471327  3357      302.81
18618969  3357      347.34
18655916  3357      302.81
18656459  3357      302.81
18785684  3357      347.34
18928116  3357      347.34
18950730  3357      347.34
19166206  3357      347.34
19262723  3357      302.81
19324610  3357      302.81
19348247  3357      302.81
19424156  3357      302.81
19431369  3357      302.81
19827450  3357      347.34
19850185  3357      347.34
19886649  3357      302.81
19973112  3357      302.81
20046577  3357      347.34
20046584  3357      347.34
20187870  3357      347.34
20189202  3357      132.11
20235584  3357      347.34
20348834  3357      347.34
20351464  3357      302.81
21140944  3357      347.34
22326349  3357      347.34
3542004   3357      221.12
3858856   3357      221.12
4065584   3357      302.81
4107436   3357      347.34
4386936   3357      132.11
4720170   3357      347.34
4720923   3357      302.81
4721016   3357      347.34
4725919   3357      221.12
4727740   3357      347.34
4732618   3357      347.34
4734527   3357      347.34
4734940   3357      347.34
4739796   3357      221.12
4805842   3357      302.81
5017295   3357      347.34
5237805   3357      302.81
5244483   3357      347.34
5245261   3357      221.12
5249259   3357      302.81
5249817   3357      221.12
5252606   3357      221.12
5255567   3357      302.81
5255641   3357      221.12
5257421   3357      132.11
5257727   3357      302.81
5257774   3357      302.81
5261116   3357      347.34
5344986   3357      347.34
5436619   3357      221.12
5439480   3357      302.81
5439865   3357      132.11
5458236   3357      347.34
5688352   3357      302.81
5765952   3357      302.81
5779173   3357      302.81
5921800   3357      347.34
5923624   3357      221.12
5925143   3357      221.12
5929492   3357      302.81
5938995   3357      302.81
6044716   3357      302.81
6125595   3357      347.34
6238388   3357       35.63
6573855   3357      132.11
6573893   3357      347.34
6575243   3357      347.34
6575301   3357      302.81
6602322   3357      347.34
6634354   3357      302.81
6689708   3357      302.81
6690236   3357      302.81
6701343   3357      302.81
6701453   3357      302.81
6841910   3357      347.34
7076647   3357      302.81
7211860   3357      221.12
7240399   3357      302.81
7309317   3357      347.34
7309375   3357      347.34
7310425   3357      132.11
7314987   3357      132.11
7315048   3357      221.12
7315331   3357      302.81
7316059   3357      132.11
7316139   3357      221.12
7319649   3357      221.12
7321787   3357      347.34
7322304   3357      347.34
7322780   3357      347.34
7328421   3357      347.34
7330948   3357      302.81
7333145   3357      221.12
7335642   3357      302.81
7337778   3357      347.34
7338055   3357      132.11
7342107   3357      347.34
7343605   3357      347.34
7344290   3357      347.34
7344465   3357      347.34
7348137   3357      347.34
7349428   3357       35.63
7349843   3357      347.34
7350273   3357      347.34
7352317   3357      347.34
7353377   3357      302.81
7354064   3357      347.34
7359478   3357      221.12
7360346   3357      347.34
7360517   3357      302.81
7363652   3357      302.81
7365545   3357      347.34
7367276   3357      347.34
7368710   3357      347.34
7369018   3357      302.81
7371154   3357      302.81
7372156   3357      347.34
7373089   3357      347.34
7373215   3357      132.11
7374243   3357      347.34
7377030   3357      347.34
7377579   3357      302.81
7379256   3357      347.34
7380616   3357      347.34
7381553   3357      302.81
7382532   3357      347.34
7384964   3357      302.81
7387544   3357      302.81
7388038   3357      347.34
7388080   3357      302.81
7388125   3357      221.12
7388199   3357      347.34
7389581   3357      302.81
7391472   3357      347.34
7392153   3357      221.12
7393061   3357      347.34
7393144   3357      347.34
7396051   3357      302.81
7400031   3357      302.81
7401094   3357      302.81
7401853   3357      347.34
7403123   3357      347.34
7403188   3357      347.34
7403563   3357      347.34
7406353   3357      302.81
7408531   3357      302.81
7409730   3357      347.34
7410177   3357       35.63
7412535   3357      221.12
7412738   3357      347.34
7415285   3357       35.63
7415448   3357      302.81
7416870   3357      347.34
7417289   3357      347.34
7417791   3357      302.81
7418898   3357      347.34
7418939   3357      302.81
7419340   3357      347.34
7419800   3357      302.81
7419866   3357      347.34
7420316   3357      302.81
7420429   3357      221.12
7423108   3357      221.12
7423415   3357      302.81
7425063   3357      347.34
7425430   3357      302.81
7425900   3357      347.34
7426046   3357      302.81
7427359   3357      347.34
7427520   3357      302.81
7429274   3357      302.81
7432253   3357      221.12
7434591   3357      302.81
7435158   3357      347.34
7436077   3357      347.34
7436996   3357      302.81
7437806   3357      347.34
7437808   3357      347.34
7438450   3357      302.81
7439597   3357      132.11
7439617   3357      302.81
7439629   3357      302.81
7442445   3357      302.81
7444497   3357      347.34
7444651   3357      221.12
7444842   3357      302.81
7444889   3357      132.11
7445661   3357      347.34
7446382   3357      221.12
7446644   3357      302.81
7447067   3357      302.81
7447334   3357      132.11
7447992   3357      347.34
7449457   3357      347.34
7461704   3357      302.81
7465820   3357      302.81
7465910   3357      302.81
7917981   3357      302.81
7981510   3357      221.12
7982728   3357      347.34
7982865   3357      221.12
7983170   3357      347.34
7984159   3357      302.81
8069571   3357      302.81
8594315   3357      302.81
8718789   3357      302.81
8734286   3357      221.12
9211039   3357      347.34
9261804   3357      221.12
9317884   3357      221.12
9433060   3357      302.81
9540404   3357      221.12
9540845   3357      132.11
9542018   3357      221.12
9542237   3357      347.34
9544179   3357      302.81
9544345   3357      347.34
9544429   3357      221.12
9544827   3357      221.12
9546474   3357      302.81
9551389   3357      302.81
9553047   3357      347.34
9553149   3357      347.34
9555609   3357      347.34
9555641   3357      302.81
9557148   3357      132.11
9557803   3357      347.34
9557875   3357      347.34
9558628   3357      347.34
9560453   3357      347.34
9572755   3357      302.81
9601343   3357      302.81
9603154   3357      347.34
9603683   3357      302.81
9604166   3357      347.34
9604592   3357       35.63
9608547   3357      302.81
9609337   3357      347.34
9609338   3357      302.81
9612692   3357      302.81
9614364   3357      347.34
9615563   3357      302.81
9615964   3357      302.81
9617493   3357      347.34
9620242   3357      221.12
9620248   3357      132.11
9620376   3357      302.81
9620599   3357      221.12
9620701   3357      347.34
9620720   3357      347.34
9621777   3357      302.81
9622347   3357      302.81
9624370   3357       35.63
9624596   3357      347.34
9625361   3357      302.81
9625933   3357      302.81
9626082   3357      302.81
9626215   3357      347.34
9627150   3357      221.12
9627523   3357      302.81
9627724   3357      347.34
9629963   3357      221.12
9631462   3357      221.12
9634674   3357      302.81
9636806   3357      347.34
9638320   3357      302.81
9639201   3357      347.34
9845319   3357      347.34
9846320   3357      221.12
9847068   3357      347.34
9850403   3357      302.81
9851111   3357      302.81
