10125466  0357       37.07
10312414  0357       37.07
10639752  0357       37.07
10760806  0357       37.07
10772668  0357       37.07
10775520  0357       74.14
10776915  0357       37.07
10778464  0357       37.07
10841061  0357       37.07
10845717  0357       37.07
10847648  0357       37.07
10903693  0357       37.07
11163187  0357       37.07
11177533  0357       37.07
11263756  0357       37.07
11264550  0357       37.07
11267811  0357       74.14
11267932  0357       74.14
11426462  0357       37.07
11428034  0357       37.07
11429792  0357       37.07
11546168  0357       37.07
11594524  0357       37.07
11598121  0357       37.07
11598207  0357       37.07
11598956  0357       37.07
11633896  0357       37.07
11694358  0357       37.07
11695394  0357       74.14
11784637  0357       37.07
11786432  0357       37.07
11792506  0357       37.07
11881668  0357       92.68
11882080  0357       37.07
12018571  0357       55.61
12018729  0357       37.07
12019816  0357       37.07
12025488  0357       37.07
12025491  0357       37.07
12027527  0357       37.07
12027928  0357       37.07
12241212  0357       55.61
12243077  0357       37.07
12244707  0357       37.07
12248400  0357       92.68
12248784  0357       74.14
12434895  0357       37.07
12435757  0357       55.61
12527456  0357       37.07
12698409  0357       37.07
12698965  0357       37.07
12700553  0357       37.07
12701301  0357       92.68
12702273  0357       37.07
12704473  0357       37.07
12934142  0357       37.07
12934525  0357       37.07
13032012  0357       92.68
13084488  0357       37.07
13084886  0357       37.07
13188137  0357       37.07
13188604  0357       55.61
13265462  0357       37.07
13268000  0357       74.14
13268185  0357       74.14
13268457  0357       37.07
13343258  0357       37.07
13408041  0357       37.07
13510172  0357       37.07
13510180  0357       37.07
13519440  0357       37.07
13643981  0357       74.14
13643982  0357       55.61
13644555  0357       92.68
13652653  0357       37.07
13678857  0357       37.07
13774187  0357       37.07
13775452  0357       37.07
13775808  0357       37.07
13777181  0357       55.61
13785046  0357       37.07
13785997  0357       37.07
13787741  0357       37.07
13905892  0357       37.07
14003086  0357       37.07
14030527  0357       37.07
14143188  0357       37.07
14159223  0357       74.14
14270811  0357       92.68
14335445  0357       37.07
14372545  0357       37.07
14399267  0357       55.61
14513487  0357       37.07
14590375  0357       37.07
14607589  0357       55.61
14649126  0357       37.07
14879704  0357       92.68
15170350  0357       37.07
15177867  0357       74.14
15306151  0357       92.68
15306996  0357       37.07
15597541  0357       37.07
15598043  0357       37.07
15598933  0357       37.07
15599928  0357       55.61
15668851  0357       37.07
15690244  0357       37.07
15729536  0357       92.68
15885754  0357       37.07
15959808  0357       37.07
15961650  0357       37.07
16001576  0357       37.07
16137706  0357       37.07
16385667  0357       37.07
16594051  0357       37.07
16641426  0357       37.07
16796439  0357       74.14
17033230  0357       37.07
17033256  0357       37.07
17306742  0357       37.07
17379215  0357       55.61
17380736  0357       37.07
17574055  0357       37.07
17626132  0357       74.14
17727473  0357       37.07
17859806  0357       37.07
17859921  0357       74.14
18058393  0357       37.07
18421508  0357       37.07
18618969  0357       37.07
18785684  0357       37.07
18928116  0357       37.07
18950730  0357       37.07
19166206  0357       92.68
19827450  0357       37.07
19850185  0357       92.68
20046577  0357       74.14
20046584  0357       74.14
20187870  0357       74.14
20235584  0357       74.14
20348834  0357       55.61
21140944  0357       55.61
22326349  0357       37.07
4107436   0357       37.07
4720170   0357       55.61
4721016   0357       37.07
4727740   0357       37.07
4732618   0357       37.07
4734527   0357       37.07
4734940   0357       37.07
5017295   0357       37.07
5244483   0357       37.07
5261116   0357       37.07
5344986   0357       37.07
5458236   0357       37.07
5921800   0357       37.07
6125595   0357       92.68
6573893   0357       37.07
6575243   0357       37.07
6602322   0357       37.07
6841910   0357       37.07
7309317   0357       37.07
7309375   0357       37.07
7321787   0357       37.07
7322304   0357       37.07
7322780   0357       37.07
7328421   0357       37.07
7337778   0357       37.07
7342107   0357       37.07
7343605   0357       37.07
7344290   0357       37.07
7344465   0357       74.14
7348137   0357       37.07
7349843   0357       37.07
7350273   0357       37.07
7352317   0357       37.07
7354064   0357       37.07
7360346   0357       37.07
7365545   0357       37.07
7367276   0357       37.07
7368710   0357       74.14
7372156   0357       37.07
7373089   0357       37.07
7374243   0357       37.07
7377030   0357       37.07
7379256   0357       74.14
7380616   0357       37.07
7382532   0357       37.07
7388038   0357       37.07
7388199   0357       55.61
7391472   0357       37.07
7393061   0357       37.07
7393144   0357       74.14
7401853   0357       37.07
7403123   0357       37.07
7403188   0357       37.07
7403563   0357       37.07
7409730   0357       37.07
7412738   0357       37.07
7416870   0357       37.07
7417289   0357       74.14
7418898   0357       37.07
7419340   0357       37.07
7419866   0357       92.68
7425063   0357       37.07
7425900   0357       37.07
7427359   0357       37.07
7435158   0357       92.68
7436077   0357       74.14
7437806   0357       37.07
7437808   0357       37.07
7444497   0357       55.61
7445661   0357       37.07
7447992   0357       37.07
7449457   0357       37.07
7982728   0357       37.07
7983170   0357       37.07
9211039   0357       37.07
9542237   0357       37.07
9544345   0357       37.07
9553047   0357       37.07
9553149   0357       37.07
9555609   0357       37.07
9557803   0357       37.07
9557875   0357       37.07
9558628   0357       37.07
9560453   0357       37.07
9603154   0357       37.07
9604166   0357       37.07
9609337   0357       37.07
9614364   0357       74.14
9617493   0357       74.14
9620701   0357       37.07
9620720   0357       37.07
9624596   0357       37.07
9626215   0357       37.07
9627724   0357       37.07
9636806   0357       37.07
9639201   0357       37.07
9845319   0357       37.07
9847068   0357       37.07
10125466  3357       37.07
10312414  3357       37.07
10639752  3357       37.07
10760806  3357       37.07
10772668  3357       37.07
10775520  3357       37.07
10776915  3357       37.07
10778464  3357       37.07
10841061  3357       37.07
10845717  3357       37.07
10847648  3357       37.07
10903693  3357       37.07
11163187  3357       37.07
11177533  3357       37.07
11263756  3357       37.07
11264550  3357       37.07
11267811  3357       37.07
11267932  3357       37.07
11426462  3357       37.07
11428034  3357       37.07
11429792  3357       37.07
11546168  3357       37.07
11594524  3357       37.07
11598121  3357       37.07
11598207  3357       37.07
11598956  3357       37.07
11633896  3357       37.07
11694358  3357       37.07
11695394  3357       37.07
11784637  3357       37.07
11786432  3357       37.07
11792506  3357       37.07
11881668  3357       37.07
11882080  3357       37.07
12018571  3357       37.07
12018729  3357       37.07
12019816  3357       37.07
12025488  3357       37.07
12025491  3357       37.07
12027527  3357       37.07
12027928  3357       37.07
12241212  3357       37.07
12243077  3357       37.07
12244707  3357       37.07
12248400  3357       37.07
12248784  3357       37.07
12434895  3357       37.07
12435757  3357       37.07
12527456  3357       37.07
12698409  3357       37.07
12698965  3357       37.07
12700553  3357       37.07
12701301  3357       37.07
12702273  3357       37.07
12704473  3357       37.07
12934142  3357       37.07
12934525  3357       37.07
13032012  3357       37.07
13084488  3357       37.07
13084886  3357       37.07
13188137  3357       37.07
13188604  3357       37.07
13265462  3357       37.07
13268000  3357       37.07
13268185  3357       37.07
13268457  3357       37.07
13343258  3357       37.07
13408041  3357       37.07
13510172  3357       37.07
13510180  3357       37.07
13519440  3357       37.07
13643981  3357       37.07
13643982  3357       37.07
13644555  3357       37.07
13652653  3357       37.07
13678857  3357       37.07
13774187  3357       37.07
13775452  3357       37.07
13775808  3357       37.07
13777181  3357       37.07
13785046  3357       37.07
13785997  3357       37.07
13787741  3357       37.07
13905892  3357       37.07
14003086  3357       37.07
14030527  3357       37.07
14143188  3357       37.07
14159223  3357       37.07
14270811  3357       37.07
14335445  3357       37.07
14372545  3357       37.07
14399267  3357       37.07
14513487  3357       37.07
14590375  3357       37.07
14607589  3357       37.07
14649126  3357       37.07
14879704  3357       37.07
15170350  3357       37.07
15177867  3357       37.07
15306151  3357       37.07
15306996  3357       37.07
15597541  3357       37.07
15598043  3357       37.07
15598933  3357       37.07
15599928  3357       37.07
15668851  3357       37.07
15690244  3357       37.07
15729536  3357       37.07
15885754  3357       37.07
15959808  3357       37.07
15961650  3357       37.07
16001576  3357       37.07
16137706  3357       37.07
16385667  3357       37.07
16594051  3357       37.07
16641426  3357       37.07
16796439  3357       37.07
17033230  3357       37.07
17033256  3357       37.07
17306742  3357       37.07
17379215  3357       37.07
17380736  3357       37.07
17574055  3357       37.07
17626132  3357       37.07
17727473  3357       37.07
17859806  3357       37.07
17859921  3357       37.07
18058393  3357       37.07
18421508  3357       37.07
18618969  3357       37.07
18785684  3357       37.07
18928116  3357       37.07
18950730  3357       37.07
19166206  3357       37.07
19827450  3357       37.07
19850185  3357       37.07
20046577  3357       37.07
20046584  3357       37.07
20187870  3357       37.07
20235584  3357       37.07
20348834  3357       37.07
21140944  3357       37.07
22326349  3357       37.07
4107436   3357       37.07
4720170   3357       37.07
4721016   3357       37.07
4727740   3357       37.07
4732618   3357       37.07
4734527   3357       37.07
4734940   3357       37.07
5017295   3357       37.07
5244483   3357       37.07
5261116   3357       37.07
5344986   3357       37.07
5458236   3357       37.07
5921800   3357       37.07
6125595   3357       37.07
6573893   3357       37.07
6575243   3357       37.07
6602322   3357       37.07
6841910   3357       37.07
7309317   3357       37.07
7309375   3357       37.07
7321787   3357       37.07
7322304   3357       37.07
7322780   3357       37.07
7328421   3357       37.07
7337778   3357       37.07
7342107   3357       37.07
7343605   3357       37.07
7344290   3357       37.07
7344465   3357       37.07
7348137   3357       37.07
7349843   3357       37.07
7350273   3357       37.07
7352317   3357       37.07
7354064   3357       37.07
7360346   3357       37.07
7365545   3357       37.07
7367276   3357       37.07
7368710   3357       37.07
7372156   3357       37.07
7373089   3357       37.07
7374243   3357       37.07
7377030   3357       37.07
7379256   3357       37.07
7380616   3357       37.07
7382532   3357       37.07
7388038   3357       37.07
7388199   3357       37.07
7391472   3357       37.07
7393061   3357       37.07
7393144   3357       37.07
7401853   3357       37.07
7403123   3357       37.07
7403188   3357       37.07
7403563   3357       37.07
7409730   3357       37.07
7412738   3357       37.07
7416870   3357       37.07
7417289   3357       37.07
7418898   3357       37.07
7419340   3357       37.07
7419866   3357       37.07
7425063   3357       37.07
7425900   3357       37.07
7427359   3357       37.07
7435158   3357       37.07
7436077   3357       37.07
7437806   3357       37.07
7437808   3357       37.07
7444497   3357       37.07
7445661   3357       37.07
7447992   3357       37.07
7449457   3357       37.07
7982728   3357       37.07
7983170   3357       37.07
9211039   3357       37.07
9542237   3357       37.07
9544345   3357       37.07
9553047   3357       37.07
9553149   3357       37.07
9555609   3357       37.07
9557803   3357       37.07
9557875   3357       37.07
9558628   3357       37.07
9560453   3357       37.07
9603154   3357       37.07
9604166   3357       37.07
9609337   3357       37.07
9614364   3357       37.07
9617493   3357       37.07
9620701   3357       37.07
9620720   3357       37.07
9624596   3357       37.07
9626215   3357       37.07
9627724   3357       37.07
9636806   3357       37.07
9639201   3357       37.07
9845319   3357       37.07
9847068   3357       37.07
