10107724  0357      195.94
10120357  0357      240.44
10121866  0357      428.00
10125466  0357      149.42
10126656  0357      160.30
10141786  0357      171.20
10312414  0357      149.42
10373550  0357      320.62
10639752  0357      149.42
10726693  0357      160.30
10760806  0357      149.42
10764554  0357      171.20
10770124  0357      160.30
10772668  0357      149.42
10774121  0357      171.20
10775520  0357      298.86
10776516  0357      195.94
10776915  0357      149.42
10777645  0357      240.44
10778464  0357      149.42
10779723  0357      272.46
10784623  0357      160.30
10820078  0357      171.20
10840266  0357      160.30
10841061  0357      149.42
10841823  0357      195.94
10842205  0357      160.30
10843324  0357      400.77
10844575  0357      391.86
10844947  0357      400.77
10845717  0357      149.42
10845943  0357      195.94
10846474  0357      160.30
10846532  0357      171.20
10846629  0357      160.30
10846940  0357      320.62
10846985  0357      160.30
10847648  0357      149.42
10848158  0357      314.95
10849906  0357      160.30
10849907  0357      171.20
10860593  0357      160.30
10903693  0357      149.42
10959957  0357      160.30
10960021  0357      160.30
10963442  0357      171.20
10963957  0357      171.20
10964062  0357      320.62
1108218   0357      204.08
1112379   0357      204.76
1115136   0357      269.07
11163187  0357      149.42
11177533  0357      149.42
11260715  0357      160.30
11261772  0357      195.94
11262378  0357      160.30
11263756  0357      149.42
11264465  0357      160.30
11264550  0357      149.42
11265496  0357      160.30
11265527  0357      171.20
11266390  0357      320.62
11267811  0357      298.86
11267932  0357      298.86
11268437  0357      195.94
11269196  0357      183.06
1129535   0357      204.44
11414487  0357      171.20
11425214  0357      160.30
11425449  0357      160.30
11426462  0357      149.42
11428034  0357      149.42
11428889  0357      400.77
11429539  0357      320.62
11429792  0357      149.42
11429991  0357      240.44
11430700  0357      160.30
11433167  0357      160.30
11433865  0357      320.62
11433968  0357      320.62
11434350  0357      160.30
11546168  0357      149.42
11580362  0357      171.20
11584952  0357      160.30
11586448  0357      171.20
11589730  0357      320.62
11594236  0357      195.94
11594524  0357      149.42
11596252  0357      160.30
11597667  0357      160.30
11598121  0357      149.42
11598207  0357      149.42
11598956  0357      149.42
11633896  0357      149.42
11645810  0357      160.30
11651035  0357      160.30
11651090  0357      160.30
11652405  0357      160.30
11653864  0357      160.30
11694358  0357      149.42
11694758  0357      160.30
11695394  0357      298.86
11749469  0357      160.30
11783201  0357      171.20
11783366  0357      195.94
11784637  0357      149.42
11786325  0357      195.94
11786432  0357      149.42
11787653  0357      320.62
11787807  0357      160.30
11788587  0357      342.40
11788630  0357      171.20
11790273  0357      160.30
11790818  0357      240.44
11791177  0357      160.30
11792127  0357      160.30
11792506  0357      149.42
11792846  0357      160.30
11878930  0357      160.30
11879419  0357      171.20
11879750  0357      195.94
11881224  0357      195.94
11881668  0357      373.57
11881669  0357      267.80
11882080  0357      149.42
11882720  0357      195.94
11883300  0357      320.62
11949766  0357      195.94
12011761  0357      391.86
12018571  0357      224.12
12018729  0357      149.42
12018852  0357      160.30
12019816  0357      149.42
12020535  0357      183.06
12021559  0357      171.20
12021966  0357      160.30
12022428  0357      171.20
12023306  0357      183.06
12023981  0357      240.44
12024178  0357      160.30
12024179  0357      160.30
12025294  0357      240.44
12025488  0357      149.42
12025491  0357      149.42
12026565  0357      160.30
12027093  0357      160.30
12027260  0357      283.21
12027527  0357      149.42
12027928  0357      149.42
12027973  0357      342.40
12080554  0357      160.30
12241212  0357      224.12
12242270  0357      160.30
12243077  0357      149.42
12244707  0357      149.42
12247738  0357      240.44
12248400  0357      373.57
12248755  0357      171.20
12248784  0357      298.86
12248960  0357      160.30
12249178  0357      195.94
12279667  0357      160.30
12314254  0357      457.66
1232375   0357      204.44
12369466  0357      160.30
12370670  0357      183.06
1239070   0357      204.08
12434895  0357      149.42
12435304  0357      160.30
12435757  0357      224.12
12435759  0357      400.77
12527456  0357      149.42
12534356  0357      160.30
12536172  0357      160.30
12536549  0357      183.06
1254062   0357      204.08
1257983   0357      204.44
1258658   0357      204.76
1261562   0357      204.08
1262953   0357      244.15
1263302   0357      204.08
1263303   0357      204.76
1265436   0357      204.76
1266723   0357      140.96
12691465  0357      160.30
1269356   0357      408.85
12698409  0357      149.42
12698965  0357      149.42
12700553  0357      149.42
12701276  0357      160.30
12701301  0357      373.57
12702273  0357      149.42
12704473  0357      149.42
12704482  0357      342.40
12704649  0357      160.30
12704927  0357      160.30
12705860  0357      160.30
12706171  0357      160.30
12706774  0357      342.40
12707136  0357      160.30
1272390   0357      204.08
1273369   0357      204.76
1277938   0357      204.08
1278407   0357      204.76
12848719  0357      160.30
12849330  0357      183.06
12851330  0357      160.30
12852888  0357      160.30
12858616  0357      240.44
12878256  0357      160.30
12884972  0357      160.30
12934142  0357      149.42
12934525  0357      149.42
12935305  0357      160.30
12935606  0357      160.30
13032012  0357      373.57
13032033  0357      160.30
13034237  0357      160.30
13035222  0357      195.94
13084488  0357      149.42
13084886  0357      149.42
13180551  0357      160.30
1318484   0357      204.08
13187744  0357      320.62
13187816  0357      240.44
13188137  0357      149.42
13188604  0357      224.12
13264411  0357      160.30
13265462  0357      149.42
13265946  0357      240.44
13266369  0357      160.30
13268000  0357      298.86
13268185  0357      298.86
13268457  0357      149.42
13268537  0357      240.44
13343258  0357      149.42
13408041  0357      149.42
13510172  0357      149.42
13510180  0357      149.42
13519440  0357      149.42
13527636  0357      171.20
13566631  0357      195.94
13643981  0357      298.86
13643982  0357      224.12
13644051  0357      160.30
13644555  0357      373.57
13644665  0357      160.30
13644680  0357      428.00
13652653  0357      149.42
13674854  0357      171.20
13678214  0357      160.30
13678857  0357      149.42
13679940  0357      160.30
13724134  0357      240.44
13774187  0357      149.42
13774684  0357      160.30
13775452  0357      149.42
13775808  0357      149.42
13777181  0357      224.12
13785046  0357      149.42
13785661  0357      160.30
13785997  0357      149.42
13786181  0357      160.30
13787208  0357      160.30
13787741  0357      149.42
13842354  0357      160.30
13843775  0357      160.30
13856268  0357      160.30
13867427  0357      240.44
13868652  0357      160.30
13880177  0357      160.30
13880981  0357      160.30
13905892  0357      149.42
13986119  0357      160.30
13990906  0357      256.80
14003086  0357      149.42
14030527  0357      149.42
14031045  0357      160.30
14031497  0357      400.77
14093727  0357      240.44
14094806  0357      171.20
14143188  0357      149.42
14159223  0357      298.86
14176671  0357      160.30
14270811  0357      373.57
14293118  0357      240.44
1431183   0357      204.76
14335445  0357      149.42
14335539  0357      160.30
14372299  0357      171.20
14372545  0357      149.42
14372818  0357      528.29
14376347  0357      160.30
14398946  0357      160.30
14399267  0357      224.12
14405196  0357      160.30
14405401  0357      160.30
14513487  0357      149.42
14590375  0357      149.42
14607589  0357      224.12
14648947  0357      160.30
14649126  0357      149.42
14825867  0357      400.77
14877620  0357      160.30
14877805  0357      171.20
14877859  0357      183.06
14879597  0357      320.62
14879704  0357      373.57
14880827  0357      171.20
14880972  0357      320.62
15170350  0357      149.42
15177340  0357      171.20
15177867  0357      298.86
15306151  0357      373.57
15306996  0357      149.42
15351139  0357      160.30
15352095  0357      160.30
15444811  0357      171.20
15448608  0357      160.30
15597541  0357      149.42
15598043  0357      149.42
15598319  0357      160.30
15598510  0357      320.62
15598933  0357      149.42
15599928  0357      224.12
15668151  0357      320.62
15668851  0357      149.42
15690244  0357      149.42
15729233  0357      240.44
15729536  0357      373.57
15778630  0357      240.44
15885754  0357      149.42
15959808  0357      149.42
15961650  0357      149.42
16001576  0357      149.42
16137706  0357      149.42
16138119  0357      240.44
1631390   0357      240.04
16324090  0357      160.30
16385667  0357      149.42
16387437  0357      320.62
16594051  0357      149.42
16641426  0357      149.42
16736267  0357      160.30
16770549  0357      160.30
16788972  0357      320.62
16796439  0357      298.86
17011869  0357      320.62
17012587  0357      400.77
17019549  0357      160.30
17033230  0357      149.42
17033256  0357      149.42
17104175  0357      240.44
17104709  0357      160.30
17306742  0357      149.42
1737075   0357      204.08
17379215  0357      224.12
17380736  0357      149.42
17572385  0357      320.62
17574055  0357      149.42
17626132  0357      298.86
1763812   0357      244.15
1764349   0357      204.08
1765295   0357      408.13
1769938   0357      204.08
17727473  0357      149.42
17859806  0357      149.42
17859921  0357      298.86
17872590  0357      160.30
17942640  0357      160.30
17965237  0357      240.44
18054647  0357      160.30
18058393  0357      149.42
18059918  0357      160.30
18263579  0357      160.30
18263756  0357      160.30
1834693   0357      140.96
18421508  0357      149.42
18422439  0357      320.62
18618969  0357      149.42
18655916  0357      160.30
18656459  0357      240.44
18785684  0357      149.42
18928116  0357      149.42
18950730  0357      149.42
1906129   0357      204.76
19166206  0357      373.57
19262723  0357      160.30
1926999   0357      204.44
19324610  0357      320.62
19348247  0357      160.30
19424156  0357      320.62
19431369  0357      160.30
19827450  0357      172.28
19850185  0357      373.57
19886649  0357      400.77
19973112  0357      160.30
20046577  0357      298.86
20046584  0357      298.86
20187870  0357      298.86
20189202  0357      183.06
20235584  0357      298.86
2030572   0357      204.08
2033664   0357      217.34
20348834  0357      224.12
20351464  0357      320.62
2101693   0357      240.24
21140944  0357      224.12
2130876   0357      204.08
2157417   0357      543.37
2186056   0357      204.08
2189077   0357      204.08
2196831   0357      204.08
2198274   0357      205.20
2198799   0357      204.08
22326349  0357      149.42
2272067   0357      204.08
23156662  0357      204.76
2376223   0357      221.48
2380275   0357      204.44
2384661   0357      204.76
2529886   0357      204.76
2532585   0357      204.08
2533320   0357      204.08
2534786   0357      149.76
2535843   0357      204.44
2536373   0357      204.44
2536795   0357      204.76
2539607   0357      204.44
2539943   0357      204.08
2541142   0357      204.76
2541439   0357      279.29
2541709   0357      204.76
2543654   0357      204.76
2543813   0357      204.76
2543932   0357      204.08
2592064   0357      204.44
2592966   0357      222.42
2593377   0357      204.76
2593686   0357      204.08
2596405   0357      241.95
2597854   0357      204.76
2598033   0357      204.76
2598733   0357      204.44
2598872   0357      204.08
2601437   0357      204.76
2603046   0357      204.76
2605117   0357      204.44
2605164   0357      204.76
2605823   0357      140.94
2607322   0357      220.54
2608233   0357      215.14
2608304   0357      204.08
2608554   0357      204.76
2684589   0357      204.76
2741170   0357      216.86
2854705   0357      204.08
2870837   0357      204.08
2910376   0357      204.08
2910432   0357      204.08
2911765   0357      204.08
2912407   0357      204.08
2912692   0357      217.34
2913757   0357      204.08
2913809   0357      204.08
2915293   0357      204.08
2915714   0357      204.76
2915780   0357      204.08
2916102   0357      149.76
2916362   0357      204.76
2916467   0357      204.08
2916786   0357      204.08
2918280   0357      511.94
2992913   0357      204.08
3035349   0357      204.76
3080057   0357      326.00
3080311   0357      204.76
3080984   0357      298.41
3081351   0357      204.76
3082505   0357      245.68
3083006   0357      204.76
3083065   0357      204.08
3083457   0357      204.08
3083843   0357      204.08
3084868   0357      204.76
3084978   0357      204.08
3085009   0357      204.08
3085276   0357      204.48
3090485   0357      217.97
3156003   0357      232.76
3234299   0357      204.48
3245420   0357      204.76
3314884   0357      152.72
3315121   0357      204.08
3315781   0357      204.08
3317339   0357      217.38
3318589   0357      236.44
3318694   0357      246.64
3318719   0357      204.76
3320986   0357      204.76
3322128   0357      217.03
3322284   0357      204.08
3322381   0357      204.44
3324084   0357      284.64
3324110   0357      306.98
3324403   0357      217.34
3329806   0357      204.76
3353242   0357      232.76
3528540   0357      222.50
3533360   0357      261.43
3535445   0357      204.08
3535676   0357      204.76
3535838   0357      204.08
3538837   0357      222.16
3539352   0357      204.76
3541739   0357      204.76
3541975   0357      140.96
3542004   0357      171.20
3542015   0357      162.67
3554092   0357      204.44
3593839   0357      204.08
3598528   0357      204.76
3710064   0357      263.80
3759377   0357      204.08
3784066   0357      204.08
3784441   0357      227.36
3785251   0357      204.76
3792247   0357      204.76
3830110   0357      204.08
3855157   0357      140.94
3855577   0357      204.76
3856978   0357      204.08
3857004   0357      204.08
3857220   0357      204.79
3857667   0357      204.08
3857878   0357      204.44
3858323   0357      409.57
3858856   0357      171.20
3859230   0357      321.99
3864991   0357      237.88
3875055   0357      252.00
3877925   0357      627.73
3878006   0357      255.81
3963688   0357      242.57
3964093   0357      280.50
3964337   0357      204.08
3965704   0357      204.08
3969513   0357      205.52
4001934   0357      268.86
4064149   0357      219.87
4065177   0357      204.08
4065584   0357      160.30
4065648   0357      265.06
4066245   0357      204.08
4067118   0357      237.95
4067735   0357      235.95
4067795   0357      204.76
4068788   0357      204.08
4071074   0357      291.27
4071241   0357      241.09
4107436   0357      149.42
4191539   0357      204.08
4193094   0357      511.06
4194671   0357      220.46
4195654   0357      204.08
4199927   0357      140.96
4200911   0357      204.08
4238916   0357      204.08
430240    0357      204.08
4317775   0357      314.09
4373204   0357      323.04
4373479   0357      204.08
4375498   0357      217.34
4375998   0357      209.10
4376813   0357      223.98
4377201   0357      204.44
4378140   0357      204.08
4378236   0357      204.08
4378283   0357      204.08
4378759   0357      297.80
4379154   0357      204.08
4381341   0357      204.08
4381614   0357      232.93
4382400   0357      307.17
4383023   0357      272.22
4383200   0357      204.08
4385047   0357      204.76
4386936   0357      183.06
4387777   0357      545.58
4409485   0357      301.58
4409788   0357      204.08
4409789   0357      443.09
4414417   0357      231.79
4414541   0357      216.66
4414909   0357      204.76
4415675   0357      204.08
443869    0357      204.76
4609506   0357      219.52
4610129   0357      204.08
4720170   0357      224.12
4720923   0357      160.30
4721016   0357      149.42
4721639   0357      204.08
4722680   0357      204.08
4722814   0357      164.29
4723168   0357      204.08
4723276   0357      228.90
4723403   0357      204.08
4724433   0357      204.76
4725919   0357      342.40
4727740   0357      149.42
4728331   0357      204.08
4729448   0357      145.58
4730168   0357      314.27
4730490   0357      204.08
4730823   0357      307.70
4731322   0357      304.07
4731494   0357      221.86
4732090   0357      236.05
4732618   0357      230.86
4734527   0357      149.42
4734940   0357      149.42
4735505   0357      204.08
4738424   0357      204.76
4739546   0357      270.50
4739796   0357      171.20
4754833   0357      275.82
4803744   0357      345.09
4805842   0357      160.30
4827213   0357      230.64
4853128   0357      190.31
4882144   0357      153.34
5017295   0357      149.42
5022967   0357      204.44
5237805   0357      160.30
5238236   0357      204.08
5239261   0357      237.10
5240821   0357      204.08
5242545   0357      229.87
5244302   0357      232.76
5244483   0357      149.42
5244484   0357      221.86
5244765   0357      204.08
5245261   0357      171.20
5248926   0357      234.45
5248954   0357      215.58
5249259   0357      160.30
5249817   0357      171.20
5250965   0357      204.76
5251153   0357      260.98
5251214   0357      235.00
5252606   0357      342.40
5253930   0357      204.08
5254613   0357      265.40
5254952   0357      204.08
5255567   0357      160.30
5255641   0357      171.20
5257069   0357      214.79
5257175   0357      204.76
5257421   0357      183.06
5257727   0357      400.77
5257774   0357      160.30
5259121   0357      204.08
5259785   0357      204.08
5261116   0357      149.42
5261139   0357      254.61
5261250   0357      204.08
5261418   0357      210.44
5261643   0357      254.72
5263470   0357      228.59
5344986   0357      149.42
5435450   0357      229.21
5436619   0357      171.20
5436795   0357      157.29
5438690   0357      224.06
5439480   0357      160.30
5439865   0357      457.66
5458236   0357      149.42
5461455   0357      204.78
5605414   0357      521.28
5658043   0357      254.93
5688352   0357      160.30
5765952   0357      160.30
5779173   0357      160.30
5915261   0357      204.76
5921128   0357      307.92
5921800   0357      149.42
5923624   0357      171.20
5925143   0357      171.20
5925949   0357      140.96
5929492   0357      160.30
5935536   0357      803.40
5938630   0357      266.59
5938995   0357      160.30
6044716   0357      240.44
6125595   0357      539.36
6127630   0357      236.62
6238388   0357      195.94
6394853   0357      182.28
64800     0357      204.48
6537141   0357      204.08
6573443   0357      265.10
6573855   0357      183.06
6573893   0357      149.42
6575243   0357      149.42
6575301   0357      160.30
6584406   0357      510.15
6602322   0357      149.42
6634354   0357      160.30
6689708   0357      160.30
6690236   0357      160.30
6701343   0357      160.30
6701344   0357      269.56
6701453   0357      160.30
673822    0357      204.08
6841910   0357      149.42
7076647   0357      160.30
7211860   0357      171.20
7240399   0357      160.30
7300376   0357      224.06
7301470   0357      204.08
7305494   0357      204.76
7305781   0357      204.08
7308623   0357      239.69
7309317   0357      149.42
7309375   0357      149.42
7310425   0357      183.06
7310959   0357      204.76
7311233   0357      218.59
7311255   0357      264.60
7312149   0357      257.41
7313189   0357      204.08
7314050   0357      241.40
7314987   0357      183.06
7315048   0357      171.20
7315058   0357      619.02
7315331   0357      160.30
7316059   0357      183.06
7316139   0357      171.20
7316607   0357      279.29
7316959   0357      408.85
7317744   0357      408.13
7318041   0357      222.98
7319649   0357      342.40
7321787   0357      149.42
7322304   0357      149.42
7322780   0357      149.42
7322794   0357      288.04
7324725   0357      204.44
7325664   0357      202.88
7325721   0357      204.76
7325722   0357      297.58
7325778   0357      140.96
7328421   0357      149.42
7330948   0357      160.30
7331943   0357      374.71
7332202   0357      254.69
7332734   0357      307.17
7333145   0357      317.88
7333526   0357      509.36
7335642   0357      160.30
7337422   0357      200.45
7337778   0357      149.42
7338055   0357      183.06
7340200   0357      204.08
7340742   0357      217.03
7340989   0357      239.70
7342107   0357      149.42
7342680   0357      204.76
7343605   0357      149.42
7344290   0357      149.42
7344465   0357      298.86
7347856   0357      204.76
7348137   0357      149.42
7348986   0357      260.00
7349428   0357      489.83
7349843   0357      149.42
7350162   0357      209.64
7350273   0357      149.42
7351297   0357      176.41
7352317   0357      149.42
7353377   0357      160.30
7354064   0357      149.42
7354848   0357      140.96
7355928   0357      204.08
7359478   0357      171.20
7360346   0357      149.42
7360517   0357      160.30
7363171   0357      195.37
7363652   0357      160.30
7365166   0357      256.36
7365545   0357      149.42
7367276   0357      149.42
7368710   0357      298.86
7369018   0357      160.30
7371154   0357      160.30
7372156   0357      149.42
7372973   0357      227.74
7373089   0357      149.42
7373215   0357      183.06
7374243   0357      228.20
7374616   0357      204.76
7377030   0357      149.42
7377579   0357      160.30
7379256   0357      298.86
7380616   0357      149.42
7381553   0357      160.30
7382148   0357      225.82
7382532   0357      149.42
7384964   0357      160.30
7387544   0357      320.62
7388038   0357      149.42
7388080   0357      160.30
7388125   0357      171.20
7388199   0357      342.28
7389581   0357      160.30
7391472   0357      149.42
7392153   0357      428.00
7393061   0357      149.42
7393144   0357      298.86
7395742   0357      140.94
7396051   0357      240.44
7398038   0357      181.64
7400031   0357      160.30
7401094   0357      160.30
7401380   0357      243.16
7401853   0357      149.42
7403123   0357      149.42
7403188   0357      149.42
7403563   0357      149.42
7406353   0357      160.30
7408531   0357      160.30
7409730   0357      149.42
7410177   0357      195.94
7412535   0357      171.20
7412738   0357      149.42
7415285   0357      195.94
7415448   0357      160.30
7416870   0357      149.42
7417289   0357      298.86
7417791   0357      320.62
7418898   0357      149.42
7418939   0357      160.30
7419340   0357      149.42
7419740   0357      251.18
7419800   0357      160.30
7419866   0357      373.57
7420316   0357      160.30
7420429   0357      171.20
7423108   0357      171.20
7423415   0357      160.30
7423444   0357      285.15
7425063   0357      149.42
7425430   0357      160.30
7425900   0357      149.42
7426046   0357      160.30
7427359   0357      149.42
7427520   0357      160.30
7429274   0357      160.30
7432253   0357      171.20
7434591   0357      400.77
7435158   0357      373.57
7436077   0357      298.86
7436996   0357      160.30
7437806   0357      149.42
7437808   0357      149.42
7438450   0357      160.30
7439597   0357      366.14
7439617   0357      160.30
7439629   0357      160.30
7440809   0357      153.33
7442445   0357      160.30
7444497   0357      224.12
7444651   0357      171.20
7444842   0357      160.30
7444889   0357      366.14
7445661   0357      149.42
7446382   0357      171.20
7446644   0357      160.30
7447067   0357      400.77
7447334   0357      183.06
7447992   0357      149.42
7449457   0357      149.42
7455429   0357      268.98
7455588   0357      243.16
7461704   0357      160.30
7465820   0357      400.77
7465910   0357      160.30
7466779   0357      303.79
7466870   0357      286.54
7502836   0357      235.01
7548386   0357      192.80
7548420   0357      243.73
770342    0357      204.76
7917981   0357      160.30
7981510   0357      304.68
7982728   0357      149.42
7982865   0357      171.20
7983170   0357      149.42
7984159   0357      160.30
7985605   0357      162.20
7988969   0357      320.30
8054279   0357      221.56
8064487   0357      382.93
8069571   0357      240.51
8140450   0357      155.03
8594315   0357      160.30
8718789   0357      320.62
8734286   0357      171.20
9066082   0357      204.08
9100619   0357      320.30
9211039   0357      149.42
9261804   0357      171.20
9317884   0357      342.40
9433060   0357      160.30
9540404   0357      171.20
9540845   0357      274.60
9542018   0357      428.00
9542237   0357      149.42
9543174   0357      256.36
9543530   0357      259.91
9544179   0357      160.30
9544345   0357      149.42
9544429   0357      278.28
9544827   0357      171.20
9545198   0357      204.08
9545952   0357      260.35
9546474   0357      160.30
9547148   0357      277.71
9551389   0357      160.30
9552709   0357      221.80
9553039   0357      399.14
9553047   0357      149.42
9553149   0357      149.42
9555077   0357      222.24
9555609   0357      149.42
9555641   0357      160.30
9557148   0357      366.14
9557803   0357      149.42
9557875   0357      149.42
9557894   0357      257.79
9558628   0357      149.42
9560453   0357      149.42
9570736   0357      269.30
9572755   0357      160.30
9577605   0357      286.30
9601343   0357      400.77
9603154   0357      267.80
9603683   0357      160.30
9603870   0357      140.96
9604166   0357      149.42
9604592   0357      293.88
9607091   0357      204.08
9608547   0357      160.30
9609337   0357      149.42
9609338   0357      320.62
9612117   0357      320.69
9612530   0357      751.34
9612692   0357      160.30
9614364   0357      298.86
9615563   0357      160.30
9615964   0357      160.30
9617493   0357      298.86
9620242   0357      342.40
9620248   0357      366.14
9620376   0357      160.30
9620599   0357      171.20
9620701   0357      149.42
9620720   0357      149.42
9621777   0357      160.30
9622347   0357      160.30
9624370   0357      195.94
9624596   0357      149.42
9625361   0357      160.30
9625933   0357      320.62
9626082   0357      160.30
9626215   0357      149.42
9627150   0357      428.00
9627523   0357      320.62
9627724   0357      149.42
9629963   0357      171.20
9631462   0357      171.20
9634554   0357      292.91
9634674   0357      160.30
9636806   0357      149.42
9638320   0357      160.30
9639201   0357      149.42
9845319   0357      149.42
9846320   0357      171.20
9847068   0357      149.42
9847350   0357      310.30
9848693   0357      244.04
9850403   0357      160.30
9851111   0357      160.30
9851993   0357      288.01
10107724  3357      195.94
10120357  3357      160.30
10121866  3357      171.20
10125466  3357      149.42
10126656  3357      160.30
10141786  3357      171.20
10312414  3357      149.42
10373550  3357      160.30
10639752  3357      149.42
10726693  3357      160.30
10760806  3357      149.42
10764554  3357      171.20
10770124  3357      160.30
10772668  3357      149.42
10774121  3357      171.20
10775520  3357      149.42
10776516  3357      195.94
10776915  3357      149.42
10777645  3357      160.30
10778464  3357      149.42
10779723  3357      272.46
10784623  3357      160.30
10820078  3357      171.20
10840266  3357      160.30
10841061  3357      149.42
10841823  3357      195.94
10842205  3357      160.30
10843324  3357      160.30
10844575  3357      195.94
10844947  3357      160.30
10845717  3357      149.42
10845943  3357      195.94
10846474  3357      160.30
10846532  3357      171.20
10846629  3357      160.30
10846940  3357      160.30
10846985  3357      160.30
10847648  3357      149.42
10848158  3357      314.95
10849906  3357      160.30
10849907  3357      171.20
10860593  3357      160.30
10903693  3357      149.42
10959957  3357      160.30
10960021  3357      160.30
10963442  3357      171.20
10963957  3357      171.20
10964062  3357      160.30
1108218   3357      204.08
1112379   3357      204.76
1115136   3357      269.07
11163187  3357      149.42
11177533  3357      149.42
11260715  3357      160.30
11261772  3357      195.94
11262378  3357      160.30
11263756  3357      149.42
11264465  3357      160.30
11264550  3357      149.42
11265496  3357      160.30
11265527  3357      171.20
11266390  3357      160.30
11267811  3357      149.42
11267932  3357      149.42
11268437  3357      195.94
11269196  3357      183.06
1129535   3357      204.44
11414487  3357      171.20
11425214  3357      160.30
11425449  3357      160.30
11426462  3357      149.42
11428034  3357      149.42
11428889  3357      160.30
11429539  3357      160.30
11429792  3357      149.42
11429991  3357      160.30
11430700  3357      160.30
11433167  3357      160.30
11433865  3357      160.30
11433968  3357      160.30
11434350  3357      160.30
11546168  3357      149.42
11580362  3357      171.20
11584952  3357      160.30
11586448  3357      171.20
11589730  3357      160.30
11594236  3357      195.94
11594524  3357      149.42
11596252  3357      160.30
11597667  3357      160.30
11598121  3357      149.42
11598207  3357      149.42
11598956  3357      149.42
11633896  3357      149.42
11645810  3357      160.30
11651035  3357      160.30
11651090  3357      160.30
11652405  3357      160.30
11653864  3357      160.30
11694358  3357      149.42
11694758  3357      160.30
11695394  3357      149.42
11749469  3357      160.30
11783201  3357      171.20
11783366  3357      195.94
11784637  3357      149.42
11786325  3357      195.94
11786432  3357      149.42
11787653  3357      160.30
11787807  3357      160.30
11788587  3357      171.20
11788630  3357      171.20
11790273  3357      160.30
11790818  3357      160.30
11791177  3357      160.30
11792127  3357      160.30
11792506  3357      149.42
11792846  3357      160.30
11878930  3357      160.30
11879419  3357      171.20
11879750  3357      195.94
11881224  3357      195.94
11881668  3357      149.42
11881669  3357      267.80
11882080  3357      149.42
11882720  3357      195.94
11883300  3357      160.30
11949766  3357      195.94
12011761  3357      195.94
12018571  3357      149.42
12018729  3357      149.42
12018852  3357      160.30
12019816  3357      149.42
12020535  3357      183.06
12021559  3357      171.20
12021966  3357      160.30
12022428  3357      171.20
12023306  3357      183.06
12023981  3357      160.30
12024178  3357      160.30
12024179  3357      160.30
12025294  3357      160.30
12025488  3357      149.42
12025491  3357      149.42
12026565  3357      160.30
12027093  3357      160.30
12027260  3357      283.21
12027527  3357      149.42
12027928  3357      149.42
12027973  3357      171.20
12080554  3357      160.30
12241212  3357      149.42
12242270  3357      160.30
12243077  3357      149.42
12244707  3357      149.42
12247738  3357      160.30
12248400  3357      149.42
12248755  3357      171.20
12248784  3357      149.42
12248960  3357      160.30
12249178  3357      195.94
12279667  3357      160.30
12314254  3357      183.06
1232375   3357      204.44
12369466  3357      160.30
12370670  3357      183.06
1239070   3357      204.08
12434895  3357      149.42
12435304  3357      160.30
12435757  3357      149.42
12435759  3357      160.30
12527456  3357      149.42
12534356  3357      160.30
12536172  3357      160.30
12536549  3357      183.06
1254062   3357      204.08
1257983   3357      204.44
1258658   3357      204.76
1261562   3357      204.08
1262953   3357      244.15
1263302   3357      204.08
1263303   3357      204.76
1265436   3357      204.76
1266723   3357      140.96
12691465  3357      160.30
1269356   3357      204.44
12698409  3357      149.42
12698965  3357      149.42
12700553  3357      149.42
12701276  3357      160.30
12701301  3357      149.42
12702273  3357      149.42
12704473  3357      149.42
12704482  3357      171.20
12704649  3357      160.30
12704927  3357      160.30
12705860  3357      160.30
12706171  3357      160.30
12706774  3357      171.20
12707136  3357      160.30
1272390   3357      204.08
1273369   3357      204.76
1277938   3357      204.08
1278407   3357      204.76
12848719  3357      160.30
12849330  3357      183.06
12851330  3357      160.30
12852888  3357      160.30
12858616  3357      160.30
12878256  3357      160.30
12884972  3357      160.30
12934142  3357      149.42
12934525  3357      149.42
12935305  3357      160.30
12935606  3357      160.30
13032012  3357      149.42
13032033  3357      160.30
13034237  3357      160.30
13035222  3357      195.94
13084488  3357      149.42
13084886  3357      149.42
13180551  3357      160.30
1318484   3357      204.08
13187744  3357      160.30
13187816  3357      160.30
13188137  3357      149.42
13188604  3357      149.42
13264411  3357      160.30
13265462  3357      149.42
13265946  3357      160.30
13266369  3357      160.30
13268000  3357      149.42
13268185  3357      149.42
13268457  3357      149.42
13268537  3357      160.30
13343258  3357      149.42
13408041  3357      149.42
13510172  3357      149.42
13510180  3357      149.42
13519440  3357      149.42
13527636  3357      171.20
13566631  3357      195.94
13643981  3357      149.42
13643982  3357      149.42
13644051  3357      160.30
13644555  3357      149.42
13644665  3357      160.30
13644680  3357      171.20
13652653  3357      149.42
13674854  3357      171.20
13678214  3357      160.30
13678857  3357      149.42
13679940  3357      160.30
13724134  3357      160.30
13774187  3357      149.42
13774684  3357      160.30
13775452  3357      149.42
13775808  3357      149.42
13777181  3357      149.42
13785046  3357      149.42
13785661  3357      160.30
13785997  3357      149.42
13786181  3357      160.30
13787208  3357      160.30
13787741  3357      149.42
13842354  3357      160.30
13843775  3357      160.30
13856268  3357      160.30
13867427  3357      160.30
13868652  3357      160.30
13880177  3357      160.30
13880981  3357      160.30
13905892  3357      149.42
13986119  3357      160.30
13990906  3357      171.20
14003086  3357      149.42
14030527  3357      149.42
14031045  3357      160.30
14031497  3357      160.30
14093727  3357      160.30
14094806  3357      171.20
14143188  3357      149.42
14159223  3357      149.42
14176671  3357      160.30
14270811  3357      149.42
14293118  3357      160.30
1431183   3357      204.76
14335445  3357      149.42
14335539  3357      160.30
14372299  3357      171.20
14372545  3357      149.42
14372818  3357      211.32
14376347  3357      160.30
14398946  3357      160.30
14399267  3357      149.42
14405196  3357      160.30
14405401  3357      160.30
14513487  3357      149.42
14590375  3357      149.42
14607589  3357      149.42
14648947  3357      160.30
14649126  3357      149.42
14825867  3357      160.30
14877620  3357      160.30
14877805  3357      171.20
14877859  3357      183.06
14879597  3357      160.30
14879704  3357      149.42
14880827  3357      171.20
14880972  3357      160.30
15170350  3357      149.42
15177340  3357      171.20
15177867  3357      149.42
15306151  3357      149.42
15306996  3357      149.42
15351139  3357      160.30
15352095  3357      160.30
15444811  3357      171.20
15448608  3357      160.30
15597541  3357      149.42
15598043  3357      149.42
15598319  3357      160.30
15598510  3357      160.30
15598933  3357      149.42
15599928  3357      149.42
15668151  3357      160.30
15668851  3357      149.42
15690244  3357      149.42
15729233  3357      160.30
15729536  3357      149.42
15778630  3357      160.30
15885754  3357      149.42
15959808  3357      149.42
15961650  3357      149.42
16001576  3357      149.42
16137706  3357      149.42
16138119  3357      160.30
1631390   3357      240.04
16324090  3357      160.30
16385667  3357      149.42
16387437  3357      160.30
16594051  3357      149.42
16641426  3357      149.42
16736267  3357      160.30
16770549  3357      160.30
16788972  3357      160.30
16796439  3357      149.42
17011869  3357      160.30
17012587  3357      160.30
17019549  3357      160.30
17033230  3357      149.42
17033256  3357      149.42
17104175  3357      160.30
17104709  3357      160.30
17306742  3357      149.42
1737075   3357      204.08
17379215  3357      149.42
17380736  3357      149.42
17572385  3357      160.30
17574055  3357      149.42
17626132  3357      149.42
1763812   3357      244.15
1764349   3357      204.08
1765295   3357      204.08
1769938   3357      204.08
17727473  3357      149.42
17859806  3357      149.42
17859921  3357      149.42
17872590  3357      160.30
17942640  3357      160.30
17965237  3357      160.30
18054647  3357      160.30
18058393  3357      149.42
18059918  3357      160.30
18263579  3357      160.30
18263756  3357      160.30
1834693   3357      140.96
18421508  3357      149.42
18422439  3357      160.30
18618969  3357      149.42
18655916  3357      160.30
18656459  3357      160.30
18785684  3357      149.42
18928116  3357      149.42
18950730  3357      149.42
1906129   3357      204.76
19166206  3357      149.42
19262723  3357      160.30
1926999   3357      204.44
19324610  3357      160.30
19348247  3357      160.30
19424156  3357      160.30
19431369  3357      160.30
19827450  3357      172.28
19850185  3357      149.42
19886649  3357      160.30
19973112  3357      160.30
20046577  3357      149.42
20046584  3357      149.42
20187870  3357      149.42
20189202  3357      183.06
20235584  3357      149.42
2030572   3357      204.08
2033664   3357      217.34
20348834  3357      149.42
20351464  3357      160.30
2101693   3357      240.24
21140944  3357      149.42
2130876   3357      204.08
2157417   3357      217.34
2186056   3357      204.08
2189077   3357      204.08
2196831   3357      204.08
2198274   3357      205.20
2198799   3357      204.08
22326349  3357      149.42
2272067   3357      204.08
23156662  3357      204.76
2376223   3357      221.48
2380275   3357      204.44
2384661   3357      204.76
2529886   3357      204.76
2532585   3357      204.08
2533320   3357      204.08
2534786   3357      149.76
2535843   3357      204.44
2536373   3357      204.44
2536795   3357      204.76
2539607   3357      204.44
2539943   3357      204.08
2541142   3357      204.76
2541439   3357      279.29
2541709   3357      204.76
2543654   3357      204.76
2543813   3357      204.76
2543932   3357      204.08
2592064   3357      204.44
2592966   3357      222.42
2593377   3357      204.76
2593686   3357      204.08
2596405   3357      241.95
2597854   3357      204.76
2598033   3357      204.76
2598733   3357      204.44
2598872   3357      204.08
2601437   3357      204.76
2603046   3357      204.76
2605117   3357      204.44
2605164   3357      204.76
2605823   3357      140.94
2607322   3357      220.54
2608233   3357      215.14
2608304   3357      204.08
2608554   3357      204.76
2684589   3357      204.76
2741170   3357      216.86
2854705   3357      204.08
2870837   3357      204.08
2910376   3357      204.08
2910432   3357      204.08
2911765   3357      204.08
2912407   3357      204.08
2912692   3357      217.34
2913757   3357      204.08
2913809   3357      204.08
2915293   3357      204.08
2915714   3357      204.76
2915780   3357      204.08
2916102   3357      149.76
2916362   3357      204.76
2916467   3357      204.08
2916786   3357      204.08
2918280   3357      204.76
2992913   3357      204.08
3035349   3357      204.76
3080057   3357      217.34
3080311   3357      204.76
3080984   3357      298.41
3081351   3357      204.76
3082505   3357      245.68
3083006   3357      204.76
3083065   3357      204.08
3083457   3357      204.08
3083843   3357      204.08
3084868   3357      204.76
3084978   3357      204.08
3085009   3357      204.08
3085276   3357      204.48
3090485   3357      217.97
3156003   3357      232.76
3234299   3357      204.48
3245420   3357      204.76
3314884   3357      152.72
3315121   3357      204.08
3315781   3357      204.08
3317339   3357      217.38
3318589   3357      236.44
3318694   3357      246.64
3318719   3357      204.76
3320986   3357      204.76
3322128   3357      217.03
3322284   3357      204.08
3322381   3357      204.44
3324084   3357      284.64
3324110   3357      306.98
3324403   3357      217.34
3329806   3357      204.76
3353242   3357      232.76
3528540   3357      222.50
3533360   3357      261.43
3535445   3357      204.08
3535676   3357      204.76
3535838   3357      204.08
3538837   3357      222.16
3539352   3357      204.76
3541739   3357      204.76
3541975   3357      140.96
3542004   3357      171.20
3542015   3357      162.67
3554092   3357      204.44
3593839   3357      204.08
3598528   3357      204.76
3710064   3357      263.80
3759377   3357      204.08
3784066   3357      204.08
3784441   3357      227.36
3785251   3357      204.76
3792247   3357      204.76
3830110   3357      204.08
3855157   3357      140.94
3855577   3357      204.76
3856978   3357      204.08
3857004   3357      204.08
3857220   3357      204.79
3857667   3357      204.08
3857878   3357      204.44
3858323   3357      204.76
3858856   3357      171.20
3859230   3357      214.66
3864991   3357      237.88
3875055   3357      252.00
3877925   3357      313.86
3878006   3357      255.81
3963688   3357      242.57
3964093   3357      280.50
3964337   3357      204.08
3965704   3357      204.08
3969513   3357      205.52
4001934   3357      268.86
4064149   3357      219.87
4065177   3357      204.08
4065584   3357      160.30
4065648   3357      265.06
4066245   3357      204.08
4067118   3357      237.95
4067735   3357      235.95
4067795   3357      204.76
4068788   3357      204.08
4071074   3357      291.27
4071241   3357      241.09
4107436   3357      149.42
4191539   3357      204.08
4193094   3357      204.44
4194671   3357      220.46
4195654   3357      204.08
4199927   3357      140.96
4200911   3357      204.08
4238916   3357      204.08
430240    3357      204.08
4317775   3357      314.09
4373204   3357      323.04
4373479   3357      204.08
4375498   3357      217.34
4375998   3357      209.10
4376813   3357      223.98
4377201   3357      204.44
4378140   3357      204.08
4378236   3357      204.08
4378283   3357      204.08
4378759   3357      297.80
4379154   3357      204.08
4381341   3357      204.08
4381614   3357      232.93
4382400   3357      204.76
4383023   3357      272.22
4383200   3357      204.08
4385047   3357      204.76
4386936   3357      183.06
4387777   3357      218.23
4409485   3357      301.58
4409788   3357      204.08
4409789   3357      221.54
4414417   3357      231.79
4414541   3357      216.66
4414909   3357      204.76
4415675   3357      204.08
443869    3357      204.76
4609506   3357      219.52
4610129   3357      204.08
4720170   3357      149.42
4720923   3357      160.30
4721016   3357      149.42
4721639   3357      204.08
4722680   3357      204.08
4722814   3357      164.29
4723168   3357      204.08
4723276   3357      228.90
4723403   3357      204.08
4724433   3357      204.76
4725919   3357      171.20
4727740   3357      149.42
4728331   3357      204.08
4729448   3357      145.58
4730168   3357      314.27
4730490   3357      204.08
4730823   3357      307.70
4731322   3357      304.07
4731494   3357      221.86
4732090   3357      236.05
4732618   3357      230.86
4734527   3357      149.42
4734940   3357      149.42
4735505   3357      204.08
4738424   3357      204.76
4739546   3357      270.50
4739796   3357      171.20
4754833   3357      275.82
4803744   3357      345.09
4805842   3357      160.30
4827213   3357      230.64
4853128   3357      190.31
4882144   3357      153.34
5017295   3357      149.42
5022967   3357      204.44
5237805   3357      160.30
5238236   3357      204.08
5239261   3357      237.10
5240821   3357      204.08
5242545   3357      229.87
5244302   3357      232.76
5244483   3357      149.42
5244484   3357      221.86
5244765   3357      204.08
5245261   3357      171.20
5248926   3357      234.45
5248954   3357      215.58
5249259   3357      160.30
5249817   3357      171.20
5250965   3357      204.76
5251153   3357      260.98
5251214   3357      235.00
5252606   3357      171.20
5253930   3357      204.08
5254613   3357      265.40
5254952   3357      204.08
5255567   3357      160.30
5255641   3357      171.20
5257069   3357      214.79
5257175   3357      204.76
5257421   3357      183.06
5257727   3357      160.30
5257774   3357      160.30
5259121   3357      204.08
5259785   3357      204.08
5261116   3357      149.42
5261139   3357      254.61
5261250   3357      204.08
5261418   3357      210.44
5261643   3357      254.72
5263470   3357      228.59
5344986   3357      149.42
5435450   3357      229.21
5436619   3357      171.20
5436795   3357      157.29
5438690   3357      224.06
5439480   3357      160.30
5439865   3357      183.06
5458236   3357      149.42
5461455   3357      204.78
5605414   3357      260.64
5658043   3357      254.93
5688352   3357      160.30
5765952   3357      160.30
5779173   3357      160.30
5915261   3357      204.76
5921128   3357      307.92
5921800   3357      149.42
5923624   3357      171.20
5925143   3357      171.20
5925949   3357      140.96
5929492   3357      160.30
5935536   3357      321.38
5938630   3357      266.59
5938995   3357      160.30
6044716   3357      160.30
6125595   3357      215.75
6127630   3357      236.62
6238388   3357      195.94
6394853   3357      182.28
64800     3357      204.48
6537141   3357      204.08
6573443   3357      265.10
6573855   3357      183.06
6573893   3357      149.42
6575243   3357      149.42
6575301   3357      160.30
6584406   3357      204.08
6602322   3357      149.42
6634354   3357      160.30
6689708   3357      160.30
6690236   3357      160.30
6701343   3357      160.30
6701344   3357      269.56
6701453   3357      160.30
673822    3357      204.08
6841910   3357      149.42
7076647   3357      160.30
7211860   3357      171.20
7240399   3357      160.30
7300376   3357      224.06
7301470   3357      204.08
7305494   3357      204.76
7305781   3357      204.08
7308623   3357      239.69
7309317   3357      149.42
7309375   3357      149.42
7310425   3357      183.06
7310959   3357      204.76
7311233   3357      218.59
7311255   3357      264.60
7312149   3357      257.41
7313189   3357      204.08
7314050   3357      241.40
7314987   3357      183.06
7315048   3357      171.20
7315058   3357      247.60
7315331   3357      160.30
7316059   3357      183.06
7316139   3357      171.20
7316607   3357      279.29
7316959   3357      204.44
7317744   3357      204.08
7318041   3357      222.98
7319649   3357      171.20
7321787   3357      149.42
7322304   3357      149.42
7322780   3357      149.42
7322794   3357      288.04
7324725   3357      204.44
7325664   3357      202.88
7325721   3357      204.76
7325722   3357      297.58
7325778   3357      140.96
7328421   3357      149.42
7330948   3357      160.30
7331943   3357      374.71
7332202   3357      254.69
7332734   3357      204.76
7333145   3357      317.88
7333526   3357      254.69
7335642   3357      160.30
7337422   3357      200.45
7337778   3357      149.42
7338055   3357      183.06
7340200   3357      204.08
7340742   3357      217.03
7340989   3357      239.70
7342107   3357      149.42
7342680   3357      204.76
7343605   3357      149.42
7344290   3357      149.42
7344465   3357      149.42
7347856   3357      204.76
7348137   3357      149.42
7348986   3357      260.00
7349428   3357      195.94
7349843   3357      149.42
7350162   3357      209.64
7350273   3357      149.42
7351297   3357      176.41
7352317   3357      149.42
7353377   3357      160.30
7354064   3357      149.42
7354848   3357      140.96
7355928   3357      204.08
7359478   3357      171.20
7360346   3357      149.42
7360517   3357      160.30
7363171   3357      195.37
7363652   3357      160.30
7365166   3357      256.36
7365545   3357      149.42
7367276   3357      149.42
7368710   3357      149.42
7369018   3357      160.30
7371154   3357      160.30
7372156   3357      149.42
7372973   3357      227.74
7373089   3357      149.42
7373215   3357      183.06
7374243   3357      228.20
7374616   3357      204.76
7377030   3357      149.42
7377579   3357      160.30
7379256   3357      149.42
7380616   3357      149.42
7381553   3357      160.30
7382148   3357      225.82
7382532   3357      149.42
7384964   3357      160.30
7387544   3357      160.30
7388038   3357      149.42
7388080   3357      160.30
7388125   3357      171.20
7388199   3357      228.20
7389581   3357      160.30
7391472   3357      149.42
7392153   3357      171.20
7393061   3357      149.42
7393144   3357      149.42
7395742   3357      140.94
7396051   3357      160.30
7398038   3357      181.64
7400031   3357      160.30
7401094   3357      160.30
7401380   3357      243.16
7401853   3357      149.42
7403123   3357      149.42
7403188   3357      149.42
7403563   3357      149.42
7406353   3357      160.30
7408531   3357      160.30
7409730   3357      149.42
7410177   3357      195.94
7412535   3357      171.20
7412738   3357      149.42
7415285   3357      195.94
7415448   3357      160.30
7416870   3357      149.42
7417289   3357      149.42
7417791   3357      160.30
7418898   3357      149.42
7418939   3357      160.30
7419340   3357      149.42
7419740   3357      251.18
7419800   3357      160.30
7419866   3357      149.42
7420316   3357      160.30
7420429   3357      171.20
7423108   3357      171.20
7423415   3357      160.30
7423444   3357      285.15
7425063   3357      149.42
7425430   3357      160.30
7425900   3357      149.42
7426046   3357      160.30
7427359   3357      149.42
7427520   3357      160.30
7429274   3357      160.30
7432253   3357      171.20
7434591   3357      160.30
7435158   3357      149.42
7436077   3357      149.42
7436996   3357      160.30
7437806   3357      149.42
7437808   3357      149.42
7438450   3357      160.30
7439597   3357      183.06
7439617   3357      160.30
7439629   3357      160.30
7440809   3357      153.33
7442445   3357      160.30
7444497   3357      149.42
7444651   3357      171.20
7444842   3357      160.30
7444889   3357      183.06
7445661   3357      149.42
7446382   3357      171.20
7446644   3357      160.30
7447067   3357      160.30
7447334   3357      183.06
7447992   3357      149.42
7449457   3357      149.42
7455429   3357      268.98
7455588   3357      243.16
7461704   3357      160.30
7465820   3357      160.30
7465910   3357      160.30
7466779   3357      303.79
7466870   3357      286.54
7502836   3357      235.01
7548386   3357      192.80
7548420   3357      243.73
770342    3357      204.76
7917981   3357      160.30
7981510   3357      304.68
7982728   3357      149.42
7982865   3357      171.20
7983170   3357      149.42
7984159   3357      160.30
7985605   3357      162.20
7988969   3357      320.30
8054279   3357      221.56
8064487   3357      191.46
8069571   3357      240.51
8140450   3357      155.03
8594315   3357      160.30
8718789   3357      160.30
8734286   3357      171.20
9066082   3357      204.08
9100619   3357      320.30
9211039   3357      149.42
9261804   3357      171.20
9317884   3357      171.20
9433060   3357      160.30
9540404   3357      171.20
9540845   3357      183.06
9542018   3357      171.20
9542237   3357      149.42
9543174   3357      256.36
9543530   3357      259.91
9544179   3357      160.30
9544345   3357      149.42
9544429   3357      278.28
9544827   3357      171.20
9545198   3357      204.08
9545952   3357      260.35
9546474   3357      160.30
9547148   3357      277.71
9551389   3357      160.30
9552709   3357      221.80
9553039   3357      399.14
9553047   3357      149.42
9553149   3357      149.42
9555077   3357      222.24
9555609   3357      149.42
9555641   3357      160.30
9557148   3357      183.06
9557803   3357      149.42
9557875   3357      149.42
9557894   3357      257.79
9558628   3357      149.42
9560453   3357      149.42
9570736   3357      269.30
9572755   3357      160.30
9577605   3357      286.30
9601343   3357      160.30
9603154   3357      267.80
9603683   3357      160.30
9603870   3357      140.96
9604166   3357      149.42
9604592   3357      195.94
9607091   3357      204.08
9608547   3357      160.30
9609337   3357      149.42
9609338   3357      160.30
9612117   3357      320.69
9612530   3357      300.54
9612692   3357      160.30
9614364   3357      149.42
9615563   3357      160.30
9615964   3357      160.30
9617493   3357      149.42
9620242   3357      171.20
9620248   3357      183.06
9620376   3357      160.30
9620599   3357      171.20
9620701   3357      149.42
9620720   3357      149.42
9621777   3357      160.30
9622347   3357      160.30
9624370   3357      195.94
9624596   3357      149.42
9625361   3357      160.30
9625933   3357      160.30
9626082   3357      160.30
9626215   3357      149.42
9627150   3357      171.20
9627523   3357      160.30
9627724   3357      149.42
9629963   3357      171.20
9631462   3357      171.20
9634554   3357      292.91
9634674   3357      160.30
9636806   3357      149.42
9638320   3357      160.30
9639201   3357      149.42
9845319   3357      149.42
9846320   3357      171.20
9847068   3357      149.42
9847350   3357      310.30
9848693   3357      244.04
9850403   3357      160.30
9851111   3357      160.30
9851993   3357      288.01
