10107724  0357      407.34
10120357  0357      499.93
10121866  0357      889.83
10125466  0357      310.67
10126656  0357      333.26
10141786  0357      355.95
10312414  0357      310.67
10373550  0357      666.56
10639752  0357      459.52
10726693  0357      333.26
10760806  0357      310.67
10764554  0357      355.95
10770124  0357      333.26
10772668  0357      310.67
10774121  0357      355.95
10775520  0357      621.34
10776516  0357      407.34
10776915  0357      310.67
10777645  0357      499.93
10778464  0357      310.67
10779723  0357      566.44
10784623  0357      333.26
10820078  0357      355.95
10840266  0357      333.26
10841061  0357      310.67
10841823  0357      407.34
10842205  0357      333.26
10843324  0357      833.19
10844947  0357      833.19
10845717  0357      310.67
10845943  0357      407.34
10846474  0357      333.26
10846532  0357      355.95
10846629  0357      479.21
10846940  0357      666.56
10846985  0357      333.26
10847648  0357      310.67
10848158  0357      654.77
10849906  0357      333.26
10849907  0357      355.95
10860593  0357      333.26
10903693  0357      447.64
10959957  0357      333.26
10960021  0357      333.26
10963442  0357      355.95
10963957  0357      355.95
10964062  0357      666.56
1108218   0357      424.24
1112379   0357      425.73
1115136   0357      559.37
11163187  0357      310.67
11177533  0357      310.67
11260715  0357      333.26
11261772  0357      407.34
11262378  0357      333.26
11263756  0357      310.67
11264465  0357      333.26
11264550  0357      310.67
11265496  0357      333.26
11265527  0357      355.95
11266390  0357      666.56
11267811  0357      621.34
11267932  0357      621.34
11268437  0357      407.34
11269196  0357      380.58
1129535   0357      425.00
11414487  0357      355.95
11425214  0357      333.26
11425449  0357      333.26
11426462  0357      453.35
11428034  0357      310.67
11428889  0357      833.19
11429539  0357      666.56
11429792  0357      310.67
11429991  0357      499.93
11430700  0357      333.26
11433167  0357      333.26
11433865  0357      666.56
11433968  0357      666.56
11434350  0357      333.26
11546168  0357      310.67
11584952  0357      333.26
11586448  0357      355.95
11589730  0357      666.56
11594236  0357      407.34
11594524  0357      310.67
11596252  0357      333.26
11597667  0357      333.26
11598121  0357      310.67
11598207  0357      310.67
11633896  0357      310.67
11645810  0357      333.26
11651035  0357      333.26
11651090  0357      333.26
11652405  0357      333.26
11653864  0357      333.26
11694358  0357      310.67
11694758  0357      333.26
11695394  0357      621.34
11749469  0357      333.26
11783201  0357      355.95
11783366  0357      407.34
11784637  0357      310.67
11786325  0357      407.34
11786432  0357      310.67
11787653  0357      666.56
11788587  0357      711.87
11788630  0357      355.95
11790273  0357      333.26
11790818  0357      499.93
11791177  0357      333.26
11792127  0357      333.26
11792506  0357      310.67
11792846  0357      367.80
11878930  0357      333.26
11879419  0357      355.95
11879750  0357      407.34
11881224  0357      407.34
11881668  0357      776.66
11881669  0357      556.76
11882080  0357      480.28
11883300  0357      666.56
12011761  0357      814.69
12018571  0357      466.02
12018729  0357      310.67
12018852  0357      333.26
12019816  0357      310.67
12020535  0357      380.58
12021559  0357      355.95
12021966  0357      333.26
12022428  0357      355.95
12023306  0357      380.58
12023981  0357      499.93
12024178  0357      333.26
12024179  0357      333.26
12025294  0357      499.93
12025488  0357      310.67
12025491  0357      310.67
12026565  0357      333.26
12027093  0357      333.26
12027260  0357      588.79
12027527  0357      310.67
12027928  0357      310.67
12027973  0357      711.87
12080554  0357      333.26
12241212  0357      466.02
12242270  0357      333.26
12243077  0357      310.67
12244707  0357      310.67
12247738  0357      499.93
12248400  0357      776.66
12248745  0357      333.26
12248755  0357      355.95
12248784  0357      621.34
12248960  0357      333.26
12249178  0357      407.34
12314254  0357      951.47
12369466  0357      333.26
12370670  0357      579.41
1239070   0357      424.24
12434895  0357      333.26
12435304  0357      333.26
12435757  0357      466.02
12435759  0357      833.19
12527456  0357      310.67
12534356  0357      333.26
12536172  0357      333.26
12536549  0357      380.58
1257983   0357      425.00
1258658   0357      425.73
1261562   0357      424.24
1262953   0357      507.57
1263302   0357      424.24
1263303   0357      425.73
12638103  0357      310.67
1265436   0357      425.73
1266723   0357      293.07
12691465  0357      333.26
1269356   0357      850.00
12698409  0357      310.67
12698965  0357      310.67
12701276  0357      407.34
12701301  0357      776.66
12702273  0357      464.00
12704473  0357      310.67
12704482  0357      711.87
12704649  0357      333.26
12704927  0357      333.26
12705860  0357      333.26
12706171  0357      333.26
12706774  0357      711.87
12707136  0357      333.26
1272390   0357      424.24
1273369   0357      425.73
1277938   0357      424.24
1278407   0357      425.73
12848719  0357      333.26
12849330  0357      380.58
12851330  0357      333.26
12852888  0357      333.26
12858616  0357      499.93
12878256  0357      333.26
12884972  0357      333.26
12934142  0357      310.67
12934525  0357      310.67
12935305  0357      333.26
12935606  0357      333.26
13032012  0357      776.66
13032033  0357      333.26
13034237  0357      333.26
13035222  0357      407.34
13084488  0357      310.67
13084886  0357      310.67
13179920  0357      310.67
13180551  0357      333.26
1318484   0357      424.24
13187744  0357      666.56
13187816  0357      499.93
13188137  0357      310.67
13188604  0357      466.02
13264411  0357      333.26
13265462  0357      310.67
13265946  0357      611.01
13266369  0357      333.26
13268000  0357      621.34
13268185  0357      621.34
13268352  0357      333.26
13268457  0357      310.67
13268537  0357      499.93
13343258  0357      310.67
13408041  0357      310.67
13510172  0357      310.67
13510180  0357      310.67
13519440  0357      310.67
13527636  0357      355.95
13566631  0357      407.34
13643981  0357      621.34
13643982  0357      466.02
13644051  0357      333.26
13644555  0357      776.66
13644665  0357      333.26
13644680  0357      889.83
13652653  0357      310.67
13674854  0357      355.95
13678214  0357      333.26
13678857  0357      310.67
13679940  0357      333.26
13724134  0357      499.93
13774187  0357      446.95
13774684  0357      333.26
13775452  0357      310.67
13775808  0357      310.67
13777181  0357      466.02
13785046  0357      310.67
13785661  0357      333.26
13785997  0357      310.67
13786181  0357      355.95
13787208  0357      333.26
13787741  0357      310.67
13842354  0357      333.26
13843775  0357      333.26
13856268  0357      333.26
13867427  0357      499.93
13868652  0357      333.26
13880177  0357      333.26
13880981  0357      333.26
13905892  0357      310.67
13986119  0357      333.26
14003086  0357      310.67
14030527  0357      310.67
14031045  0357      333.26
14031497  0357      833.19
14093727  0357      499.93
14094806  0357      355.95
14143188  0357      310.67
14159223  0357      621.34
14176671  0357      333.26
14228153  0357      333.26
14270811  0357      776.66
14293118  0357      499.93
1431183   0357      425.73
14335445  0357      310.67
14335539  0357      333.26
14372299  0357      355.95
14372545  0357      310.67
14372818  0357     1098.34
14376347  0357      333.26
14398946  0357      333.26
14399267  0357      466.02
14405196  0357      333.26
14405401  0357      333.26
14513487  0357      310.67
14590375  0357      310.67
14607589  0357      466.02
14648947  0357      333.26
14649126  0357      310.67
14825867  0357      833.19
14877620  0357      333.26
14877805  0357      355.95
14877859  0357      380.58
14879597  0357      666.56
14879704  0357      776.66
14880827  0357      355.95
14880972  0357      666.56
15056332  0357      355.95
15170350  0357      310.67
15177340  0357      355.95
15177867  0357      621.34
15229138  0357      333.26
15272372  0357      310.67
15306996  0357      310.67
15351139  0357      333.26
15352095  0357      333.26
15444190  0357      333.26
15448608  0357      333.26
15597541  0357      310.67
15598043  0357      310.67
15598319  0357      333.26
15598510  0357      666.56
15598933  0357      310.67
15599928  0357      466.02
15599929  0357      666.56
15668151  0357      666.56
15668851  0357      310.67
15690244  0357      310.67
15729233  0357      499.93
15729536  0357      776.66
15778630  0357      499.93
15885754  0357      310.67
15886521  0357      333.26
15959808  0357      310.67
15961650  0357      310.67
16001576  0357      310.67
16137706  0357      310.67
16138119  0357      499.93
1631390   0357      499.08
16385667  0357      310.67
16387437  0357      666.56
16594051  0357      310.67
16641426  0357      310.67
16736267  0357      333.26
16770549  0357      333.26
16788972  0357      666.56
16796439  0357      621.34
16796669  0357      310.67
17011869  0357      666.56
17012587  0357      833.19
17019549  0357      333.26
17033230  0357      310.67
17033256  0357      310.67
17104709  0357      333.26
17306742  0357      310.67
1737075   0357      424.24
17379215  0357      466.02
17380736  0357      310.67
17572385  0357      666.56
17574055  0357      310.67
17626132  0357      621.34
1763812   0357      507.57
1764349   0357      424.24
1765295   0357      848.51
1769938   0357      424.24
17727438  0357      833.19
17727473  0357      310.67
17853683  0357      833.19
17859806  0357      310.67
17859921  0357      621.34
17872590  0357      333.26
17942424  0357      310.67
17942640  0357      333.26
17965237  0357      499.93
18054647  0357      333.26
18058393  0357      310.67
18059918  0357      333.26
18263579  0357      333.26
18263756  0357      333.26
18332814  0357      333.26
18421508  0357      310.67
18422439  0357      666.56
18618969  0357      310.67
18655916  0357      333.26
18656459  0357      499.93
18785684  0357      310.67
18923581  0357      310.67
18928116  0357      310.67
18950730  0357      310.67
18998089  0357      621.34
1906129   0357      425.73
19262723  0357      333.26
1926999   0357      425.00
19324610  0357      666.56
19348247  0357      333.26
19355607  0357      310.67
19431369  0357      333.26
19436769  0357      333.26
19827450  0357      333.26
19850185  0357      776.66
19886649  0357      833.19
19973112  0357      333.26
20015405  0357      310.67
20046577  0357      621.34
20046584  0357      621.34
20187838  0357      333.26
20187870  0357      621.34
20189202  0357      380.58
20235584  0357      621.34
2030572   0357      424.24
2033664   0357      451.85
20348834  0357      466.02
20351464  0357      814.69
2101693   0357      499.44
21140944  0357      466.02
2130876   0357      424.24
21505687  0357      776.66
2157417   0357     1129.67
2186056   0357      424.24
2189077   0357      424.24
2196831   0357      424.24
2198274   0357      426.59
2198799   0357      424.24
22326349  0357      310.67
2272067   0357      424.24
23156662  0357      425.73
23573778  0357      310.67
2376223   0357      460.46
2380275   0357      425.00
2384661   0357      425.73
23851459  0357      310.67
2529886   0357      425.73
2532585   0357      424.24
2533320   0357      424.24
2534786   0357      311.40
2535843   0357      425.00
2536795   0357      425.73
2539607   0357      425.00
2539943   0357      424.24
2541142   0357      425.73
2541439   0357      580.63
2541709   0357      425.73
2543654   0357      425.73
2543813   0357      425.73
2543932   0357      424.24
2592064   0357      425.00
2592966   0357      462.46
2593377   0357      425.73
2593686   0357      424.24
2596405   0357      503.03
2598033   0357      425.73
2598733   0357      425.00
2598872   0357      424.24
2601437   0357      425.73
2603046   0357      425.73
2605164   0357      425.73
2605823   0357      293.04
2607322   0357      458.52
2608233   0357      447.28
2608304   0357      424.24
2608554   0357      425.73
2684589   0357      425.73
2741170   0357      450.87
2854705   0357      424.24
2870837   0357      424.24
2910376   0357      424.24
2910432   0357      424.24
2911765   0357      424.24
2912407   0357      424.24
2912692   0357      451.85
2913757   0357      424.24
2913809   0357      424.24
2915293   0357      424.24
2915714   0357      425.73
2915780   0357      424.24
2916362   0357      425.73
2916467   0357      424.24
2916786   0357      424.24
2918280   0357     1064.34
2992913   0357      424.24
3035349   0357      425.73
3080057   0357      677.79
3080311   0357      425.73
3080984   0357      620.41
3081351   0357      425.73
3082505   0357      510.76
3083006   0357      425.73
3083065   0357      424.24
3083457   0357      424.24
3083843   0357      424.24
3084868   0357      425.73
3084978   0357      424.24
3085009   0357      424.24
3085276   0357      425.11
3090485   0357      453.16
3156003   0357      483.95
3234299   0357      425.11
3245420   0357      425.73
3314884   0357      317.52
3315121   0357      424.24
3315781   0357      424.24
3317339   0357      451.95
3318589   0357      491.54
3318694   0357      512.76
3318719   0357      425.73
3320986   0357      425.73
3322128   0357      451.24
3322284   0357      424.24
3322381   0357      425.00
3324084   0357      591.79
3324110   0357      638.23
3329806   0357      425.73
3353242   0357      483.95
3528540   0357      462.58
3533360   0357      543.49
3535445   0357      424.24
3535838   0357      424.24
3538837   0357      461.87
3539352   0357      425.73
3541739   0357      425.73
3541975   0357      293.07
3542004   0357      355.95
3542015   0357      338.20
3554092   0357      425.00
3593839   0357      424.24
3598528   0357      425.73
3710064   0357      548.41
3759377   0357      424.24
3784066   0357      424.24
3784441   0357      472.67
3785251   0357      425.73
3792247   0357      425.73
3830110   0357      424.24
3855157   0357      293.04
3855577   0357      425.73
3856978   0357      424.24
3857004   0357      424.24
3857220   0357      425.76
3857667   0357      424.24
3857878   0357      425.00
3858323   0357      851.46
3858856   0357      355.95
3859230   0357      669.42
3864991   0357      494.53
3875055   0357      523.94
3877925   0357     1305.06
3878006   0357      531.84
3963688   0357      504.33
3964093   0357      583.18
3965704   0357      424.24
3969513   0357      427.30
4001934   0357      558.94
4064149   0357      457.14
4065177   0357      424.24
4065584   0357      454.25
4065648   0357      551.03
4066245   0357      424.24
4067118   0357      494.68
4067735   0357      490.56
4067795   0357      425.73
4068788   0357      424.24
4071074   0357      605.55
4071241   0357      501.26
4107436   0357      442.76
4191539   0357      424.24
4193094   0357     1062.50
4194671   0357      458.36
4195654   0357      424.24
4199927   0357      293.07
4200911   0357      424.24
4238916   0357      424.24
430240    0357      424.24
4317775   0357      652.99
4373204   0357      671.66
4373479   0357      424.24
4375498   0357      451.85
4375998   0357      434.75
4376813   0357      465.67
4377201   0357      425.00
4378140   0357      424.24
4378236   0357      424.24
4378283   0357      424.24
4378759   0357      619.15
4379154   0357      424.24
4381341   0357      424.24
4381614   0357      484.28
4382400   0357      638.61
4383023   0357      565.98
4383200   0357      424.24
4385047   0357      425.73
4386936   0357      380.58
4387777   0357     1134.30
4409485   0357      626.98
4409788   0357      424.24
4409789   0357      921.20
4414417   0357      481.88
4414541   0357      450.42
4414909   0357      425.73
4415675   0357      424.24
443869    0357      425.73
4609506   0357      456.43
4610129   0357      424.24
4720170   0357      466.02
4720923   0357      475.29
4721016   0357      310.67
4721639   0357      424.24
4722680   0357      424.24
4722814   0357      341.57
4723168   0357      424.24
4723403   0357      424.24
4724433   0357      425.73
4725919   0357      711.87
4727740   0357      429.67
4728331   0357      424.24
4729448   0357      302.67
4730168   0357      653.41
4730490   0357      424.24
4730823   0357      639.74
4731322   0357      632.15
4731494   0357      461.27
4732090   0357      490.78
4732618   0357      479.96
4734527   0357      310.67
4734940   0357      310.67
4735505   0357      424.24
4738424   0357      425.73
4739546   0357      562.39
4739796   0357      355.95
4754833   0357      573.46
4803744   0357      717.45
4805842   0357      333.26
4827213   0357      479.49
4853128   0357      395.69
4882144   0357      318.81
5017295   0357      310.67
5022967   0357      425.00
5237805   0357      469.64
5238236   0357      424.24
5239261   0357      492.96
5240821   0357      424.24
5242545   0357      477.91
5244302   0357      483.95
5244483   0357      310.67
5244484   0357      461.27
5244765   0357      424.24
5245261   0357      521.60
5248926   0357      487.44
5248954   0357      448.21
5249259   0357      333.26
5249817   0357      510.87
5250965   0357      425.73
5251153   0357      542.57
5251214   0357      488.58
5252606   0357      711.87
5253930   0357      424.24
5254613   0357      551.78
5254952   0357      424.24
5255567   0357      333.26
5255641   0357      528.02
5257069   0357      446.53
5257175   0357      425.73
5257421   0357      380.58
5257727   0357      833.19
5257774   0357      469.63
5259121   0357      424.24
5259785   0357      424.24
5261116   0357      443.34
5261139   0357      529.35
5261250   0357      424.24
5261418   0357      437.55
5261643   0357      529.52
5263470   0357      475.21
5344986   0357      447.64
5435450   0357      476.54
5436619   0357      355.95
5436795   0357      326.99
5438690   0357      465.78
5439480   0357      333.26
5439865   0357      951.47
5458236   0357      310.67
5461455   0357      425.75
5605414   0357     1083.73
5658043   0357      529.99
5688352   0357      478.72
5765952   0357      333.26
5779173   0357      333.26
5915261   0357      425.73
5921128   0357      640.19
5921800   0357      310.67
5923624   0357      355.95
5925143   0357      355.95
5925949   0357      293.07
5929492   0357      333.26
5935536   0357     1670.30
5938630   0357      554.22
5938995   0357      333.26
6044716   0357      499.93
6125595   0357     1121.35
6127630   0357      491.92
6238388   0357      407.34
6394853   0357      378.93
6537141   0357      424.24
6573443   0357      551.17
6573855   0357      380.58
6573893   0357      310.67
6575243   0357      310.67
6575301   0357      333.26
6584406   0357     1060.64
6602322   0357      310.67
6634354   0357      333.26
6689708   0357      333.26
6690236   0357      333.26
6701343   0357      480.50
6701344   0357      560.41
6701453   0357      333.26
673822    0357      424.24
6841910   0357      310.67
7211860   0357      355.95
7240399   0357      333.26
7300376   0357      465.78
7301470   0357      424.24
7305494   0357      425.73
7305781   0357      424.24
7308623   0357      498.31
7309317   0357      310.67
7309375   0357      439.39
7310425   0357      380.58
7310959   0357      425.73
7311233   0357      454.45
7311255   0357      550.13
7312149   0357      535.16
7313189   0357      424.24
7314050   0357      501.87
7314987   0357      380.58
7315048   0357      355.95
7315058   0357     1286.93
7315331   0357      333.26
7316059   0357      380.58
7316139   0357      524.07
7316607   0357      580.63
7316959   0357      850.00
7317744   0357      848.51
7318041   0357      463.57
7319649   0357      711.87
7321787   0357      310.67
7322304   0357      310.67
7322780   0357      310.67
7322794   0357      598.82
7324725   0357      425.00
7325664   0357      421.82
7325721   0357      425.73
7325722   0357      618.64
7325778   0357      293.07
7328421   0357      310.67
7330948   0357      333.26
7331943   0357      779.04
7332202   0357      529.51
7332734   0357      638.61
7333145   0357      660.92
7333526   0357     1059.02
7335642   0357      333.26
7337422   0357      416.73
7337778   0357      310.67
7338055   0357      562.13
7340200   0357      424.24
7340742   0357      451.24
7340989   0357      498.34
7342107   0357      310.67
7342680   0357      425.73
7343605   0357      447.64
7344290   0357      310.67
7344465   0357      621.34
7347856   0357      425.73
7348137   0357      432.96
7348986   0357      540.54
7349428   0357     1018.36
7349843   0357      310.67
7350162   0357      435.83
7350273   0357      310.67
7351297   0357      366.76
7352317   0357      310.67
7353377   0357      333.26
7354064   0357      310.67
7354848   0357      293.07
7355928   0357      424.24
7359478   0357      355.95
7360346   0357      310.67
7360517   0357      333.26
7363171   0357      406.18
7363652   0357      333.26
7365166   0357      532.97
7365545   0357      310.67
7367276   0357      310.67
7368710   0357      621.34
7369018   0357      333.26
7371154   0357      333.26
7372156   0357      310.67
7372973   0357      473.47
7373089   0357      448.36
7373215   0357      380.58
7374243   0357      474.43
7374616   0357      425.73
7377030   0357      310.67
7377579   0357      333.26
7379256   0357      621.34
7380616   0357      310.67
7381553   0357      333.26
7382148   0357      469.49
7382532   0357      310.67
7384964   0357      333.26
7387544   0357      666.56
7388038   0357      310.67
7388080   0357      333.26
7388125   0357      355.95
7388199   0357      711.63
7389581   0357      333.26
7391472   0357      437.05
7392153   0357      889.83
7393061   0357      310.67
7393144   0357      838.82
7395742   0357      293.04
7396051   0357      714.32
7398038   0357      377.62
7400031   0357      333.26
7401094   0357      333.26
7401380   0357      505.52
7401853   0357      310.67
7403123   0357      310.67
7403188   0357      310.67
7403563   0357      310.67
7406353   0357      333.26
7408531   0357      333.26
7409730   0357      310.67
7410177   0357      612.06
7412535   0357      355.95
7412738   0357      310.67
7415285   0357      592.26
7415448   0357      333.26
7416870   0357      447.64
7417289   0357      621.34
7417791   0357      666.56
7418898   0357      310.67
7418939   0357      333.26
7419340   0357      310.67
7419740   0357      522.20
7419800   0357      333.26
7419866   0357      776.66
7420316   0357      333.26
7420429   0357      355.95
7423108   0357      355.95
7423415   0357      333.26
7423444   0357      592.82
7425063   0357      310.67
7425430   0357      333.26
7425900   0357      310.67
7426046   0357      333.26
7427359   0357      310.67
7427520   0357      333.26
7429274   0357      333.26
7432253   0357      355.95
7434591   0357      833.19
7435158   0357     1189.18
7436077   0357      621.34
7436996   0357      333.26
7437806   0357      310.67
7437808   0357      440.35
7438450   0357      495.09
7439597   0357     1100.52
7439617   0357      333.26
7439629   0357      333.26
7440809   0357      318.79
7442445   0357      333.26
7444497   0357      466.02
7444651   0357      355.95
7444842   0357      333.26
7444889   0357      761.19
7445661   0357      310.67
7446382   0357      355.95
7446644   0357      333.26
7447067   0357      833.19
7447334   0357      380.58
7447992   0357      310.67
7449457   0357      310.67
7455429   0357      559.24
7455588   0357      505.52
7461704   0357      493.84
7465820   0357      833.19
7465910   0357      333.26
7466779   0357      631.61
7466870   0357      595.74
7502836   0357      488.61
7548386   0357      400.83
7548420   0357      506.72
770342    0357      425.73
7917981   0357      490.60
7981510   0357      633.48
7982728   0357      322.67
7982865   0357      355.95
7983170   0357      310.67
7984159   0357      333.26
7985605   0357      337.22
7988969   0357      665.94
8054279   0357      460.62
8064487   0357      796.11
8069571   0357      500.02
8140450   0357      322.31
8594315   0357      333.26
8718789   0357      731.67
8734286   0357      355.95
9066082   0357      424.24
9100619   0357      665.94
9211039   0357      310.67
9261804   0357      355.95
9317884   0357      711.87
9433060   0357      333.26
9540404   0357      355.95
9540845   0357      802.03
9542018   0357      889.83
9542237   0357      310.67
9543174   0357      532.97
9543530   0357      540.33
9544179   0357      333.26
9544345   0357      310.67
9544429   0357      578.59
9544827   0357      355.95
9545198   0357      424.24
9545952   0357      541.28
9546474   0357      333.26
9547148   0357      577.34
9551389   0357      333.26
9552709   0357      461.13
9553039   0357      829.77
9553047   0357      310.67
9553149   0357      310.67
9555077   0357      462.02
9555609   0357      310.67
9555641   0357      333.26
9557148   0357      761.19
9557803   0357      310.67
9557875   0357      310.67
9557894   0357      535.94
9558628   0357      310.67
9560453   0357      411.39
9570736   0357      559.88
9572755   0357      575.68
9577605   0357      595.23
9601343   0357      833.19
9603154   0357      556.76
9603683   0357      333.26
9603870   0357      293.07
9604166   0357      310.67
9604592   0357      611.01
9607091   0357      424.24
9608547   0357      333.26
9609337   0357      446.91
9609338   0357      666.56
9612117   0357      666.72
9612692   0357      333.26
9614364   0357      621.34
9615563   0357      333.26
9615964   0357      333.26
9617493   0357      621.34
9620242   0357      711.87
9620248   0357      761.19
9620376   0357      333.26
9620599   0357      355.95
9620701   0357      310.67
9620720   0357      483.27
9621777   0357      333.26
9622347   0357      333.26
9624370   0357      719.46
9624596   0357      310.67
9625361   0357      333.26
9625933   0357      666.56
9626082   0357      333.26
9626215   0357      310.67
9627150   0357      889.83
9627523   0357      666.56
9627724   0357      310.67
9629963   0357      355.95
9631462   0357      543.13
9634554   0357      608.96
9634674   0357      333.26
9636806   0357      310.67
9638320   0357      333.26
9639201   0357      310.67
9845319   0357      310.67
9846320   0357      355.95
9847068   0357      310.67
9847350   0357      645.08
9848693   0357      507.33
9850403   0357      333.26
9851111   0357      333.26
9851993   0357      598.77
10107724  3357      407.34
10120357  3357      333.26
10121866  3357      355.95
10125466  3357      310.67
10126656  3357      333.26
10141786  3357      355.95
10312414  3357      310.67
10373550  3357      333.26
10639752  3357      459.52
10726693  3357      333.26
10760806  3357      310.67
10764554  3357      355.95
10770124  3357      333.26
10772668  3357      310.67
10774121  3357      355.95
10775520  3357      310.67
10776516  3357      407.34
10776915  3357      310.67
10777645  3357      333.26
10778464  3357      310.67
10779723  3357      566.44
10784623  3357      333.26
10820078  3357      355.95
10840266  3357      333.26
10841061  3357      310.67
10841823  3357      407.34
10842205  3357      333.26
10843324  3357      333.26
10844947  3357      333.26
10845717  3357      310.67
10845943  3357      407.34
10846474  3357      333.26
10846532  3357      355.95
10846629  3357      479.21
10846940  3357      333.26
10846985  3357      333.26
10847648  3357      310.67
10848158  3357      654.77
10849906  3357      333.26
10849907  3357      355.95
10860593  3357      333.26
10903693  3357      447.64
10959957  3357      333.26
10960021  3357      333.26
10963442  3357      355.95
10963957  3357      355.95
10964062  3357      333.26
1108218   3357      424.24
1112379   3357      425.73
1115136   3357      559.37
11163187  3357      310.67
11177533  3357      310.67
11260715  3357      333.26
11261772  3357      407.34
11262378  3357      333.26
11263756  3357      310.67
11264465  3357      333.26
11264550  3357      310.67
11265496  3357      333.26
11265527  3357      355.95
11266390  3357      333.26
11267811  3357      310.67
11267932  3357      310.67
11268437  3357      407.34
11269196  3357      380.58
1129535   3357      425.00
11414487  3357      355.95
11425214  3357      333.26
11425449  3357      333.26
11426462  3357      453.35
11428034  3357      310.67
11428889  3357      333.26
11429539  3357      333.26
11429792  3357      310.67
11429991  3357      333.26
11430700  3357      333.26
11433167  3357      333.26
11433865  3357      333.26
11433968  3357      333.26
11434350  3357      333.26
11546168  3357      310.67
11584952  3357      333.26
11586448  3357      355.95
11589730  3357      333.26
11594236  3357      407.34
11594524  3357      310.67
11596252  3357      333.26
11597667  3357      333.26
11598121  3357      310.67
11598207  3357      310.67
11633896  3357      310.67
11645810  3357      333.26
11651035  3357      333.26
11651090  3357      333.26
11652405  3357      333.26
11653864  3357      333.26
11694358  3357      310.67
11694758  3357      333.26
11695394  3357      310.67
11749469  3357      333.26
11783201  3357      355.95
11783366  3357      407.34
11784637  3357      310.67
11786325  3357      407.34
11786432  3357      310.67
11787653  3357      333.26
11788587  3357      355.95
11788630  3357      355.95
11790273  3357      333.26
11790818  3357      333.26
11791177  3357      333.26
11792127  3357      333.26
11792506  3357      310.67
11792846  3357      367.80
11878930  3357      333.26
11879419  3357      355.95
11879750  3357      407.34
11881224  3357      407.34
11881668  3357      310.67
11881669  3357      556.76
11882080  3357      480.28
11883300  3357      333.26
12011761  3357      407.34
12018571  3357      310.67
12018729  3357      310.67
12018852  3357      333.26
12019816  3357      310.67
12020535  3357      380.58
12021559  3357      355.95
12021966  3357      333.26
12022428  3357      355.95
12023306  3357      380.58
12023981  3357      333.26
12024178  3357      333.26
12024179  3357      333.26
12025294  3357      333.26
12025488  3357      310.67
12025491  3357      310.67
12026565  3357      333.26
12027093  3357      333.26
12027260  3357      588.79
12027527  3357      310.67
12027928  3357      310.67
12027973  3357      355.95
12080554  3357      333.26
12241212  3357      310.67
12242270  3357      333.26
12243077  3357      310.67
12244707  3357      310.67
12247738  3357      333.26
12248400  3357      310.67
12248745  3357      333.26
12248755  3357      355.95
12248784  3357      310.67
12248960  3357      333.26
12249178  3357      407.34
12314254  3357      380.58
12369466  3357      333.26
12370670  3357      579.41
1239070   3357      424.24
12434895  3357      333.26
12435304  3357      333.26
12435757  3357      310.67
12435759  3357      333.26
12527456  3357      310.67
12534356  3357      333.26
12536172  3357      333.26
12536549  3357      380.58
1257983   3357      425.00
1258658   3357      425.73
1261562   3357      424.24
1262953   3357      507.57
1263302   3357      424.24
1263303   3357      425.73
12638103  3357      310.67
1265436   3357      425.73
1266723   3357      293.07
12691465  3357      333.26
1269356   3357      425.00
12698409  3357      310.67
12698965  3357      310.67
12701276  3357      407.34
12701301  3357      310.67
12702273  3357      464.00
12704473  3357      310.67
12704482  3357      355.95
12704649  3357      333.26
12704927  3357      333.26
12705860  3357      333.26
12706171  3357      333.26
12706774  3357      355.95
12707136  3357      333.26
1272390   3357      424.24
1273369   3357      425.73
1277938   3357      424.24
1278407   3357      425.73
12848719  3357      333.26
12849330  3357      380.58
12851330  3357      333.26
12852888  3357      333.26
12858616  3357      333.26
12878256  3357      333.26
12884972  3357      333.26
12934142  3357      310.67
12934525  3357      310.67
12935305  3357      333.26
12935606  3357      333.26
13032012  3357      310.67
13032033  3357      333.26
13034237  3357      333.26
13035222  3357      407.34
13084488  3357      310.67
13084886  3357      310.67
13179920  3357      310.67
13180551  3357      333.26
1318484   3357      424.24
13187744  3357      333.26
13187816  3357      333.26
13188137  3357      310.67
13188604  3357      310.67
13264411  3357      333.26
13265462  3357      310.67
13265946  3357      407.34
13266369  3357      333.26
13268000  3357      310.67
13268185  3357      310.67
13268352  3357      333.26
13268457  3357      310.67
13268537  3357      333.26
13343258  3357      310.67
13408041  3357      310.67
13510172  3357      310.67
13510180  3357      310.67
13519440  3357      310.67
13527636  3357      355.95
13566631  3357      407.34
13643981  3357      310.67
13643982  3357      310.67
13644051  3357      333.26
13644555  3357      310.67
13644665  3357      333.26
13644680  3357      355.95
13652653  3357      310.67
13674854  3357      355.95
13678214  3357      333.26
13678857  3357      310.67
13679940  3357      333.26
13724134  3357      333.26
13774187  3357      446.95
13774684  3357      333.26
13775452  3357      310.67
13775808  3357      310.67
13777181  3357      310.67
13785046  3357      310.67
13785661  3357      333.26
13785997  3357      310.67
13786181  3357      355.95
13787208  3357      333.26
13787741  3357      310.67
13842354  3357      333.26
13843775  3357      333.26
13856268  3357      333.26
13867427  3357      333.26
13868652  3357      333.26
13880177  3357      333.26
13880981  3357      333.26
13905892  3357      310.67
13986119  3357      333.26
14003086  3357      310.67
14030527  3357      310.67
14031045  3357      333.26
14031497  3357      333.26
14093727  3357      333.26
14094806  3357      355.95
14143188  3357      310.67
14159223  3357      310.67
14176671  3357      333.26
14228153  3357      333.26
14270811  3357      310.67
14293118  3357      333.26
1431183   3357      425.73
14335445  3357      310.67
14335539  3357      333.26
14372299  3357      355.95
14372545  3357      310.67
14372818  3357      439.35
14376347  3357      333.26
14398946  3357      333.26
14399267  3357      310.67
14405196  3357      333.26
14405401  3357      333.26
14513487  3357      310.67
14590375  3357      310.67
14607589  3357      310.67
14648947  3357      333.26
14649126  3357      310.67
14825867  3357      333.26
14877620  3357      333.26
14877805  3357      355.95
14877859  3357      380.58
14879597  3357      333.26
14879704  3357      310.67
14880827  3357      355.95
14880972  3357      333.26
15056332  3357      355.95
15170350  3357      310.67
15177340  3357      355.95
15177867  3357      310.67
15229138  3357      333.26
15272372  3357      310.67
15306996  3357      310.67
15351139  3357      333.26
15352095  3357      333.26
15444190  3357      333.26
15448608  3357      333.26
15597541  3357      310.67
15598043  3357      310.67
15598319  3357      333.26
15598510  3357      333.26
15598933  3357      310.67
15599928  3357      310.67
15599929  3357      333.26
15668151  3357      333.26
15668851  3357      310.67
15690244  3357      310.67
15729233  3357      333.26
15729536  3357      310.67
15778630  3357      333.26
15885754  3357      310.67
15886521  3357      333.26
15959808  3357      310.67
15961650  3357      310.67
16001576  3357      310.67
16137706  3357      310.67
16138119  3357      333.26
1631390   3357      499.08
16385667  3357      310.67
16387437  3357      333.26
16594051  3357      310.67
16641426  3357      310.67
16736267  3357      333.26
16770549  3357      333.26
16788972  3357      333.26
16796439  3357      310.67
16796669  3357      310.67
17011869  3357      333.26
17012587  3357      333.26
17019549  3357      333.26
17033230  3357      310.67
17033256  3357      310.67
17104709  3357      333.26
17306742  3357      310.67
1737075   3357      424.24
17379215  3357      310.67
17380736  3357      310.67
17572385  3357      333.26
17574055  3357      310.67
17626132  3357      310.67
1763812   3357      507.57
1764349   3357      424.24
1765295   3357      424.24
1769938   3357      424.24
17727438  3357      333.26
17727473  3357      310.67
17853683  3357      333.26
17859806  3357      310.67
17859921  3357      310.67
17872590  3357      333.26
17942424  3357      310.67
17942640  3357      333.26
17965237  3357      333.26
18054647  3357      333.26
18058393  3357      310.67
18059918  3357      333.26
18263579  3357      333.26
18263756  3357      333.26
18332814  3357      333.26
18421508  3357      310.67
18422439  3357      333.26
18618969  3357      310.67
18655916  3357      333.26
18656459  3357      333.26
18785684  3357      310.67
18923581  3357      310.67
18928116  3357      310.67
18950730  3357      310.67
18998089  3357      310.67
1906129   3357      425.73
19262723  3357      333.26
1926999   3357      425.00
19324610  3357      333.26
19348247  3357      333.26
19355607  3357      310.67
19431369  3357      333.26
19436769  3357      333.26
19827450  3357      333.26
19850185  3357      310.67
19886649  3357      333.26
19973112  3357      333.26
20015405  3357      310.67
20046577  3357      310.67
20046584  3357      310.67
20187838  3357      333.26
20187870  3357      310.67
20189202  3357      380.58
20235584  3357      310.67
2030572   3357      424.24
2033664   3357      451.85
20348834  3357      310.67
20351464  3357      407.34
2101693   3357      499.44
21140944  3357      310.67
2130876   3357      424.24
21505687  3357      310.67
2157417   3357      451.85
2186056   3357      424.24
2189077   3357      424.24
2196831   3357      424.24
2198274   3357      426.59
2198799   3357      424.24
22326349  3357      310.67
2272067   3357      424.24
23156662  3357      425.73
23573778  3357      310.67
2376223   3357      460.46
2380275   3357      425.00
2384661   3357      425.73
23851459  3357      310.67
2529886   3357      425.73
2532585   3357      424.24
2533320   3357      424.24
2534786   3357      311.40
2535843   3357      425.00
2536795   3357      425.73
2539607   3357      425.00
2539943   3357      424.24
2541142   3357      425.73
2541439   3357      580.63
2541709   3357      425.73
2543654   3357      425.73
2543813   3357      425.73
2543932   3357      424.24
2592064   3357      425.00
2592966   3357      462.46
2593377   3357      425.73
2593686   3357      424.24
2596405   3357      503.03
2598033   3357      425.73
2598733   3357      425.00
2598872   3357      424.24
2601437   3357      425.73
2603046   3357      425.73
2605164   3357      425.73
2605823   3357      293.04
2607322   3357      458.52
2608233   3357      447.28
2608304   3357      424.24
2608554   3357      425.73
2684589   3357      425.73
2741170   3357      450.87
2854705   3357      424.24
2870837   3357      424.24
2910376   3357      424.24
2910432   3357      424.24
2911765   3357      424.24
2912407   3357      424.24
2912692   3357      451.85
2913757   3357      424.24
2913809   3357      424.24
2915293   3357      424.24
2915714   3357      425.73
2915780   3357      424.24
2916362   3357      425.73
2916467   3357      424.24
2916786   3357      424.24
2918280   3357      425.73
2992913   3357      424.24
3035349   3357      425.73
3080057   3357      451.85
3080311   3357      425.73
3080984   3357      620.41
3081351   3357      425.73
3082505   3357      510.76
3083006   3357      425.73
3083065   3357      424.24
3083457   3357      424.24
3083843   3357      424.24
3084868   3357      425.73
3084978   3357      424.24
3085009   3357      424.24
3085276   3357      425.11
3090485   3357      453.16
3156003   3357      483.95
3234299   3357      425.11
3245420   3357      425.73
3314884   3357      317.52
3315121   3357      424.24
3315781   3357      424.24
3317339   3357      451.95
3318589   3357      491.54
3318694   3357      512.76
3318719   3357      425.73
3320986   3357      425.73
3322128   3357      451.24
3322284   3357      424.24
3322381   3357      425.00
3324084   3357      591.79
3324110   3357      638.23
3329806   3357      425.73
3353242   3357      483.95
3528540   3357      462.58
3533360   3357      543.49
3535445   3357      424.24
3535838   3357      424.24
3538837   3357      461.87
3539352   3357      425.73
3541739   3357      425.73
3541975   3357      293.07
3542004   3357      355.95
3542015   3357      338.20
3554092   3357      425.00
3593839   3357      424.24
3598528   3357      425.73
3710064   3357      548.41
3759377   3357      424.24
3784066   3357      424.24
3784441   3357      472.67
3785251   3357      425.73
3792247   3357      425.73
3830110   3357      424.24
3855157   3357      293.04
3855577   3357      425.73
3856978   3357      424.24
3857004   3357      424.24
3857220   3357      425.76
3857667   3357      424.24
3857878   3357      425.00
3858323   3357      425.73
3858856   3357      355.95
3859230   3357      446.29
3864991   3357      494.53
3875055   3357      523.94
3877925   3357      652.53
3878006   3357      531.84
3963688   3357      504.33
3964093   3357      583.18
3965704   3357      424.24
3969513   3357      427.30
4001934   3357      558.94
4064149   3357      457.14
4065177   3357      424.24
4065584   3357      454.25
4065648   3357      551.03
4066245   3357      424.24
4067118   3357      494.68
4067735   3357      490.56
4067795   3357      425.73
4068788   3357      424.24
4071074   3357      605.55
4071241   3357      501.26
4107436   3357      442.76
4191539   3357      424.24
4193094   3357      425.00
4194671   3357      458.36
4195654   3357      424.24
4199927   3357      293.07
4200911   3357      424.24
4238916   3357      424.24
430240    3357      424.24
4317775   3357      652.99
4373204   3357      671.66
4373479   3357      424.24
4375498   3357      451.85
4375998   3357      434.75
4376813   3357      465.67
4377201   3357      425.00
4378140   3357      424.24
4378236   3357      424.24
4378283   3357      424.24
4378759   3357      619.15
4379154   3357      424.24
4381341   3357      424.24
4381614   3357      484.28
4382400   3357      425.73
4383023   3357      565.98
4383200   3357      424.24
4385047   3357      425.73
4386936   3357      380.58
4387777   3357      453.70
4409485   3357      626.98
4409788   3357      424.24
4409789   3357      460.58
4414417   3357      481.88
4414541   3357      450.42
4414909   3357      425.73
4415675   3357      424.24
443869    3357      425.73
4609506   3357      456.43
4610129   3357      424.24
4720170   3357      310.67
4720923   3357      475.29
4721016   3357      310.67
4721639   3357      424.24
4722680   3357      424.24
4722814   3357      341.57
4723168   3357      424.24
4723403   3357      424.24
4724433   3357      425.73
4725919   3357      355.95
4727740   3357      429.67
4728331   3357      424.24
4729448   3357      302.67
4730168   3357      653.41
4730490   3357      424.24
4730823   3357      639.74
4731322   3357      632.15
4731494   3357      461.27
4732090   3357      490.78
4732618   3357      479.96
4734527   3357      310.67
4734940   3357      310.67
4735505   3357      424.24
4738424   3357      425.73
4739546   3357      562.39
4739796   3357      355.95
4754833   3357      573.46
4803744   3357      717.45
4805842   3357      333.26
4827213   3357      479.49
4853128   3357      395.69
4882144   3357      318.81
5017295   3357      310.67
5022967   3357      425.00
5237805   3357      469.64
5238236   3357      424.24
5239261   3357      492.96
5240821   3357      424.24
5242545   3357      477.91
5244302   3357      483.95
5244483   3357      310.67
5244484   3357      461.27
5244765   3357      424.24
5245261   3357      521.60
5248926   3357      487.44
5248954   3357      448.21
5249259   3357      333.26
5249817   3357      510.87
5250965   3357      425.73
5251153   3357      542.57
5251214   3357      488.58
5252606   3357      355.95
5253930   3357      424.24
5254613   3357      551.78
5254952   3357      424.24
5255567   3357      333.26
5255641   3357      528.02
5257069   3357      446.53
5257175   3357      425.73
5257421   3357      380.58
5257727   3357      333.26
5257774   3357      469.63
5259121   3357      424.24
5259785   3357      424.24
5261116   3357      443.34
5261139   3357      529.35
5261250   3357      424.24
5261418   3357      437.55
5261643   3357      529.52
5263470   3357      475.21
5344986   3357      447.64
5435450   3357      476.54
5436619   3357      355.95
5436795   3357      326.99
5438690   3357      465.78
5439480   3357      333.26
5439865   3357      380.58
5458236   3357      310.67
5461455   3357      425.75
5605414   3357      541.88
5658043   3357      529.99
5688352   3357      478.72
5765952   3357      333.26
5779173   3357      333.26
5915261   3357      425.73
5921128   3357      640.19
5921800   3357      310.67
5923624   3357      355.95
5925143   3357      355.95
5925949   3357      293.07
5929492   3357      333.26
5935536   3357      668.11
5938630   3357      554.22
5938995   3357      333.26
6044716   3357      333.26
6125595   3357      448.55
6127630   3357      491.92
6238388   3357      407.34
6394853   3357      378.93
6537141   3357      424.24
6573443   3357      551.17
6573855   3357      380.58
6573893   3357      310.67
6575243   3357      310.67
6575301   3357      333.26
6584406   3357      424.24
6602322   3357      310.67
6634354   3357      333.26
6689708   3357      333.26
6690236   3357      333.26
6701343   3357      480.50
6701344   3357      560.41
6701453   3357      333.26
673822    3357      424.24
6841910   3357      310.67
7211860   3357      355.95
7240399   3357      333.26
7300376   3357      465.78
7301470   3357      424.24
7305494   3357      425.73
7305781   3357      424.24
7308623   3357      498.31
7309317   3357      310.67
7309375   3357      439.39
7310425   3357      380.58
7310959   3357      425.73
7311233   3357      454.45
7311255   3357      550.13
7312149   3357      535.16
7313189   3357      424.24
7314050   3357      501.87
7314987   3357      380.58
7315048   3357      355.95
7315058   3357      514.77
7315331   3357      333.26
7316059   3357      380.58
7316139   3357      524.07
7316607   3357      580.63
7316959   3357      425.00
7317744   3357      424.24
7318041   3357      463.57
7319649   3357      355.95
7321787   3357      310.67
7322304   3357      310.67
7322780   3357      310.67
7322794   3357      598.82
7324725   3357      425.00
7325664   3357      421.82
7325721   3357      425.73
7325722   3357      618.64
7325778   3357      293.07
7328421   3357      310.67
7330948   3357      333.26
7331943   3357      779.04
7332202   3357      529.51
7332734   3357      425.73
7333145   3357      660.92
7333526   3357      529.51
7335642   3357      333.26
7337422   3357      416.73
7337778   3357      310.67
7338055   3357      562.13
7340200   3357      424.24
7340742   3357      451.24
7340989   3357      498.34
7342107   3357      310.67
7342680   3357      425.73
7343605   3357      447.64
7344290   3357      310.67
7344465   3357      310.67
7347856   3357      425.73
7348137   3357      432.96
7348986   3357      540.54
7349428   3357      407.34
7349843   3357      310.67
7350162   3357      435.83
7350273   3357      310.67
7351297   3357      366.76
7352317   3357      310.67
7353377   3357      333.26
7354064   3357      310.67
7354848   3357      293.07
7355928   3357      424.24
7359478   3357      355.95
7360346   3357      310.67
7360517   3357      333.26
7363171   3357      406.18
7363652   3357      333.26
7365166   3357      532.97
7365545   3357      310.67
7367276   3357      310.67
7368710   3357      310.67
7369018   3357      333.26
7371154   3357      333.26
7372156   3357      310.67
7372973   3357      473.47
7373089   3357      448.36
7373215   3357      380.58
7374243   3357      474.43
7374616   3357      425.73
7377030   3357      310.67
7377579   3357      333.26
7379256   3357      310.67
7380616   3357      310.67
7381553   3357      333.26
7382148   3357      469.49
7382532   3357      310.67
7384964   3357      333.26
7387544   3357      333.26
7388038   3357      310.67
7388080   3357      333.26
7388125   3357      355.95
7388199   3357      474.43
7389581   3357      333.26
7391472   3357      437.05
7392153   3357      355.95
7393061   3357      310.67
7393144   3357      419.39
7395742   3357      293.04
7396051   3357      476.23
7398038   3357      377.62
7400031   3357      333.26
7401094   3357      333.26
7401380   3357      505.52
7401853   3357      310.67
7403123   3357      310.67
7403188   3357      310.67
7403563   3357      310.67
7406353   3357      333.26
7408531   3357      333.26
7409730   3357      310.67
7410177   3357      612.06
7412535   3357      355.95
7412738   3357      310.67
7415285   3357      592.26
7415448   3357      333.26
7416870   3357      447.64
7417289   3357      310.67
7417791   3357      333.26
7418898   3357      310.67
7418939   3357      333.26
7419340   3357      310.67
7419740   3357      522.20
7419800   3357      333.26
7419866   3357      310.67
7420316   3357      333.26
7420429   3357      355.95
7423108   3357      355.95
7423415   3357      333.26
7423444   3357      592.82
7425063   3357      310.67
7425430   3357      333.26
7425900   3357      310.67
7426046   3357      333.26
7427359   3357      310.67
7427520   3357      333.26
7429274   3357      333.26
7432253   3357      355.95
7434591   3357      333.26
7435158   3357      475.65
7436077   3357      310.67
7436996   3357      333.26
7437806   3357      310.67
7437808   3357      440.35
7438450   3357      495.09
7439597   3357      550.25
7439617   3357      333.26
7439629   3357      333.26
7440809   3357      318.79
7442445   3357      333.26
7444497   3357      310.67
7444651   3357      355.95
7444842   3357      333.26
7444889   3357      380.58
7445661   3357      310.67
7446382   3357      355.95
7446644   3357      333.26
7447067   3357      333.26
7447334   3357      380.58
7447992   3357      310.67
7449457   3357      310.67
7455429   3357      559.24
7455588   3357      505.52
7461704   3357      493.84
7465820   3357      333.26
7465910   3357      333.26
7466779   3357      631.61
7466870   3357      595.74
7502836   3357      488.61
7548386   3357      400.83
7548420   3357      506.72
770342    3357      425.73
7917981   3357      490.60
7981510   3357      633.48
7982728   3357      322.67
7982865   3357      355.95
7983170   3357      310.67
7984159   3357      333.26
7985605   3357      337.22
7988969   3357      665.94
8054279   3357      460.62
8064487   3357      398.05
8069571   3357      500.02
8140450   3357      322.31
8594315   3357      333.26
8718789   3357      365.83
8734286   3357      355.95
9066082   3357      424.24
9100619   3357      665.94
9211039   3357      310.67
9261804   3357      355.95
9317884   3357      355.95
9433060   3357      333.26
9540404   3357      355.95
9540845   3357      534.69
9542018   3357      355.95
9542237   3357      310.67
9543174   3357      532.97
9543530   3357      540.33
9544179   3357      333.26
9544345   3357      310.67
9544429   3357      578.59
9544827   3357      355.95
9545198   3357      424.24
9545952   3357      541.28
9546474   3357      333.26
9547148   3357      577.34
9551389   3357      333.26
9552709   3357      461.13
9553039   3357      829.77
9553047   3357      310.67
9553149   3357      310.67
9555077   3357      462.02
9555609   3357      310.67
9555641   3357      333.26
9557148   3357      380.58
9557803   3357      310.67
9557875   3357      310.67
9557894   3357      535.94
9558628   3357      310.67
9560453   3357      411.39
9570736   3357      559.88
9572755   3357      575.68
9577605   3357      595.23
9601343   3357      333.26
9603154   3357      556.76
9603683   3357      333.26
9603870   3357      293.07
9604166   3357      310.67
9604592   3357      407.34
9607091   3357      424.24
9608547   3357      333.26
9609337   3357      446.91
9609338   3357      333.26
9612117   3357      666.72
9612692   3357      333.26
9614364   3357      310.67
9615563   3357      333.26
9615964   3357      333.26
9617493   3357      310.67
9620242   3357      355.95
9620248   3357      380.58
9620376   3357      333.26
9620599   3357      355.95
9620701   3357      310.67
9620720   3357      483.27
9621777   3357      333.26
9622347   3357      333.26
9624370   3357      719.46
9624596   3357      310.67
9625361   3357      333.26
9625933   3357      333.26
9626082   3357      333.26
9626215   3357      310.67
9627150   3357      355.95
9627523   3357      333.26
9627724   3357      310.67
9629963   3357      355.95
9631462   3357      543.13
9634554   3357      608.96
9634674   3357      333.26
9636806   3357      310.67
9638320   3357      333.26
9639201   3357      310.67
9845319   3357      310.67
9846320   3357      355.95
9847068   3357      310.67
9847350   3357      645.08
9848693   3357      507.33
9850403   3357      333.26
9851111   3357      333.26
9851993   3357      598.77
