10107724  0357      302.58
10120357  0357      372.98
10121866  0357      661.37
10125466  0357      219.06
10126656  0357      248.65
10141786  0357      264.55
10312414  0357      219.06
10373550  0357      497.30
10639752  0357      219.06
10726693  0357      248.65
10760806  0357      219.06
10764554  0357      264.55
10770124  0357      248.65
10772668  0357      219.06
10774121  0357      264.55
10775520  0357      438.12
10776516  0357      302.58
10776915  0357      219.06
10777645  0357      372.98
10778464  0357      219.06
10779723  0357     1226.06
10784623  0357      248.65
10820078  0357      264.55
10840266  0357      248.65
10841061  0357      219.06
10841823  0357      302.58
10842205  0357      248.65
10843324  0357      621.63
10844575  0357      605.16
10844947  0357      248.65
10845717  0357      219.06
10845943  0357      302.58
10846474  0357      248.65
10846532  0357      264.55
10846629  0357      248.65
10846940  0357      497.30
10846985  0357      248.65
10847648  0357      219.06
10848158  0357     1417.25
10849906  0357      248.65
10849907  0357      264.55
10860593  0357      248.65
10903693  0357      219.06
10959957  0357      248.65
10960021  0357      248.65
10963442  0357      264.55
10963957  0357      264.55
10964062  0357      497.30
1108218   0357      918.30
1112379   0357      921.51
1115136   0357     1210.79
11163187  0357      219.06
11177533  0357      219.06
11260715  0357      248.65
11261772  0357      302.58
11262378  0357      248.65
11263756  0357      219.06
11264465  0357      248.65
11264550  0357      219.06
11265496  0357      248.65
11265527  0357      264.55
11266390  0357      497.30
11267811  0357      438.12
11267932  0357      438.12
11268437  0357      302.58
11269196  0357      282.55
1129535   0357      919.91
11414487  0357      264.55
11425214  0357      248.65
11425449  0357      248.65
11426462  0357      219.06
11428034  0357      219.06
11428889  0357      621.63
11429539  0357      497.30
11429792  0357      219.06
11429991  0357      372.98
11430700  0357      248.65
11433167  0357      248.65
11433865  0357      497.30
11433968  0357      497.30
11434350  0357      248.65
11546168  0357      219.06
11580362  0357      264.55
11584952  0357      248.65
11586448  0357      248.65
11589730  0357      497.30
11594236  0357      302.58
11594524  0357      219.06
11596252  0357      248.65
11597667  0357      248.65
11598121  0357      219.06
11598207  0357      219.06
11598956  0357      219.06
11633896  0357      219.06
11645810  0357      248.65
11651035  0357      248.65
11651090  0357      248.65
11652405  0357      248.65
11653864  0357      248.65
11694358  0357      219.06
11694758  0357      248.65
11695394  0357      438.12
11749469  0357      248.65
11783201  0357      264.55
11783366  0357      302.58
11784637  0357      219.06
11786325  0357      302.58
11786432  0357      219.06
11787653  0357      497.30
11787807  0357      248.65
11788587  0357      529.09
11788630  0357      264.55
11790273  0357      248.65
11790818  0357      372.98
11791177  0357      248.65
11792127  0357      248.65
11792506  0357      219.06
11792846  0357      248.65
11878930  0357      248.65
11879419  0357      264.55
11879750  0357      302.58
11881224  0357      302.58
11881668  0357      547.65
11881669  0357      219.06
11882080  0357      219.06
11882720  0357      302.58
11883300  0357      497.30
11949766  0357      302.58
12011761  0357      605.16
12018571  0357      328.59
12018729  0357      219.06
12018852  0357      248.65
12019816  0357      219.06
12020535  0357      282.55
12021559  0357      264.55
12021966  0357      248.65
12022428  0357      264.55
12023306  0357      282.55
12023981  0357      372.98
12024178  0357      248.65
12024179  0357      248.65
12025294  0357      372.98
12025488  0357      219.06
12025491  0357      219.06
12026565  0357      248.65
12027093  0357      248.65
12027260  0357     1274.45
12027527  0357      219.06
12027928  0357      219.06
12027973  0357      529.09
12080554  0357      248.65
12241212  0357      328.59
12242270  0357      248.65
12243077  0357      219.06
12244707  0357      219.06
12247738  0357      372.98
12248400  0357      547.65
12248755  0357      264.55
12248784  0357      438.12
12248960  0357      248.65
12249178  0357      302.58
12279667  0357      248.65
12314254  0357      706.37
1232375   0357      919.91
12369466  0357      248.65
12370670  0357      282.55
1239070   0357      918.30
12434895  0357      219.06
12435304  0357      248.65
12435757  0357      328.59
12435759  0357      621.63
12527456  0357      219.06
12534356  0357      248.65
12536172  0357      248.65
12536549  0357      282.55
1254062   0357      918.30
1257983   0357      919.91
1258658   0357      921.51
1261562   0357      918.30
1262953   0357     1098.65
1263302   0357      918.30
1263303   0357      921.51
1263991   0357      919.91
1265436   0357      921.51
1266723   0357      634.32
12691465  0357      248.65
1269356   0357     1839.83
12698409  0357      219.06
12698965  0357      219.06
12700553  0357      219.06
12701276  0357      248.65
12701301  0357      547.65
12702273  0357      219.06
12704473  0357      219.06
12704482  0357      529.09
12704649  0357      248.65
12704927  0357      248.65
12705860  0357      248.65
12706171  0357      248.65
12706774  0357      529.09
12707136  0357      248.65
1272390   0357      918.30
1273369   0357      921.51
1277938   0357      918.30
1278407   0357      921.51
12848719  0357      248.65
12849330  0357      282.55
12851330  0357      248.65
12852888  0357      248.65
12858616  0357      372.98
12878256  0357      248.65
12884972  0357      248.65
12934142  0357      219.06
12934525  0357      219.06
12935305  0357      248.65
12935606  0357      248.65
13032012  0357      438.12
13032033  0357      248.65
13034237  0357      248.65
13035222  0357      302.58
13084488  0357      219.06
13084886  0357      219.06
13180551  0357      248.65
1318484   0357      918.30
13187744  0357      497.30
13187816  0357      372.98
13188137  0357      219.06
13188604  0357      328.59
13264411  0357      248.65
13265462  0357      219.06
13265946  0357      372.98
13266369  0357      248.65
13268000  0357      438.12
13268185  0357      438.12
13268457  0357      219.06
13268537  0357      372.98
13343258  0357      219.06
13408041  0357      219.06
13510172  0357      219.06
13510180  0357      219.06
13519440  0357      219.06
13527636  0357      264.55
13566631  0357      302.58
13643981  0357      438.12
13643982  0357      328.59
13644051  0357      248.65
13644555  0357      547.65
13644665  0357      248.65
13644680  0357      661.37
13652653  0357      219.06
13674854  0357      264.55
13678214  0357      248.65
13678857  0357      219.06
13679940  0357      248.65
13724134  0357      372.98
13774187  0357      219.06
13774684  0357      248.65
13775452  0357      219.06
13775808  0357      219.06
13777181  0357      328.59
13785046  0357      219.06
13785661  0357      248.65
13785997  0357      219.06
13786181  0357      248.65
13787208  0357      248.65
13787741  0357      219.06
13842354  0357      248.65
13843775  0357      248.65
13856268  0357      248.65
13867427  0357      372.98
13868652  0357      248.65
13880177  0357      219.06
13880981  0357      248.65
13905892  0357      219.06
13986119  0357      248.65
13990906  0357      396.82
14003086  0357      219.06
14030527  0357      219.06
14031045  0357      248.65
14031497  0357      621.63
14093727  0357      372.98
14094806  0357      264.55
14143188  0357      219.06
14159223  0357      438.12
14176129  0357      248.65
14176671  0357      248.65
14270811  0357      547.65
14293118  0357      372.98
1431183   0357      921.51
14335445  0357      219.06
14335539  0357      248.65
14372299  0357      264.55
14372545  0357      219.06
14372818  0357     2377.36
14376347  0357      248.65
14398946  0357      248.65
14399267  0357      328.59
14405196  0357      248.65
14405401  0357      248.65
14513487  0357      219.06
14590375  0357      219.06
14607589  0357      328.59
14648947  0357      248.65
14649126  0357      219.06
14825867  0357      248.65
14877620  0357      248.65
14877805  0357      264.55
14877859  0357      282.55
14879597  0357      497.30
14879704  0357      547.65
14880827  0357      264.55
14880972  0357      497.30
15170350  0357      219.06
15177340  0357      264.55
15177867  0357      438.12
15306151  0357      547.65
15306996  0357      219.06
15352095  0357      248.65
15444811  0357      264.55
15448608  0357      248.65
15597541  0357      219.06
15598043  0357      219.06
15598319  0357      248.65
15598510  0357      497.30
15598933  0357      219.06
15599928  0357      328.59
15668151  0357      497.30
15668851  0357      219.06
15690244  0357      219.06
15729233  0357      372.98
15729536  0357      547.65
15778630  0357      372.98
15885754  0357      219.06
15959808  0357      219.06
15961650  0357      219.06
16001576  0357      219.06
16137706  0357      219.06
16138119  0357      372.98
1631390   0357     1080.27
16324090  0357      248.65
16385667  0357      219.06
16387437  0357      497.30
16594051  0357      219.06
16641426  0357      219.06
16736267  0357      248.65
16770549  0357      248.65
16788972  0357      497.30
16796439  0357      438.12
17011869  0357      497.30
17012587  0357      621.63
17019549  0357      248.65
17033230  0357      219.06
17033256  0357      219.06
17104175  0357      248.65
17104709  0357      248.65
17306742  0357      219.06
1737075   0357      918.30
17379215  0357      328.59
17380736  0357      219.06
17572385  0357      497.30
17574055  0357      219.06
17626132  0357      438.12
1763812   0357     1098.65
1764349   0357      918.30
1765295   0357     1836.59
1769938   0357      918.30
17727473  0357      219.06
17859806  0357      219.06
17859921  0357      438.12
17872590  0357      248.65
17942640  0357      248.65
17965237  0357      372.98
18054647  0357      248.65
18058393  0357      219.06
18059918  0357      248.65
18263579  0357      248.65
18263756  0357      248.65
1834693   0357      634.32
18421508  0357      219.06
18422439  0357      497.30
18471327  0357      248.65
18618969  0357      219.06
18655916  0357      248.65
18656459  0357      372.98
18785684  0357      219.06
18928116  0357      219.06
18950730  0357      219.06
1906129   0357      921.51
19166206  0357      547.65
19262723  0357      248.65
1926999   0357      919.91
19324610  0357      497.30
19424156  0357      497.30
19431369  0357      248.65
19827450  0357      219.06
19850185  0357      547.65
19886649  0357      621.63
19973112  0357      248.65
20046577  0357      438.12
20046584  0357      438.12
20187870  0357      438.12
20189202  0357      282.55
20235584  0357      438.12
2030572   0357      918.30
2033664   0357      978.06
20348834  0357      328.59
20351464  0357      497.30
2101693   0357     1081.06
21140944  0357      328.59
2130876   0357      918.30
2157417   0357     2445.15
2186056   0357      918.30
2189077   0357      918.30
2196831   0357      918.30
2198274   0357      923.40
2198799   0357      918.30
22326349  0357      219.06
2272067   0357      918.30
23156662  0357      921.51
2376223   0357      996.64
2380275   0357      919.91
2384661   0357      921.51
2529886   0357      921.51
2532585   0357      918.30
2533320   0357      918.30
2534786   0357      674.01
2535843   0357      919.91
2536373   0357      919.91
2536795   0357      921.51
2539607   0357      919.91
2539943   0357      918.30
2541142   0357      921.51
2541439   0357     1256.77
2541709   0357      921.51
2543654   0357      921.51
2543813   0357      921.51
2543932   0357      918.30
2592064   0357      919.91
2592966   0357     1000.97
2593377   0357      921.51
2593686   0357      918.30
2596405   0357     1088.84
2597854   0357      921.51
2598033   0357      921.51
2598733   0357      919.91
2598872   0357      918.30
2601437   0357      921.51
2603046   0357      921.51
2605117   0357      919.91
2605164   0357      921.51
2605823   0357      634.27
2607322   0357      992.47
2608233   0357      968.17
2608304   0357      918.30
2608554   0357      921.51
2684589   0357      921.51
2741170   0357      975.90
2854705   0357      918.30
2870837   0357      918.30
2910376   0357      918.30
2910432   0357      918.30
2911765   0357      918.30
2912407   0357      918.30
2912692   0357      978.06
2913757   0357      918.30
2913809   0357      918.30
2915293   0357      918.30
2915714   0357      921.51
2915780   0357      918.30
2916102   0357      674.01
2916362   0357      921.51
2916467   0357      918.30
2916786   0357      918.30
2918280   0357     2303.78
2992913   0357      918.30
3035349   0357      921.51
3080057   0357     1467.09
3080311   0357      921.51
3080984   0357     1342.90
3081351   0357      921.51
3082505   0357     1105.56
3083006   0357      921.51
3083065   0357      918.30
3083457   0357      918.30
3083843   0357      918.30
3084868   0357      921.51
3084978   0357      918.30
3085009   0357      918.30
3085276   0357      920.16
3090485   0357      980.87
3156003   0357     1047.48
3234299   0357      920.16
3245420   0357      921.51
3314884   0357      687.27
3315121   0357      918.30
3315781   0357      918.30
3317339   0357      978.27
3318589   0357     1063.96
3318694   0357     1109.85
3318719   0357      921.51
3320986   0357      921.51
3322128   0357      976.70
3322284   0357      918.30
3322381   0357      919.91
3324084   0357     1280.92
3324110   0357     1381.44
3324403   0357      978.06
3329806   0357      921.51
3353242   0357     1047.48
3528540   0357     1001.28
3533360   0357     1176.41
3535445   0357      918.30
3535676   0357      921.51
3535838   0357      918.30
3538837   0357      999.76
3539352   0357      921.51
3541739   0357      921.51
3541975   0357      634.32
3542004   0357      264.55
3542015   0357      732.03
3554092   0357      919.91
3593839   0357      918.30
3598528   0357      921.51
3710064   0357     1187.04
3759377   0357      918.30
3784066   0357      918.30
3784441   0357     1023.10
3785251   0357      921.51
3792247   0357      921.51
3830110   0357      918.30
3855157   0357      634.27
3855577   0357      921.51
3856978   0357      918.30
3857004   0357      918.30
3857220   0357      921.55
3857667   0357      918.30
3857878   0357      919.91
3858323   0357     1843.03
3858856   0357      264.55
3859230   0357     1448.97
3864991   0357     1070.42
3875055   0357     1134.09
3877925   0357     2824.81
3878006   0357     1151.16
3963688   0357     1091.59
3964093   0357     1262.28
3964337   0357      918.30
3965704   0357      918.30
3969513   0357      924.88
4001934   0357     1209.82
4064149   0357      989.48
4065177   0357      918.30
4065584   0357      248.65
4065648   0357     1192.69
4066245   0357      918.30
4067118   0357     1070.75
4067735   0357     1061.81
4067795   0357      921.51
4068788   0357      918.30
4071074   0357     1310.69
4071241   0357     1084.96
4107436   0357      219.06
4191539   0357      918.30
4193094   0357     2299.78
4194671   0357      992.11
4195654   0357      918.30
4199927   0357      634.32
4200911   0357      918.30
4238916   0357      918.30
430240    0357      918.30
4317775   0357     1413.37
4373204   0357     1453.77
4373479   0357      918.30
4375498   0357      978.06
4375998   0357      941.03
4376813   0357     1007.95
4377201   0357      919.91
4378140   0357      918.30
4378236   0357      918.30
4378283   0357      918.30
4378759   0357     1340.14
4379154   0357      918.30
4381341   0357      918.30
4381614   0357     1048.19
4382400   0357     1382.27
4383023   0357      264.55
4383200   0357      918.30
4385047   0357      921.51
4386936   0357      282.55
4387777   0357      547.65
4409485   0357     1357.06
4409788   0357      918.30
4409789   0357     1993.93
4414417   0357     1043.03
4414541   0357      974.92
4414909   0357      921.51
4415675   0357      918.30
443869    0357      921.51
4609506   0357      987.93
4610129   0357      918.30
4720170   0357      328.59
4720923   0357      248.65
4721016   0357      219.06
4721639   0357      918.30
4722680   0357      918.30
4722814   0357      739.31
4723168   0357      918.30
4723276   0357     1029.99
4723403   0357      918.30
4724433   0357      921.51
4725919   0357      529.09
4727740   0357      219.06
4728331   0357      918.30
4729448   0357      655.15
4730168   0357     1414.28
4730490   0357      918.30
4730823   0357     1384.70
4731322   0357     1368.27
4731494   0357      998.45
4732090   0357     1062.26
4732618   0357      219.06
4734527   0357      219.06
4734940   0357      219.06
4735505   0357      918.30
4738424   0357      921.51
4739546   0357     1217.26
4739796   0357      264.55
4754833   0357     1241.23
4803744   0357     1552.89
4805842   0357      248.65
4827213   0357     1037.86
4853128   0357      856.46
4882144   0357      690.06
5017295   0357      219.06
5022967   0357      919.91
5237805   0357      248.65
5238236   0357      918.30
5239261   0357     1066.98
5240821   0357      918.30
5242545   0357     1034.48
5244302   0357     1047.48
5244483   0357      219.06
5244484   0357      998.45
5244765   0357      918.30
5245261   0357      264.55
5248926   0357     1055.08
5248954   0357      970.16
5249259   0357      248.65
5249817   0357      264.55
5250965   0357      921.51
5251153   0357     1174.42
5251214   0357     1057.54
5252606   0357      529.09
5253930   0357      918.30
5254613   0357     1194.30
5254952   0357      918.30
5255567   0357      248.65
5255641   0357      264.55
5257069   0357      966.53
5257175   0357      921.51
5257421   0357      282.55
5257727   0357      621.63
5257774   0357      248.65
5259121   0357      918.30
5259785   0357      918.30
5261116   0357      219.06
5261139   0357     1145.78
5261250   0357      918.30
5261418   0357      947.07
5261643   0357     1146.17
5263470   0357     1028.60
5344986   0357      219.06
5435450   0357     1031.47
5436619   0357      264.55
5436795   0357      707.79
5438690   0357     1008.19
5439480   0357      248.65
5439865   0357      706.37
5458236   0357      219.06
5461455   0357      921.55
5605414   0357     2345.72
5658043   0357     1147.21
5688352   0357      248.65
5765952   0357      248.65
5779173   0357      248.65
5915261   0357      921.51
5921128   0357     1385.66
5921800   0357      219.06
5923624   0357      264.55
5925143   0357      264.55
5925949   0357      634.32
5929492   0357      248.65
5935536   0357      661.37
5938630   0357     1199.63
5938995   0357      248.65
6044716   0357      372.98
6125595   0357      547.65
6127630   0357     1064.74
6238388   0357      302.58
6394853   0357      820.22
64800     0357      920.16
6537141   0357      918.30
6573443   0357     1192.98
6573855   0357      282.55
6573893   0357      219.06
6575243   0357      219.06
6575301   0357      248.65
6584406   0357     2295.74
6602322   0357      219.06
6634354   0357      248.65
6689708   0357      248.65
6690236   0357      248.65
6701343   0357      248.65
6701344   0357      248.65
6701453   0357      248.65
673822    0357      918.30
6841910   0357      219.06
7076647   0357      248.65
7211860   0357      264.55
7240399   0357      248.65
7300376   0357     1008.19
7301470   0357      918.30
7305494   0357      921.51
7305781   0357      918.30
7308623   0357     1078.61
7309317   0357      219.06
7309375   0357      219.06
7310425   0357      282.55
7310959   0357      921.51
7311233   0357      983.63
7311255   0357     1190.76
7312149   0357     1158.35
7313189   0357      918.30
7314050   0357      219.06
7314987   0357      282.55
7315048   0357      264.55
7315058   0357     2785.56
7315331   0357      248.65
7316059   0357      282.55
7316139   0357      264.55
7316607   0357     1256.77
7316959   0357     1839.83
7317744   0357     1836.59
7318041   0357     1003.40
7319649   0357      529.09
7321787   0357      219.06
7322304   0357      219.06
7322780   0357      219.06
7322794   0357     1296.15
7324725   0357      919.91
7325664   0357      913.02
7325721   0357      921.51
7325722   0357     1339.06
7325778   0357      634.32
7328421   0357      219.06
7330948   0357      248.65
7331943   0357     1686.24
7332202   0357     1146.11
7332734   0357     1382.27
7333145   0357      264.55
7333526   0357     2292.21
7335642   0357      248.65
7337422   0357      902.03
7337778   0357      219.06
7338055   0357      282.55
7340200   0357      918.30
7340742   0357      976.70
7340989   0357     1078.69
7342107   0357      219.06
7342680   0357      921.51
7343605   0357      219.06
7344290   0357      219.06
7344465   0357      438.12
7347856   0357      921.51
7348137   0357      219.06
7348986   0357     1169.98
7349428   0357      756.45
7349843   0357      219.06
7350162   0357      943.36
7350273   0357      219.06
7351297   0357      793.88
7352317   0357      219.06
7353364   0357      438.12
7353377   0357      248.65
7354064   0357      219.06
7354848   0357      634.32
7355928   0357      918.30
7359478   0357      264.55
7360346   0357      219.06
7360517   0357      248.65
7363171   0357      879.17
7363652   0357      248.65
7365166   0357      248.65
7365545   0357      219.06
7367276   0357      219.06
7368710   0357      438.12
7369018   0357      248.65
7371154   0357      248.65
7372156   0357      219.06
7372973   0357     1024.86
7373089   0357      219.06
7373215   0357      282.55
7374243   0357      219.06
7374616   0357      921.51
7377030   0357      219.06
7377579   0357      248.65
7379256   0357      438.12
7380616   0357      219.06
7381553   0357      248.65
7382148   0357     1016.18
7382532   0357      219.06
7384964   0357      248.65
7387544   0357      497.30
7388038   0357      219.06
7388080   0357      248.65
7388125   0357      264.55
7388199   0357      328.59
7389581   0357      248.65
7391472   0357      219.06
7392153   0357      661.37
7393061   0357      219.06
7393144   0357      438.12
7395742   0357      634.27
7396051   0357      372.98
7398038   0357      817.35
7400031   0357      248.65
7401094   0357      248.65
7401380   0357      248.65
7401853   0357      219.06
7403123   0357      219.06
7403188   0357      219.06
7403563   0357      219.06
7406353   0357      248.65
7408531   0357      248.65
7409730   0357      219.06
7410177   0357      302.58
7412535   0357      264.55
7412738   0357      219.06
7415285   0357      302.58
7415448   0357      248.65
7416870   0357      219.06
7417289   0357      438.12
7417791   0357      497.30
7418898   0357      219.06
7418939   0357      248.65
7419340   0357      219.06
7419740   0357     1130.28
7419800   0357      248.65
7419866   0357      547.65
7420316   0357      248.65
7420429   0357      264.55
7423108   0357      264.55
7423415   0357      248.65
7423444   0357     1283.15
7425063   0357      219.06
7425430   0357      248.65
7425900   0357      219.06
7426046   0357      248.65
7427359   0357      219.06
7427520   0357      248.65
7429274   0357      248.65
7432253   0357      264.55
7434591   0357      621.63
7435158   0357      547.65
7436077   0357      438.12
7436996   0357      248.65
7437806   0357      219.06
7437808   0357      219.06
7438450   0357      248.65
7439597   0357      565.09
7439617   0357      248.65
7439629   0357      248.65
7440809   0357      690.01
7442445   0357      248.65
7444497   0357      328.59
7444651   0357      264.55
7444842   0357      248.65
7444889   0357      565.09
7445661   0357      219.06
7446382   0357      264.55
7446644   0357      248.65
7447067   0357      621.63
7447992   0357      219.06
7449457   0357      219.06
7455429   0357     1210.47
7455588   0357      248.65
7461704   0357      248.65
7465820   0357      621.63
7465910   0357      248.65
7466779   0357     1367.12
7466870   0357     1289.46
7502836   0357     1057.57
7548386   0357      867.63
7548420   0357     1096.77
770342    0357      921.51
7917981   0357      248.65
7981510   0357      264.55
7982728   0357      219.06
7982865   0357      264.55
7983170   0357      219.06
7984159   0357      248.65
7985605   0357      729.92
7988969   0357     1441.43
8054279   0357      997.02
8064487   0357     1723.21
8069571   0357      248.65
8140450   0357      697.67
8594315   0357      248.65
8718789   0357      497.30
8734286   0357      264.55
9066082   0357      918.30
9100619   0357     1441.43
9211039   0357      219.06
9261804   0357      264.55
9317884   0357      529.09
9433060   0357      248.65
9540404   0357      264.55
9540845   0357      423.82
9542018   0357      264.55
9542237   0357      219.06
9543174   0357      248.65
9543530   0357     1169.57
9544179   0357      248.65
9544345   0357      219.06
9544429   0357      264.55
9544827   0357      264.55
9545198   0357      918.30
9545952   0357     1171.57
9546474   0357      248.65
9547148   0357      219.06
9551389   0357      248.65
9552709   0357      998.13
9553039   0357     1796.05
9553047   0357      219.06
9553149   0357      219.06
9555077   0357     1000.04
9555609   0357      219.06
9555641   0357      248.65
9557148   0357      565.09
9557803   0357      219.06
9557875   0357      219.06
9557894   0357     1160.07
9558628   0357      219.06
9560453   0357      219.06
9570736   0357     1211.89
9572755   0357      248.65
9577605   0357     1288.40
9601343   0357      621.63
9603154   0357      219.06
9603683   0357      248.65
9603870   0357      634.32
9604166   0357      219.06
9604592   0357      453.87
9607091   0357      918.30
9608547   0357      248.65
9609337   0357      219.06
9609338   0357      497.30
9612117   0357     1443.11
9612530   0357     3381.11
9612692   0357      248.65
9614364   0357      438.12
9615563   0357      248.65
9615964   0357      248.65
9617493   0357      438.12
9620242   0357      529.09
9620248   0357      565.09
9620376   0357      248.65
9620599   0357      264.55
9620701   0357      219.06
9620720   0357      219.06
9621777   0357      248.65
9622347   0357      248.65
9624370   0357      302.58
9624596   0357      219.06
9625361   0357      248.65
9625933   0357      497.30
9626082   0357      248.65
9626215   0357      219.06
9627150   0357      661.37
9627523   0357      497.30
9627724   0357      219.06
9629963   0357      264.55
9631462   0357      264.55
9634554   0357     1318.07
9634674   0357      248.65
9636806   0357      219.06
9638320   0357      248.65
9639201   0357      219.06
9845319   0357      219.06
9846320   0357      264.55
9847068   0357      219.06
9847350   0357     1396.27
9848693   0357      219.06
9850403   0357      248.65
9851111   0357      248.65
9851993   0357     1296.03
10107724  3357      302.58
10120357  3357      248.65
10121866  3357      264.55
10125466  3357      219.06
10126656  3357      248.65
10141786  3357      264.55
10312414  3357      219.06
10373550  3357      248.65
10639752  3357      219.06
10726693  3357      248.65
10760806  3357      219.06
10764554  3357      264.55
10770124  3357      248.65
10772668  3357      219.06
10774121  3357      264.55
10775520  3357      219.06
10776516  3357      302.58
10776915  3357      219.06
10777645  3357      248.65
10778464  3357      219.06
10779723  3357     1226.06
10784623  3357      248.65
10820078  3357      264.55
10840266  3357      248.65
10841061  3357      219.06
10841823  3357      302.58
10842205  3357      248.65
10843324  3357      248.65
10844575  3357      302.58
10844947  3357      248.65
10845717  3357      219.06
10845943  3357      302.58
10846474  3357      248.65
10846532  3357      264.55
10846629  3357      248.65
10846940  3357      248.65
10846985  3357      248.65
10847648  3357      219.06
10848158  3357     1417.25
10849906  3357      248.65
10849907  3357      264.55
10860593  3357      248.65
10903693  3357      219.06
10959957  3357      248.65
10960021  3357      248.65
10963442  3357      264.55
10963957  3357      264.55
10964062  3357      248.65
1108218   3357      918.30
1112379   3357      921.51
1115136   3357     1210.79
11163187  3357      219.06
11177533  3357      219.06
11260715  3357      248.65
11261772  3357      302.58
11262378  3357      248.65
11263756  3357      219.06
11264465  3357      248.65
11264550  3357      219.06
11265496  3357      248.65
11265527  3357      264.55
11266390  3357      248.65
11267811  3357      219.06
11267932  3357      219.06
11268437  3357      302.58
11269196  3357      282.55
1129535   3357      919.91
11414487  3357      264.55
11425214  3357      248.65
11425449  3357      248.65
11426462  3357      219.06
11428034  3357      219.06
11428889  3357      248.65
11429539  3357      248.65
11429792  3357      219.06
11429991  3357      248.65
11430700  3357      248.65
11433167  3357      248.65
11433865  3357      248.65
11433968  3357      248.65
11434350  3357      248.65
11546168  3357      219.06
11580362  3357      264.55
11584952  3357      248.65
11586448  3357      248.65
11589730  3357      248.65
11594236  3357      302.58
11594524  3357      219.06
11596252  3357      248.65
11597667  3357      248.65
11598121  3357      219.06
11598207  3357      219.06
11598956  3357      219.06
11633896  3357      219.06
11645810  3357      248.65
11651035  3357      248.65
11651090  3357      248.65
11652405  3357      248.65
11653864  3357      248.65
11694358  3357      219.06
11694758  3357      248.65
11695394  3357      219.06
11749469  3357      248.65
11783201  3357      264.55
11783366  3357      302.58
11784637  3357      219.06
11786325  3357      302.58
11786432  3357      219.06
11787653  3357      248.65
11787807  3357      248.65
11788587  3357      264.55
11788630  3357      264.55
11790273  3357      248.65
11790818  3357      248.65
11791177  3357      248.65
11792127  3357      248.65
11792506  3357      219.06
11792846  3357      248.65
11878930  3357      248.65
11879419  3357      264.55
11879750  3357      302.58
11881224  3357      302.58
11881668  3357      219.06
11881669  3357      219.06
11882080  3357      219.06
11882720  3357      302.58
11883300  3357      248.65
11949766  3357      302.58
12011761  3357      302.58
12018571  3357      219.06
12018729  3357      219.06
12018852  3357      248.65
12019816  3357      219.06
12020535  3357      282.55
12021559  3357      264.55
12021966  3357      248.65
12022428  3357      264.55
12023306  3357      282.55
12023981  3357      248.65
12024178  3357      248.65
12024179  3357      248.65
12025294  3357      248.65
12025488  3357      219.06
12025491  3357      219.06
12026565  3357      248.65
12027093  3357      248.65
12027260  3357     1274.45
12027527  3357      219.06
12027928  3357      219.06
12027973  3357      264.55
12080554  3357      248.65
12241212  3357      219.06
12242270  3357      248.65
12243077  3357      219.06
12244707  3357      219.06
12247738  3357      248.65
12248400  3357      219.06
12248755  3357      264.55
12248784  3357      219.06
12248960  3357      248.65
12249178  3357      302.58
12279667  3357      248.65
12314254  3357      282.55
1232375   3357      919.91
12369466  3357      248.65
12370670  3357      282.55
1239070   3357      918.30
12434895  3357      219.06
12435304  3357      248.65
12435757  3357      219.06
12435759  3357      248.65
12527456  3357      219.06
12534356  3357      248.65
12536172  3357      248.65
12536549  3357      282.55
1254062   3357      918.30
1257983   3357      919.91
1258658   3357      921.51
1261562   3357      918.30
1262953   3357     1098.65
1263302   3357      918.30
1263303   3357      921.51
1263991   3357      919.91
1265436   3357      921.51
1266723   3357      634.32
12691465  3357      248.65
1269356   3357      919.91
12698409  3357      219.06
12698965  3357      219.06
12700553  3357      219.06
12701276  3357      248.65
12701301  3357      219.06
12702273  3357      219.06
12704473  3357      219.06
12704482  3357      264.55
12704649  3357      248.65
12704927  3357      248.65
12705860  3357      248.65
12706171  3357      248.65
12706774  3357      264.55
12707136  3357      248.65
1272390   3357      918.30
1273369   3357      921.51
1277938   3357      918.30
1278407   3357      921.51
12848719  3357      248.65
12849330  3357      282.55
12851330  3357      248.65
12852888  3357      248.65
12858616  3357      248.65
12878256  3357      248.65
12884972  3357      248.65
12934142  3357      219.06
12934525  3357      219.06
12935305  3357      248.65
12935606  3357      248.65
13032012  3357      219.06
13032033  3357      248.65
13034237  3357      248.65
13035222  3357      302.58
13084488  3357      219.06
13084886  3357      219.06
13180551  3357      248.65
1318484   3357      918.30
13187744  3357      248.65
13187816  3357      248.65
13188137  3357      219.06
13188604  3357      219.06
13264411  3357      248.65
13265462  3357      219.06
13265946  3357      248.65
13266369  3357      248.65
13268000  3357      219.06
13268185  3357      219.06
13268457  3357      219.06
13268537  3357      248.65
13343258  3357      219.06
13408041  3357      219.06
13510172  3357      219.06
13510180  3357      219.06
13519440  3357      219.06
13527636  3357      264.55
13566631  3357      302.58
13643981  3357      219.06
13643982  3357      219.06
13644051  3357      248.65
13644555  3357      219.06
13644665  3357      248.65
13644680  3357      264.55
13652653  3357      219.06
13674854  3357      264.55
13678214  3357      248.65
13678857  3357      219.06
13679940  3357      248.65
13724134  3357      248.65
13774187  3357      219.06
13774684  3357      248.65
13775452  3357      219.06
13775808  3357      219.06
13777181  3357      219.06
13785046  3357      219.06
13785661  3357      248.65
13785997  3357      219.06
13786181  3357      248.65
13787208  3357      248.65
13787741  3357      219.06
13842354  3357      248.65
13843775  3357      248.65
13856268  3357      248.65
13867427  3357      248.65
13868652  3357      248.65
13880177  3357      219.06
13880981  3357      248.65
13905892  3357      219.06
13986119  3357      248.65
13990906  3357      264.55
14003086  3357      219.06
14030527  3357      219.06
14031045  3357      248.65
14031497  3357      248.65
14093727  3357      248.65
14094806  3357      264.55
14143188  3357      219.06
14159223  3357      219.06
14176129  3357      248.65
14176671  3357      248.65
14270811  3357      219.06
14293118  3357      248.65
1431183   3357      921.51
14335445  3357      219.06
14335539  3357      248.65
14372299  3357      264.55
14372545  3357      219.06
14372818  3357      950.94
14376347  3357      248.65
14398946  3357      248.65
14399267  3357      219.06
14405196  3357      248.65
14405401  3357      248.65
14513487  3357      219.06
14590375  3357      219.06
14607589  3357      219.06
14648947  3357      248.65
14649126  3357      219.06
14825867  3357      248.65
14877620  3357      248.65
14877805  3357      264.55
14877859  3357      282.55
14879597  3357      248.65
14879704  3357      219.06
14880827  3357      264.55
14880972  3357      248.65
15170350  3357      219.06
15177340  3357      264.55
15177867  3357      219.06
15306151  3357      219.06
15306996  3357      219.06
15352095  3357      248.65
15444811  3357      264.55
15448608  3357      248.65
15597541  3357      219.06
15598043  3357      219.06
15598319  3357      248.65
15598510  3357      248.65
15598933  3357      219.06
15599928  3357      219.06
15668151  3357      248.65
15668851  3357      219.06
15690244  3357      219.06
15729233  3357      248.65
15729536  3357      219.06
15778630  3357      248.65
15885754  3357      219.06
15959808  3357      219.06
15961650  3357      219.06
16001576  3357      219.06
16137706  3357      219.06
16138119  3357      248.65
1631390   3357     1080.27
16324090  3357      248.65
16385667  3357      219.06
16387437  3357      248.65
16594051  3357      219.06
16641426  3357      219.06
16736267  3357      248.65
16770549  3357      248.65
16788972  3357      248.65
16796439  3357      219.06
17011869  3357      248.65
17012587  3357      248.65
17019549  3357      248.65
17033230  3357      219.06
17033256  3357      219.06
17104175  3357      248.65
17104709  3357      248.65
17306742  3357      219.06
1737075   3357      918.30
17379215  3357      219.06
17380736  3357      219.06
17572385  3357      248.65
17574055  3357      219.06
17626132  3357      219.06
1763812   3357     1098.65
1764349   3357      918.30
1765295   3357      918.30
1769938   3357      918.30
17727473  3357      219.06
17859806  3357      219.06
17859921  3357      219.06
17872590  3357      248.65
17942640  3357      248.65
17965237  3357      248.65
18054647  3357      248.65
18058393  3357      219.06
18059918  3357      248.65
18263579  3357      248.65
18263756  3357      248.65
1834693   3357      634.32
18421508  3357      219.06
18422439  3357      248.65
18471327  3357      248.65
18618969  3357      219.06
18655916  3357      248.65
18656459  3357      248.65
18785684  3357      219.06
18928116  3357      219.06
18950730  3357      219.06
1906129   3357      921.51
19166206  3357      219.06
19262723  3357      248.65
1926999   3357      919.91
19324610  3357      248.65
19424156  3357      248.65
19431369  3357      248.65
19827450  3357      219.06
19850185  3357      219.06
19886649  3357      248.65
19973112  3357      248.65
20046577  3357      219.06
20046584  3357      219.06
20187870  3357      219.06
20189202  3357      282.55
20235584  3357      219.06
2030572   3357      918.30
2033664   3357      978.06
20348834  3357      219.06
20351464  3357      248.65
2101693   3357     1081.06
21140944  3357      219.06
2130876   3357      918.30
2157417   3357      978.06
2186056   3357      918.30
2189077   3357      918.30
2196831   3357      918.30
2198274   3357      923.40
2198799   3357      918.30
22326349  3357      219.06
2272067   3357      918.30
23156662  3357      921.51
2376223   3357      996.64
2380275   3357      919.91
2384661   3357      921.51
2529886   3357      921.51
2532585   3357      918.30
2533320   3357      918.30
2534786   3357      674.01
2535843   3357      919.91
2536373   3357      919.91
2536795   3357      921.51
2539607   3357      919.91
2539943   3357      918.30
2541142   3357      921.51
2541439   3357     1256.77
2541709   3357      921.51
2543654   3357      921.51
2543813   3357      921.51
2543932   3357      918.30
2592064   3357      919.91
2592966   3357     1000.97
2593377   3357      921.51
2593686   3357      918.30
2596405   3357     1088.84
2597854   3357      921.51
2598033   3357      921.51
2598733   3357      919.91
2598872   3357      918.30
2601437   3357      921.51
2603046   3357      921.51
2605117   3357      919.91
2605164   3357      921.51
2605823   3357      634.27
2607322   3357      992.47
2608233   3357      968.17
2608304   3357      918.30
2608554   3357      921.51
2684589   3357      921.51
2741170   3357      975.90
2854705   3357      918.30
2870837   3357      918.30
2910376   3357      918.30
2910432   3357      918.30
2911765   3357      918.30
2912407   3357      918.30
2912692   3357      978.06
2913757   3357      918.30
2913809   3357      918.30
2915293   3357      918.30
2915714   3357      921.51
2915780   3357      918.30
2916102   3357      674.01
2916362   3357      921.51
2916467   3357      918.30
2916786   3357      918.30
2918280   3357      921.51
2992913   3357      918.30
3035349   3357      921.51
3080057   3357      978.06
3080311   3357      921.51
3080984   3357     1342.90
3081351   3357      921.51
3082505   3357     1105.56
3083006   3357      921.51
3083065   3357      918.30
3083457   3357      918.30
3083843   3357      918.30
3084868   3357      921.51
3084978   3357      918.30
3085009   3357      918.30
3085276   3357      920.16
3090485   3357      980.87
3156003   3357     1047.48
3234299   3357      920.16
3245420   3357      921.51
3314884   3357      687.27
3315121   3357      918.30
3315781   3357      918.30
3317339   3357      978.27
3318589   3357     1063.96
3318694   3357     1109.85
3318719   3357      921.51
3320986   3357      921.51
3322128   3357      976.70
3322284   3357      918.30
3322381   3357      919.91
3324084   3357     1280.92
3324110   3357     1381.44
3324403   3357      978.06
3329806   3357      921.51
3353242   3357     1047.48
3528540   3357     1001.28
3533360   3357     1176.41
3535445   3357      918.30
3535676   3357      921.51
3535838   3357      918.30
3538837   3357      999.76
3539352   3357      921.51
3541739   3357      921.51
3541975   3357      634.32
3542004   3357      264.55
3542015   3357      732.03
3554092   3357      919.91
3593839   3357      918.30
3598528   3357      921.51
3710064   3357     1187.04
3759377   3357      918.30
3784066   3357      918.30
3784441   3357     1023.10
3785251   3357      921.51
3792247   3357      921.51
3830110   3357      918.30
3855157   3357      634.27
3855577   3357      921.51
3856978   3357      918.30
3857004   3357      918.30
3857220   3357      921.55
3857667   3357      918.30
3857878   3357      919.91
3858323   3357      921.51
3858856   3357      264.55
3859230   3357      965.98
3864991   3357     1070.42
3875055   3357     1134.09
3877925   3357     1412.41
3878006   3357     1151.16
3963688   3357     1091.59
3964093   3357     1262.28
3964337   3357      918.30
3965704   3357      918.30
3969513   3357      924.88
4001934   3357     1209.82
4064149   3357      989.48
4065177   3357      918.30
4065584   3357      248.65
4065648   3357     1192.69
4066245   3357      918.30
4067118   3357     1070.75
4067735   3357     1061.81
4067795   3357      921.51
4068788   3357      918.30
4071074   3357     1310.69
4071241   3357     1084.96
4107436   3357      219.06
4191539   3357      918.30
4193094   3357      919.91
4194671   3357      992.11
4195654   3357      918.30
4199927   3357      634.32
4200911   3357      918.30
4238916   3357      918.30
430240    3357      918.30
4317775   3357     1413.37
4373204   3357     1453.77
4373479   3357      918.30
4375498   3357      978.06
4375998   3357      941.03
4376813   3357     1007.95
4377201   3357      919.91
4378140   3357      918.30
4378236   3357      918.30
4378283   3357      918.30
4378759   3357     1340.14
4379154   3357      918.30
4381341   3357      918.30
4381614   3357     1048.19
4382400   3357      921.51
4383023   3357      264.55
4383200   3357      918.30
4385047   3357      921.51
4386936   3357      282.55
4387777   3357      219.06
4409485   3357     1357.06
4409788   3357      918.30
4409789   3357      996.97
4414417   3357     1043.03
4414541   3357      974.92
4414909   3357      921.51
4415675   3357      918.30
443869    3357      921.51
4609506   3357      987.93
4610129   3357      918.30
4720170   3357      219.06
4720923   3357      248.65
4721016   3357      219.06
4721639   3357      918.30
4722680   3357      918.30
4722814   3357      739.31
4723168   3357      918.30
4723276   3357     1029.99
4723403   3357      918.30
4724433   3357      921.51
4725919   3357      264.55
4727740   3357      219.06
4728331   3357      918.30
4729448   3357      655.15
4730168   3357     1414.28
4730490   3357      918.30
4730823   3357     1384.70
4731322   3357     1368.27
4731494   3357      998.45
4732090   3357     1062.26
4732618   3357      219.06
4734527   3357      219.06
4734940   3357      219.06
4735505   3357      918.30
4738424   3357      921.51
4739546   3357     1217.26
4739796   3357      264.55
4754833   3357     1241.23
4803744   3357     1552.89
4805842   3357      248.65
4827213   3357     1037.86
4853128   3357      856.46
4882144   3357      690.06
5017295   3357      219.06
5022967   3357      919.91
5237805   3357      248.65
5238236   3357      918.30
5239261   3357     1066.98
5240821   3357      918.30
5242545   3357     1034.48
5244302   3357     1047.48
5244483   3357      219.06
5244484   3357      998.45
5244765   3357      918.30
5245261   3357      264.55
5248926   3357     1055.08
5248954   3357      970.16
5249259   3357      248.65
5249817   3357      264.55
5250965   3357      921.51
5251153   3357     1174.42
5251214   3357     1057.54
5252606   3357      264.55
5253930   3357      918.30
5254613   3357     1194.30
5254952   3357      918.30
5255567   3357      248.65
5255641   3357      264.55
5257069   3357      966.53
5257175   3357      921.51
5257421   3357      282.55
5257727   3357      248.65
5257774   3357      248.65
5259121   3357      918.30
5259785   3357      918.30
5261116   3357      219.06
5261139   3357     1145.78
5261250   3357      918.30
5261418   3357      947.07
5261643   3357     1146.17
5263470   3357     1028.60
5344986   3357      219.06
5435450   3357     1031.47
5436619   3357      264.55
5436795   3357      707.79
5438690   3357     1008.19
5439480   3357      248.65
5439865   3357      282.55
5458236   3357      219.06
5461455   3357      921.55
5605414   3357     1172.86
5658043   3357     1147.21
5688352   3357      248.65
5765952   3357      248.65
5779173   3357      248.65
5915261   3357      921.51
5921128   3357     1385.66
5921800   3357      219.06
5923624   3357      264.55
5925143   3357      264.55
5925949   3357      634.32
5929492   3357      248.65
5935536   3357      264.55
5938630   3357     1199.63
5938995   3357      248.65
6044716   3357      248.65
6125595   3357      219.06
6127630   3357     1064.74
6238388   3357      302.58
6394853   3357      820.22
64800     3357      920.16
6537141   3357      918.30
6573443   3357     1192.98
6573855   3357      282.55
6573893   3357      219.06
6575243   3357      219.06
6575301   3357      248.65
6584406   3357      918.30
6602322   3357      219.06
6634354   3357      248.65
6689708   3357      248.65
6690236   3357      248.65
6701343   3357      248.65
6701344   3357      248.65
6701453   3357      248.65
673822    3357      918.30
6841910   3357      219.06
7076647   3357      248.65
7211860   3357      264.55
7240399   3357      248.65
7300376   3357     1008.19
7301470   3357      918.30
7305494   3357      921.51
7305781   3357      918.30
7308623   3357     1078.61
7309317   3357      219.06
7309375   3357      219.06
7310425   3357      282.55
7310959   3357      921.51
7311233   3357      983.63
7311255   3357     1190.76
7312149   3357     1158.35
7313189   3357      918.30
7314050   3357      219.06
7314987   3357      282.55
7315048   3357      264.55
7315058   3357     1114.22
7315331   3357      248.65
7316059   3357      282.55
7316139   3357      264.55
7316607   3357     1256.77
7316959   3357      919.91
7317744   3357      918.30
7318041   3357     1003.40
7319649   3357      264.55
7321787   3357      219.06
7322304   3357      219.06
7322780   3357      219.06
7322794   3357     1296.15
7324725   3357      919.91
7325664   3357      913.02
7325721   3357      921.51
7325722   3357     1339.06
7325778   3357      634.32
7328421   3357      219.06
7330948   3357      248.65
7331943   3357     1686.24
7332202   3357     1146.11
7332734   3357      921.51
7333145   3357      264.55
7333526   3357     1146.11
7335642   3357      248.65
7337422   3357      902.03
7337778   3357      219.06
7338055   3357      282.55
7340200   3357      918.30
7340742   3357      976.70
7340989   3357     1078.69
7342107   3357      219.06
7342680   3357      921.51
7343605   3357      219.06
7344290   3357      219.06
7344465   3357      219.06
7347856   3357      921.51
7348137   3357      219.06
7348986   3357     1169.98
7349428   3357      302.58
7349843   3357      219.06
7350162   3357      943.36
7350273   3357      219.06
7351297   3357      793.88
7352317   3357      219.06
7353364   3357      219.06
7353377   3357      248.65
7354064   3357      219.06
7354848   3357      634.32
7355928   3357      918.30
7359478   3357      264.55
7360346   3357      219.06
7360517   3357      248.65
7363171   3357      879.17
7363652   3357      248.65
7365166   3357      248.65
7365545   3357      219.06
7367276   3357      219.06
7368710   3357      219.06
7369018   3357      248.65
7371154   3357      248.65
7372156   3357      219.06
7372973   3357     1024.86
7373089   3357      219.06
7373215   3357      282.55
7374243   3357      219.06
7374616   3357      921.51
7377030   3357      219.06
7377579   3357      248.65
7379256   3357      219.06
7380616   3357      219.06
7381553   3357      248.65
7382148   3357     1016.18
7382532   3357      219.06
7384964   3357      248.65
7387544   3357      248.65
7388038   3357      219.06
7388080   3357      248.65
7388125   3357      264.55
7388199   3357      219.06
7389581   3357      248.65
7391472   3357      219.06
7392153   3357      264.55
7393061   3357      219.06
7393144   3357      219.06
7395742   3357      634.27
7396051   3357      248.65
7398038   3357      817.35
7400031   3357      248.65
7401094   3357      248.65
7401380   3357      248.65
7401853   3357      219.06
7403123   3357      219.06
7403188   3357      219.06
7403563   3357      219.06
7406353   3357      248.65
7408531   3357      248.65
7409730   3357      219.06
7410177   3357      302.58
7412535   3357      264.55
7412738   3357      219.06
7415285   3357      302.58
7415448   3357      248.65
7416870   3357      219.06
7417289   3357      219.06
7417791   3357      248.65
7418898   3357      219.06
7418939   3357      248.65
7419340   3357      219.06
7419740   3357     1130.28
7419800   3357      248.65
7419866   3357      219.06
7420316   3357      248.65
7420429   3357      264.55
7423108   3357      264.55
7423415   3357      248.65
7423444   3357     1283.15
7425063   3357      219.06
7425430   3357      248.65
7425900   3357      219.06
7426046   3357      248.65
7427359   3357      219.06
7427520   3357      248.65
7429274   3357      248.65
7432253   3357      264.55
7434591   3357      248.65
7435158   3357      219.06
7436077   3357      219.06
7436996   3357      248.65
7437806   3357      219.06
7437808   3357      219.06
7438450   3357      248.65
7439597   3357      282.55
7439617   3357      248.65
7439629   3357      248.65
7440809   3357      690.01
7442445   3357      248.65
7444497   3357      219.06
7444651   3357      264.55
7444842   3357      248.65
7444889   3357      282.55
7445661   3357      219.06
7446382   3357      264.55
7446644   3357      248.65
7447067   3357      248.65
7447992   3357      219.06
7449457   3357      219.06
7455429   3357     1210.47
7455588   3357      248.65
7461704   3357      248.65
7465820   3357      248.65
7465910   3357      248.65
7466779   3357     1367.12
7466870   3357     1289.46
7502836   3357     1057.57
7548386   3357      867.63
7548420   3357     1096.77
770342    3357      921.51
7917981   3357      248.65
7981510   3357      264.55
7982728   3357      219.06
7982865   3357      264.55
7983170   3357      219.06
7984159   3357      248.65
7985605   3357      729.92
7988969   3357     1441.43
8054279   3357      997.02
8064487   3357      861.61
8069571   3357      248.65
8140450   3357      697.67
8594315   3357      248.65
8718789   3357      248.65
8734286   3357      264.55
9066082   3357      918.30
9100619   3357     1441.43
9211039   3357      219.06
9261804   3357      264.55
9317884   3357      264.55
9433060   3357      248.65
9540404   3357      264.55
9540845   3357      282.55
9542018   3357      264.55
9542237   3357      219.06
9543174   3357      248.65
9543530   3357     1169.57
9544179   3357      248.65
9544345   3357      219.06
9544429   3357      264.55
9544827   3357      264.55
9545198   3357      918.30
9545952   3357     1171.57
9546474   3357      248.65
9547148   3357      219.06
9551389   3357      248.65
9552709   3357      998.13
9553039   3357     1796.05
9553047   3357      219.06
9553149   3357      219.06
9555077   3357     1000.04
9555609   3357      219.06
9555641   3357      248.65
9557148   3357      282.55
9557803   3357      219.06
9557875   3357      219.06
9557894   3357     1160.07
9558628   3357      219.06
9560453   3357      219.06
9570736   3357     1211.89
9572755   3357      248.65
9577605   3357     1288.40
9601343   3357      248.65
9603154   3357      219.06
9603683   3357      248.65
9603870   3357      634.32
9604166   3357      219.06
9604592   3357      302.58
9607091   3357      918.30
9608547   3357      248.65
9609337   3357      219.06
9609338   3357      248.65
9612117   3357     1443.11
9612530   3357     1352.44
9612692   3357      248.65
9614364   3357      219.06
9615563   3357      248.65
9615964   3357      248.65
9617493   3357      219.06
9620242   3357      264.55
9620248   3357      282.55
9620376   3357      248.65
9620599   3357      264.55
9620701   3357      219.06
9620720   3357      219.06
9621777   3357      248.65
9622347   3357      248.65
9624370   3357      302.58
9624596   3357      219.06
9625361   3357      248.65
9625933   3357      248.65
9626082   3357      248.65
9626215   3357      219.06
9627150   3357      264.55
9627523   3357      248.65
9627724   3357      219.06
9629963   3357      264.55
9631462   3357      264.55
9634554   3357     1318.07
9634674   3357      248.65
9636806   3357      219.06
9638320   3357      248.65
9639201   3357      219.06
9845319   3357      219.06
9846320   3357      264.55
9847068   3357      219.06
9847350   3357     1396.27
9848693   3357      219.06
9850403   3357      248.65
9851111   3357      248.65
9851993   3357     1296.03
