10107724  0357       92.72
10120357  0357      113.54
10121866  0357      202.48
10125466  0357       75.23
10126656  0357       75.69
10141786  0357       80.99
10312414  0357       75.23
10373550  0357      151.38
10639752  0357       75.23
10726693  0357       75.69
10760806  0357       75.23
10764554  0357       80.99
10770124  0357       75.69
10772668  0357       75.23
10774121  0357       80.99
10775520  0357      150.46
10776516  0357       92.72
10776915  0357       75.23
10777645  0357      113.54
10778464  0357       75.23
10779723  0357      128.63
10784623  0357       75.69
10820078  0357       80.99
10840266  0357       75.69
10841061  0357       75.23
10841823  0357       92.72
10842205  0357       75.69
10843324  0357      189.23
10844575  0357      185.44
10844947  0357       75.69
10845717  0357       75.23
10845943  0357       92.72
10846474  0357       75.69
10846532  0357       80.99
10846629  0357       75.69
10846940  0357      151.38
10846985  0357       75.69
10847648  0357       75.23
10848158  0357      155.94
10849906  0357       75.69
10849907  0357       80.99
10860593  0357       75.69
10903693  0357       75.23
10959957  0357       75.69
10960021  0357       75.69
10963442  0357       80.99
10963957  0357       80.99
10964062  0357      151.38
1108218   0357      102.22
1112379   0357       96.69
1115136   0357      127.03
11163187  0357       75.23
11177533  0357       75.23
11260715  0357       75.69
11261772  0357       92.72
11262378  0357       75.69
11263756  0357       75.23
11264465  0357       75.69
11264550  0357       75.23
11265496  0357       75.69
11265527  0357       80.99
11266390  0357      151.38
11267811  0357      150.46
11267932  0357      150.46
11268437  0357       92.72
11269196  0357       86.66
1129535   0357       96.69
11414487  0357       80.99
11425214  0357       75.69
11425449  0357       75.69
11426462  0357       75.23
11428034  0357       75.23
11428889  0357      189.23
11429539  0357      151.38
11429792  0357       75.23
11429991  0357      113.54
11430700  0357       75.69
11433167  0357       75.69
11433865  0357      151.38
11433968  0357      151.38
11434350  0357       75.69
11546168  0357       75.23
11580362  0357       80.99
11584952  0357       75.69
11586448  0357       75.69
11589730  0357      151.38
11594236  0357       92.72
11594524  0357       75.23
11596252  0357       75.69
11597667  0357       75.69
11598121  0357       75.23
11598207  0357       75.23
11598956  0357       75.23
11633896  0357       75.23
11645810  0357       75.69
11651035  0357       75.69
11651090  0357       75.69
11652405  0357       75.69
11653864  0357       75.69
11694358  0357       75.23
11694758  0357       75.69
11695394  0357      150.46
11749469  0357       75.69
11783201  0357       80.99
11783366  0357       92.72
11784637  0357       75.23
11786325  0357       92.72
11786432  0357       75.23
11787653  0357      151.38
11787807  0357       75.69
11788587  0357      161.98
11788630  0357       80.99
11790273  0357       75.69
11790818  0357      113.54
11791177  0357       75.69
11792127  0357       75.69
11792506  0357       75.23
11792846  0357       75.69
11878930  0357       75.69
11879419  0357       80.99
11879750  0357       92.72
11881224  0357       92.72
11881668  0357      188.07
11881669  0357       75.23
11882080  0357       75.23
11882720  0357       92.72
11883300  0357      151.38
11949766  0357       92.72
12011761  0357      185.44
12018571  0357      112.84
12018729  0357       75.23
12018852  0357       75.69
12019816  0357       75.23
12020535  0357       86.66
12021559  0357       80.99
12021966  0357       75.69
12022428  0357       80.99
12023306  0357       86.66
12023981  0357      113.54
12024178  0357       75.69
12024179  0357       75.69
12025294  0357      113.54
12025488  0357       75.23
12025491  0357       75.23
12026565  0357       75.69
12027093  0357       75.69
12027260  0357      133.71
12027527  0357       75.23
12027928  0357       75.23
12027973  0357      161.98
12080554  0357       75.69
12241212  0357      112.84
12242270  0357       75.69
12243077  0357       75.23
12244707  0357       75.23
12247738  0357      113.54
12248400  0357      188.07
12248755  0357       80.99
12248784  0357      150.46
12248960  0357       75.69
12249178  0357       92.72
12279667  0357       75.69
12314254  0357      216.65
1232375   0357       96.69
12369466  0357       75.69
12370670  0357       86.66
1239070   0357      102.22
12434895  0357       75.23
12435304  0357       75.69
12435757  0357      112.84
12435759  0357      189.23
12527456  0357       75.23
12534356  0357       75.69
12536172  0357       75.69
12536549  0357       86.66
1254062   0357      102.22
1257983   0357       96.69
1258658   0357       96.69
1261562   0357      102.22
1262953   0357      115.27
1263302   0357      102.22
1263303   0357       96.69
1263991   0357       96.69
1265436   0357       96.69
1266723   0357       70.59
12691465  0357       75.69
1269356   0357      193.39
12698409  0357       75.23
12698965  0357       75.23
12700553  0357       75.23
12701276  0357       75.69
12701301  0357      188.07
12702273  0357       75.23
12704473  0357       75.23
12704482  0357      161.98
12704649  0357       75.69
12704927  0357       75.69
12705860  0357       75.69
12706171  0357       75.69
12706774  0357      161.98
12707136  0357       75.69
1272390   0357      102.22
1273369   0357       96.69
1277938   0357      102.22
1278407   0357       96.69
12848719  0357       75.69
12849330  0357       86.66
12851330  0357       75.69
12852888  0357       75.69
12858616  0357      113.54
12878256  0357       75.69
12884972  0357       75.69
12934142  0357       75.23
12934525  0357       75.23
12935305  0357       75.69
12935606  0357       75.69
13032012  0357      150.46
13032033  0357       75.69
13034237  0357       75.69
13035222  0357       92.72
13084488  0357       75.23
13084886  0357       75.23
13180551  0357       75.69
1318484   0357      102.22
13187744  0357      151.38
13187816  0357      113.54
13188137  0357       75.23
13188604  0357      112.84
13264411  0357       75.69
13265462  0357       75.23
13265946  0357      113.54
13266369  0357       75.69
13268000  0357      150.46
13268185  0357      150.46
13268457  0357       75.23
13268537  0357      113.54
13343258  0357       75.23
13408041  0357       75.23
13510172  0357       75.23
13510180  0357       75.23
13519440  0357       75.23
13527636  0357       80.99
13566631  0357       92.72
13643981  0357      150.46
13643982  0357      112.84
13644051  0357       75.69
13644555  0357      188.07
13644665  0357       75.69
13644680  0357      202.48
13652653  0357       75.23
13674854  0357       80.99
13678214  0357       75.69
13678857  0357       75.23
13679940  0357       75.69
13724134  0357      113.54
13774187  0357       75.23
13774684  0357       75.69
13775452  0357       75.23
13775808  0357       75.23
13777181  0357      112.84
13785046  0357       75.23
13785661  0357       75.69
13785997  0357       75.23
13786181  0357       75.69
13787208  0357       75.69
13787741  0357       75.23
13842354  0357       75.69
13843775  0357       75.69
13856268  0357       75.69
13867427  0357      113.54
13868652  0357       75.69
13880177  0357       75.23
13880981  0357       75.69
13905892  0357       75.23
13986119  0357       75.69
13990906  0357      121.49
14003086  0357       75.23
14030527  0357       75.23
14031045  0357       75.69
14031497  0357      189.23
14093727  0357      113.54
14094806  0357       80.99
14143188  0357       75.23
14159223  0357      150.46
14176129  0357       75.69
14176671  0357       75.69
14270811  0357      188.07
14293118  0357      113.54
1431183   0357       96.69
14335445  0357       75.23
14335539  0357       75.69
14372299  0357       80.99
14372545  0357       75.23
14372818  0357      249.43
14376347  0357       75.69
14398946  0357       75.69
14399267  0357      112.84
14405196  0357       75.69
14405401  0357       75.69
14513487  0357       75.23
14590375  0357       75.23
14607589  0357      112.84
14648947  0357       75.69
14649126  0357       75.23
14825867  0357       75.69
14877620  0357       75.69
14877805  0357       80.99
14877859  0357       86.66
14879597  0357      151.38
14879704  0357      188.07
14880827  0357       80.99
14880972  0357      151.38
15170350  0357       75.23
15177340  0357       80.99
15177867  0357      150.46
15306151  0357      188.07
15306996  0357       75.23
15352095  0357       75.69
15444811  0357       80.99
15448608  0357       75.69
15597541  0357       75.23
15598043  0357       75.23
15598319  0357       75.69
15598510  0357      151.38
15598933  0357       75.23
15599928  0357      112.84
15668151  0357      151.38
15668851  0357       75.23
15690244  0357       75.23
15729233  0357      113.54
15729536  0357      188.07
15778630  0357      113.54
15885754  0357       75.23
15959808  0357       75.23
15961650  0357       75.23
16001576  0357       75.23
16137706  0357       75.23
16138119  0357      113.54
1631390   0357      113.75
16324090  0357       75.69
16385667  0357       75.23
16387437  0357      151.38
16594051  0357       75.23
16641426  0357       75.23
16736267  0357       75.69
16770549  0357       75.69
16788972  0357      151.38
16796439  0357      150.46
17011869  0357      151.38
17012587  0357      189.23
17019549  0357       75.69
17033230  0357       75.23
17033256  0357       75.23
17104175  0357       75.69
17104709  0357       75.69
17306742  0357       75.23
1737075   0357      102.22
17379215  0357      112.84
17380736  0357       75.23
17572385  0357      151.38
17574055  0357       75.23
17626132  0357      150.46
1763812   0357      115.27
1764349   0357      102.22
1765295   0357      204.44
1769938   0357      102.22
17727473  0357       75.23
17859806  0357       75.23
17859921  0357      150.46
17872590  0357       75.69
17942640  0357       75.69
17965237  0357      113.54
18054647  0357       75.69
18058393  0357       75.23
18059918  0357       75.69
18263579  0357       75.69
18263756  0357       75.69
1834693   0357       70.59
18421508  0357       75.23
18422439  0357      151.38
18471327  0357       75.69
18618969  0357       75.23
18655916  0357       75.69
18656459  0357      113.54
18785684  0357       75.23
18928116  0357       75.23
18950730  0357       75.23
1906129   0357       96.69
19166206  0357      188.07
19262723  0357       75.69
1926999   0357       96.69
19324610  0357      151.38
19424156  0357      151.38
19431369  0357       75.69
19827450  0357       75.23
19850185  0357      188.07
19886649  0357      189.23
19973112  0357       75.69
20046577  0357      150.46
20046584  0357      150.46
20187870  0357      150.46
20189202  0357       86.66
20235584  0357      150.46
2030572   0357      102.22
2033664   0357      102.91
20348834  0357      112.84
20351464  0357      151.38
2101693   0357      113.59
21140944  0357      112.84
2130876   0357      102.22
2157417   0357      257.27
2186056   0357      102.22
2189077   0357      102.22
2196831   0357      102.22
2198274   0357       97.06
2198799   0357      102.22
22326349  0357       75.23
2272067   0357      102.22
23156662  0357       96.69
2376223   0357      104.87
2380275   0357       96.69
2384661   0357       96.69
2529886   0357       96.69
2532585   0357      102.22
2533320   0357      102.22
2534786   0357       70.73
2535843   0357       96.69
2536373   0357       96.69
2536795   0357       96.69
2539607   0357       96.69
2539943   0357      102.22
2541142   0357       96.69
2541439   0357      132.31
2541709   0357       96.69
2543654   0357       96.69
2543813   0357       96.69
2543932   0357      102.22
2592064   0357       96.69
2592966   0357      105.19
2593377   0357       96.69
2593686   0357      102.22
2596405   0357      114.24
2597854   0357       96.69
2598033   0357       96.69
2598733   0357       96.69
2598872   0357      102.22
2601437   0357       96.69
2603046   0357       96.69
2605117   0357       96.69
2605164   0357       96.69
2605823   0357       70.59
2607322   0357      104.13
2608233   0357      101.59
2608304   0357      102.22
2608554   0357       96.69
2684589   0357       96.69
2741170   0357      102.73
2854705   0357      102.22
2870837   0357      102.22
2910376   0357      102.22
2910432   0357      102.22
2911765   0357      102.22
2912407   0357      102.22
2912692   0357      102.91
2913757   0357      102.22
2913809   0357      102.22
2915293   0357      102.22
2915714   0357       96.69
2915780   0357      102.22
2916102   0357       70.73
2916362   0357       96.69
2916467   0357      102.22
2916786   0357      102.22
2918280   0357      241.73
2992913   0357      102.22
3035349   0357       96.69
3080057   0357      154.36
3080311   0357       96.69
3080984   0357      140.88
3081351   0357       96.69
3082505   0357      123.10
3083006   0357       96.69
3083065   0357      102.22
3083457   0357      102.22
3083843   0357      102.22
3084868   0357       96.69
3084978   0357      102.22
3085009   0357      102.22
3085276   0357       96.85
3090485   0357      102.92
3156003   0357      116.63
3234299   0357       96.85
3245420   0357       96.69
3314884   0357       76.50
3315121   0357      102.22
3315781   0357      102.22
3317339   0357      108.91
3318589   0357      111.63
3318694   0357      116.86
3318719   0357       96.69
3320986   0357       96.69
3322128   0357      102.48
3322284   0357      102.22
3322381   0357       96.69
3324084   0357      134.39
3324110   0357      145.46
3324403   0357      102.91
3329806   0357       96.69
3353242   0357      116.63
3528540   0357      105.06
3533360   0357      123.88
3535445   0357      102.22
3535676   0357       96.69
3535838   0357      102.22
3538837   0357      104.90
3539352   0357       96.69
3541739   0357       96.69
3541975   0357       70.59
3542004   0357       80.99
3542015   0357       81.49
3554092   0357       96.69
3593839   0357      102.22
3598528   0357       96.69
3710064   0357      132.19
3759377   0357      102.22
3784066   0357      102.22
3784441   0357      107.51
3785251   0357       96.69
3792247   0357       96.69
3830110   0357      102.22
3855157   0357       70.59
3855577   0357       96.69
3856978   0357      102.22
3857004   0357      102.22
3857220   0357       96.70
3857667   0357      102.22
3857878   0357       96.69
3858323   0357      193.39
3858856   0357       80.99
3859230   0357      152.04
3864991   0357      112.65
3875055   0357      118.99
3877925   0357      296.68
3878006   0357      128.19
3963688   0357      114.53
3964093   0357      132.43
3964337   0357      102.22
3965704   0357      102.22
3969513   0357      102.95
4001934   0357      127.10
4064149   0357      104.21
4065177   0357      102.22
4065584   0357       75.69
4065648   0357      132.82
4066245   0357      102.22
4067118   0357      112.34
4067735   0357      118.22
4067795   0357       96.69
4068788   0357      102.22
4071074   0357      137.99
4071241   0357      120.80
4107436   0357       75.23
4191539   0357      102.22
4193094   0357      241.73
4194671   0357      104.10
4195654   0357      102.22
4199927   0357       70.59
4200911   0357      102.22
4238916   0357      102.22
430240    0357      102.22
4317775   0357      148.44
4373204   0357      152.68
4373479   0357      102.22
4375498   0357      102.91
4375998   0357       99.05
4376813   0357      112.22
4377201   0357       96.69
4378140   0357      102.22
4378236   0357      102.22
4378283   0357      102.22
4378759   0357      140.76
4379154   0357      102.22
4381341   0357      102.22
4381614   0357      116.70
4382400   0357      145.04
4383023   0357       80.99
4383200   0357      102.22
4385047   0357       96.69
4386936   0357       86.66
4387777   0357      188.07
4409485   0357      142.54
4409788   0357      102.22
4409789   0357      221.98
4414417   0357      116.13
4414541   0357      102.46
4414909   0357       96.69
4415675   0357      102.22
443869    0357       96.69
4609506   0357      103.83
4610129   0357      102.22
4720170   0357      112.84
4720923   0357       75.69
4721016   0357       75.23
4721639   0357      102.22
4722680   0357      102.22
4722814   0357       77.58
4723168   0357      102.22
4723276   0357      114.67
4723403   0357      102.22
4724433   0357       96.69
4725919   0357      161.98
4727740   0357       75.23
4728331   0357      102.22
4729448   0357       72.91
4730168   0357      148.54
4730490   0357      102.22
4730823   0357      145.80
4731322   0357      143.71
4731494   0357      104.93
4732090   0357      118.27
4732618   0357       75.23
4734527   0357       75.23
4734940   0357       75.23
4735505   0357      102.22
4738424   0357       96.69
4739546   0357      127.71
4739796   0357       80.99
4754833   0357      130.39
4803744   0357      163.07
4805842   0357       75.69
4827213   0357      108.90
4853128   0357       89.86
4882144   0357       76.81
5017295   0357       75.23
5022967   0357       96.69
5237805   0357       75.69
5238236   0357      102.22
5239261   0357      112.29
5240821   0357      102.22
5242545   0357      108.86
5244302   0357      116.63
5244483   0357       75.23
5244484   0357      104.93
5244765   0357      102.22
5245261   0357       80.99
5248926   0357      117.47
5248954   0357      108.00
5249259   0357       75.69
5249817   0357       80.99
5250965   0357       96.69
5251153   0357      123.22
5251214   0357      111.13
5252606   0357      161.98
5253930   0357      102.22
5254613   0357      133.00
5254952   0357      102.22
5255567   0357       75.69
5255641   0357       80.99
5257069   0357      107.60
5257175   0357       96.69
5257421   0357       86.66
5257727   0357      189.23
5257774   0357       75.69
5259121   0357      102.22
5259785   0357      102.22
5261116   0357       75.23
5261139   0357      120.21
5261250   0357      102.22
5261418   0357      105.43
5261643   0357      127.63
5263470   0357      108.29
5344986   0357       75.23
5435450   0357      114.84
5436619   0357       80.99
5436795   0357       78.79
5438690   0357      112.24
5439480   0357       75.69
5439865   0357      216.65
5458236   0357       75.23
5461455   0357       96.70
5605414   0357      246.10
5658043   0357      120.36
5688352   0357       75.69
5765952   0357       75.69
5779173   0357       75.69
5915261   0357       96.69
5921128   0357      145.37
5921800   0357       75.23
5923624   0357       80.99
5925143   0357       80.99
5925949   0357       70.59
5929492   0357       75.69
5935536   0357      202.48
5938630   0357      125.86
5938995   0357       75.69
6044716   0357      113.54
6125595   0357      188.07
6127630   0357      118.55
6238388   0357       92.72
6394853   0357       91.32
64800     0357       96.85
6537141   0357      102.22
6573443   0357      125.16
6573855   0357       86.66
6573893   0357       75.23
6575243   0357       75.23
6575301   0357       75.69
6584406   0357      255.55
6602322   0357       75.23
6634354   0357       75.69
6689708   0357       75.69
6690236   0357       75.69
6701343   0357       75.69
6701344   0357       75.69
6701453   0357       75.69
673822    0357      102.22
6841910   0357       75.23
7076647   0357       75.69
7211860   0357       80.99
7240399   0357       75.69
7300376   0357      112.24
7301470   0357      102.22
7305494   0357       96.69
7305781   0357      102.22
7308623   0357      113.17
7309317   0357       75.23
7309375   0357       75.23
7310425   0357       86.66
7310959   0357       96.69
7311233   0357      103.21
7311255   0357      132.60
7312149   0357      121.53
7313189   0357      102.22
7314050   0357       75.23
7314987   0357       86.66
7315048   0357       80.99
7315058   0357      292.26
7315331   0357       75.69
7316059   0357       86.66
7316139   0357       80.99
7316607   0357      132.31
7316959   0357      193.39
7317744   0357      204.44
7318041   0357      105.28
7319649   0357      161.98
7321787   0357       75.23
7322304   0357       75.23
7322780   0357       75.23
7322794   0357      144.36
7324725   0357       96.69
7325664   0357      101.67
7325721   0357       96.69
7325722   0357      140.48
7325778   0357       70.59
7328421   0357       75.23
7330948   0357       75.69
7331943   0357      187.86
7332202   0357      127.62
7332734   0357      145.04
7333145   0357       80.99
7333526   0357      255.25
7335642   0357       75.69
7337422   0357       94.64
7337778   0357       75.23
7338055   0357       86.66
7340200   0357      102.22
7340742   0357      102.48
7340989   0357      120.10
7342107   0357       75.23
7342680   0357       96.69
7343605   0357       75.23
7344290   0357       75.23
7344465   0357      150.46
7347856   0357       96.69
7348137   0357       75.23
7348986   0357      122.75
7349428   0357      231.81
7349843   0357       75.23
7350162   0357      105.01
7350273   0357       75.23
7351297   0357       88.39
7352317   0357       75.23
7353364   0357      150.46
7353377   0357       75.69
7354064   0357       75.23
7354848   0357       70.59
7355928   0357      102.22
7359478   0357       80.99
7360346   0357       75.23
7360517   0357       75.69
7363171   0357       97.90
7363652   0357       75.69
7365166   0357       75.69
7365545   0357       75.23
7367276   0357       75.23
7368710   0357      150.46
7369018   0357       75.69
7371154   0357       75.69
7372156   0357       75.23
7372973   0357      114.14
7373089   0357       75.23
7373215   0357       86.66
7374243   0357       75.23
7374616   0357       96.69
7377030   0357       75.23
7377579   0357       75.69
7379256   0357      150.46
7380616   0357       75.23
7381553   0357       75.69
7382148   0357      106.79
7382532   0357       75.23
7384964   0357       75.69
7387544   0357      151.38
7388038   0357       75.23
7388080   0357       75.69
7388125   0357       80.99
7388199   0357      112.84
7389581   0357       75.69
7391472   0357       75.23
7392153   0357      202.48
7393061   0357       75.23
7393144   0357      150.46
7395742   0357       70.59
7396051   0357      113.54
7398038   0357       85.76
7400031   0357       75.69
7401094   0357       75.69
7401380   0357       75.69
7401853   0357       75.23
7403123   0357       75.23
7403188   0357       75.23
7403563   0357       75.23
7406353   0357       75.69
7408531   0357       75.69
7409730   0357       75.23
7410177   0357       92.72
7412535   0357       80.99
7412738   0357       75.23
7415285   0357       92.72
7415448   0357       75.69
7416870   0357       75.23
7417289   0357      150.46
7417791   0357      151.38
7418898   0357       75.23
7418939   0357       75.69
7419340   0357       75.23
7419740   0357      125.86
7419800   0357       75.69
7419866   0357      188.07
7420316   0357       75.69
7420429   0357       80.99
7423108   0357       80.99
7423415   0357       75.69
7423444   0357      134.62
7425063   0357       75.23
7425430   0357       75.69
7425900   0357       75.23
7426046   0357       75.69
7427359   0357       75.23
7427520   0357       75.69
7429274   0357       75.69
7432253   0357       80.99
7434591   0357      189.23
7435158   0357      188.07
7436077   0357      150.46
7436996   0357       75.69
7437806   0357       75.23
7437808   0357       75.23
7438450   0357       75.69
7439597   0357      173.32
7439617   0357       75.69
7439629   0357       75.69
7440809   0357       76.80
7442445   0357       75.69
7444497   0357      112.84
7444651   0357       80.99
7444842   0357       75.69
7444889   0357      173.32
7445661   0357       75.23
7446382   0357       80.99
7446644   0357       75.69
7447067   0357      189.23
7447992   0357       75.23
7449457   0357       75.23
7455429   0357      127.00
7455588   0357       75.69
7461704   0357       75.69
7465820   0357      189.23
7465910   0357       75.69
7466779   0357      143.95
7466870   0357      135.28
7502836   0357      111.13
7548386   0357       96.61
7548420   0357      122.16
770342    0357       96.69
7917981   0357       75.69
7981510   0357       80.99
7982728   0357       75.23
7982865   0357       80.99
7983170   0357       75.23
7984159   0357       75.69
7985605   0357       76.59
7988969   0357      151.22
8054279   0357      111.00
8064487   0357      180.80
8069571   0357       75.69
8140450   0357       77.66
8594315   0357       75.69
8718789   0357      151.38
8734286   0357       80.99
9066082   0357      102.22
9100619   0357      151.22
9211039   0357       75.23
9261804   0357       80.99
9317884   0357      161.98
9433060   0357       75.69
9540404   0357       80.99
9540845   0357      129.99
9542018   0357       80.99
9542237   0357       75.23
9543174   0357       75.69
9543530   0357      122.88
9544179   0357       75.69
9544345   0357       75.23
9544429   0357       80.99
9544827   0357       80.99
9545198   0357      102.22
9545952   0357      130.46
9546474   0357       75.69
9547148   0357       75.23
9551389   0357       75.69
9552709   0357      111.16
9553039   0357      188.41
9553047   0357       75.23
9553149   0357       75.23
9555077   0357      105.27
9555609   0357       75.23
9555641   0357       75.69
9557148   0357      173.32
9557803   0357       75.23
9557875   0357       75.23
9557894   0357      129.18
9558628   0357       75.23
9560453   0357       75.23
9570736   0357      127.15
9572755   0357       75.69
9577605   0357      135.17
9601343   0357      189.23
9603154   0357       75.23
9603683   0357       75.69
9603870   0357       70.59
9604166   0357       75.23
9604592   0357      139.08
9607091   0357      102.22
9608547   0357       75.69
9609337   0357       75.23
9609338   0357      151.38
9612117   0357      151.52
9612530   0357      354.71
9612692   0357       75.69
9614364   0357      150.46
9615563   0357       75.69
9615964   0357       75.69
9617493   0357      150.46
9620242   0357      161.98
9620248   0357      173.32
9620376   0357       75.69
9620599   0357       80.99
9620701   0357       75.23
9620720   0357       75.23
9621777   0357       75.69
9622347   0357       75.69
9624370   0357       92.72
9624596   0357       75.23
9625361   0357       75.69
9625933   0357      151.38
9626082   0357       75.69
9626215   0357       75.23
9627150   0357      202.48
9627523   0357      151.38
9627724   0357       75.23
9629963   0357       80.99
9631462   0357       80.99
9634554   0357      138.28
9634674   0357       75.69
9636806   0357       75.23
9638320   0357       75.69
9639201   0357       75.23
9845319   0357       75.23
9846320   0357       80.99
9847068   0357       75.23
9847350   0357      146.48
9848693   0357       75.23
9850403   0357       75.69
9851111   0357       75.69
9851993   0357      135.97
10107724  3357       92.72
10120357  3357       75.69
10121866  3357       80.99
10125466  3357       75.23
10126656  3357       75.69
10141786  3357       80.99
10312414  3357       75.23
10373550  3357       75.69
10639752  3357       75.23
10726693  3357       75.69
10760806  3357       75.23
10764554  3357       80.99
10770124  3357       75.69
10772668  3357       75.23
10774121  3357       80.99
10775520  3357       75.23
10776516  3357       92.72
10776915  3357       75.23
10777645  3357       75.69
10778464  3357       75.23
10779723  3357      128.63
10784623  3357       75.69
10820078  3357       80.99
10840266  3357       75.69
10841061  3357       75.23
10841823  3357       92.72
10842205  3357       75.69
10843324  3357       75.69
10844575  3357       92.72
10844947  3357       75.69
10845717  3357       75.23
10845943  3357       92.72
10846474  3357       75.69
10846532  3357       80.99
10846629  3357       75.69
10846940  3357       75.69
10846985  3357       75.69
10847648  3357       75.23
10848158  3357      155.94
10849906  3357       75.69
10849907  3357       80.99
10860593  3357       75.69
10903693  3357       75.23
10959957  3357       75.69
10960021  3357       75.69
10963442  3357       80.99
10963957  3357       80.99
10964062  3357       75.69
1108218   3357      102.22
1112379   3357       96.69
1115136   3357      127.03
11163187  3357       75.23
11177533  3357       75.23
11260715  3357       75.69
11261772  3357       92.72
11262378  3357       75.69
11263756  3357       75.23
11264465  3357       75.69
11264550  3357       75.23
11265496  3357       75.69
11265527  3357       80.99
11266390  3357       75.69
11267811  3357       75.23
11267932  3357       75.23
11268437  3357       92.72
11269196  3357       86.66
1129535   3357       96.69
11414487  3357       80.99
11425214  3357       75.69
11425449  3357       75.69
11426462  3357       75.23
11428034  3357       75.23
11428889  3357       75.69
11429539  3357       75.69
11429792  3357       75.23
11429991  3357       75.69
11430700  3357       75.69
11433167  3357       75.69
11433865  3357       75.69
11433968  3357       75.69
11434350  3357       75.69
11546168  3357       75.23
11580362  3357       80.99
11584952  3357       75.69
11586448  3357       75.69
11589730  3357       75.69
11594236  3357       92.72
11594524  3357       75.23
11596252  3357       75.69
11597667  3357       75.69
11598121  3357       75.23
11598207  3357       75.23
11598956  3357       75.23
11633896  3357       75.23
11645810  3357       75.69
11651035  3357       75.69
11651090  3357       75.69
11652405  3357       75.69
11653864  3357       75.69
11694358  3357       75.23
11694758  3357       75.69
11695394  3357       75.23
11749469  3357       75.69
11783201  3357       80.99
11783366  3357       92.72
11784637  3357       75.23
11786325  3357       92.72
11786432  3357       75.23
11787653  3357       75.69
11787807  3357       75.69
11788587  3357       80.99
11788630  3357       80.99
11790273  3357       75.69
11790818  3357       75.69
11791177  3357       75.69
11792127  3357       75.69
11792506  3357       75.23
11792846  3357       75.69
11878930  3357       75.69
11879419  3357       80.99
11879750  3357       92.72
11881224  3357       92.72
11881668  3357       75.23
11881669  3357       75.23
11882080  3357       75.23
11882720  3357       92.72
11883300  3357       75.69
11949766  3357       92.72
12011761  3357       92.72
12018571  3357       75.23
12018729  3357       75.23
12018852  3357       75.69
12019816  3357       75.23
12020535  3357       86.66
12021559  3357       80.99
12021966  3357       75.69
12022428  3357       80.99
12023306  3357       86.66
12023981  3357       75.69
12024178  3357       75.69
12024179  3357       75.69
12025294  3357       75.69
12025488  3357       75.23
12025491  3357       75.23
12026565  3357       75.69
12027093  3357       75.69
12027260  3357      133.71
12027527  3357       75.23
12027928  3357       75.23
12027973  3357       80.99
12080554  3357       75.69
12241212  3357       75.23
12242270  3357       75.69
12243077  3357       75.23
12244707  3357       75.23
12247738  3357       75.69
12248400  3357       75.23
12248755  3357       80.99
12248784  3357       75.23
12248960  3357       75.69
12249178  3357       92.72
12279667  3357       75.69
12314254  3357       86.66
1232375   3357       96.69
12369466  3357       75.69
12370670  3357       86.66
1239070   3357      102.22
12434895  3357       75.23
12435304  3357       75.69
12435757  3357       75.23
12435759  3357       75.69
12527456  3357       75.23
12534356  3357       75.69
12536172  3357       75.69
12536549  3357       86.66
1254062   3357      102.22
1257983   3357       96.69
1258658   3357       96.69
1261562   3357      102.22
1262953   3357      115.27
1263302   3357      102.22
1263303   3357       96.69
1263991   3357       96.69
1265436   3357       96.69
1266723   3357       70.59
12691465  3357       75.69
1269356   3357       96.69
12698409  3357       75.23
12698965  3357       75.23
12700553  3357       75.23
12701276  3357       75.69
12701301  3357       75.23
12702273  3357       75.23
12704473  3357       75.23
12704482  3357       80.99
12704649  3357       75.69
12704927  3357       75.69
12705860  3357       75.69
12706171  3357       75.69
12706774  3357       80.99
12707136  3357       75.69
1272390   3357      102.22
1273369   3357       96.69
1277938   3357      102.22
1278407   3357       96.69
12848719  3357       75.69
12849330  3357       86.66
12851330  3357       75.69
12852888  3357       75.69
12858616  3357       75.69
12878256  3357       75.69
12884972  3357       75.69
12934142  3357       75.23
12934525  3357       75.23
12935305  3357       75.69
12935606  3357       75.69
13032012  3357       75.23
13032033  3357       75.69
13034237  3357       75.69
13035222  3357       92.72
13084488  3357       75.23
13084886  3357       75.23
13180551  3357       75.69
1318484   3357      102.22
13187744  3357       75.69
13187816  3357       75.69
13188137  3357       75.23
13188604  3357       75.23
13264411  3357       75.69
13265462  3357       75.23
13265946  3357       75.69
13266369  3357       75.69
13268000  3357       75.23
13268185  3357       75.23
13268457  3357       75.23
13268537  3357       75.69
13343258  3357       75.23
13408041  3357       75.23
13510172  3357       75.23
13510180  3357       75.23
13519440  3357       75.23
13527636  3357       80.99
13566631  3357       92.72
13643981  3357       75.23
13643982  3357       75.23
13644051  3357       75.69
13644555  3357       75.23
13644665  3357       75.69
13644680  3357       80.99
13652653  3357       75.23
13674854  3357       80.99
13678214  3357       75.69
13678857  3357       75.23
13679940  3357       75.69
13724134  3357       75.69
13774187  3357       75.23
13774684  3357       75.69
13775452  3357       75.23
13775808  3357       75.23
13777181  3357       75.23
13785046  3357       75.23
13785661  3357       75.69
13785997  3357       75.23
13786181  3357       75.69
13787208  3357       75.69
13787741  3357       75.23
13842354  3357       75.69
13843775  3357       75.69
13856268  3357       75.69
13867427  3357       75.69
13868652  3357       75.69
13880177  3357       75.23
13880981  3357       75.69
13905892  3357       75.23
13986119  3357       75.69
13990906  3357       80.99
14003086  3357       75.23
14030527  3357       75.23
14031045  3357       75.69
14031497  3357       75.69
14093727  3357       75.69
14094806  3357       80.99
14143188  3357       75.23
14159223  3357       75.23
14176129  3357       75.69
14176671  3357       75.69
14270811  3357       75.23
14293118  3357       75.69
1431183   3357       96.69
14335445  3357       75.23
14335539  3357       75.69
14372299  3357       80.99
14372545  3357       75.23
14372818  3357       99.77
14376347  3357       75.69
14398946  3357       75.69
14399267  3357       75.23
14405196  3357       75.69
14405401  3357       75.69
14513487  3357       75.23
14590375  3357       75.23
14607589  3357       75.23
14648947  3357       75.69
14649126  3357       75.23
14825867  3357       75.69
14877620  3357       75.69
14877805  3357       80.99
14877859  3357       86.66
14879597  3357       75.69
14879704  3357       75.23
14880827  3357       80.99
14880972  3357       75.69
15170350  3357       75.23
15177340  3357       80.99
15177867  3357       75.23
15306151  3357       75.23
15306996  3357       75.23
15352095  3357       75.69
15444811  3357       80.99
15448608  3357       75.69
15597541  3357       75.23
15598043  3357       75.23
15598319  3357       75.69
15598510  3357       75.69
15598933  3357       75.23
15599928  3357       75.23
15668151  3357       75.69
15668851  3357       75.23
15690244  3357       75.23
15729233  3357       75.69
15729536  3357       75.23
15778630  3357       75.69
15885754  3357       75.23
15959808  3357       75.23
15961650  3357       75.23
16001576  3357       75.23
16137706  3357       75.23
16138119  3357       75.69
1631390   3357      113.75
16324090  3357       75.69
16385667  3357       75.23
16387437  3357       75.69
16594051  3357       75.23
16641426  3357       75.23
16736267  3357       75.69
16770549  3357       75.69
16788972  3357       75.69
16796439  3357       75.23
17011869  3357       75.69
17012587  3357       75.69
17019549  3357       75.69
17033230  3357       75.23
17033256  3357       75.23
17104175  3357       75.69
17104709  3357       75.69
17306742  3357       75.23
1737075   3357      102.22
17379215  3357       75.23
17380736  3357       75.23
17572385  3357       75.69
17574055  3357       75.23
17626132  3357       75.23
1763812   3357      115.27
1764349   3357      102.22
1765295   3357      102.22
1769938   3357      102.22
17727473  3357       75.23
17859806  3357       75.23
17859921  3357       75.23
17872590  3357       75.69
17942640  3357       75.69
17965237  3357       75.69
18054647  3357       75.69
18058393  3357       75.23
18059918  3357       75.69
18263579  3357       75.69
18263756  3357       75.69
1834693   3357       70.59
18421508  3357       75.23
18422439  3357       75.69
18471327  3357       75.69
18618969  3357       75.23
18655916  3357       75.69
18656459  3357       75.69
18785684  3357       75.23
18928116  3357       75.23
18950730  3357       75.23
1906129   3357       96.69
19166206  3357       75.23
19262723  3357       75.69
1926999   3357       96.69
19324610  3357       75.69
19424156  3357       75.69
19431369  3357       75.69
19827450  3357       75.23
19850185  3357       75.23
19886649  3357       75.69
19973112  3357       75.69
20046577  3357       75.23
20046584  3357       75.23
20187870  3357       75.23
20189202  3357       86.66
20235584  3357       75.23
2030572   3357      102.22
2033664   3357      102.91
20348834  3357       75.23
20351464  3357       75.69
2101693   3357      113.59
21140944  3357       75.23
2130876   3357      102.22
2157417   3357      102.91
2186056   3357      102.22
2189077   3357      102.22
2196831   3357      102.22
2198274   3357       97.06
2198799   3357      102.22
22326349  3357       75.23
2272067   3357      102.22
23156662  3357       96.69
2376223   3357      104.87
2380275   3357       96.69
2384661   3357       96.69
2529886   3357       96.69
2532585   3357      102.22
2533320   3357      102.22
2534786   3357       70.73
2535843   3357       96.69
2536373   3357       96.69
2536795   3357       96.69
2539607   3357       96.69
2539943   3357      102.22
2541142   3357       96.69
2541439   3357      132.31
2541709   3357       96.69
2543654   3357       96.69
2543813   3357       96.69
2543932   3357      102.22
2592064   3357       96.69
2592966   3357      105.19
2593377   3357       96.69
2593686   3357      102.22
2596405   3357      114.24
2597854   3357       96.69
2598033   3357       96.69
2598733   3357       96.69
2598872   3357      102.22
2601437   3357       96.69
2603046   3357       96.69
2605117   3357       96.69
2605164   3357       96.69
2605823   3357       70.59
2607322   3357      104.13
2608233   3357      101.59
2608304   3357      102.22
2608554   3357       96.69
2684589   3357       96.69
2741170   3357      102.73
2854705   3357      102.22
2870837   3357      102.22
2910376   3357      102.22
2910432   3357      102.22
2911765   3357      102.22
2912407   3357      102.22
2912692   3357      102.91
2913757   3357      102.22
2913809   3357      102.22
2915293   3357      102.22
2915714   3357       96.69
2915780   3357      102.22
2916102   3357       70.73
2916362   3357       96.69
2916467   3357      102.22
2916786   3357      102.22
2918280   3357       96.69
2992913   3357      102.22
3035349   3357       96.69
3080057   3357      102.91
3080311   3357       96.69
3080984   3357      140.88
3081351   3357       96.69
3082505   3357      123.10
3083006   3357       96.69
3083065   3357      102.22
3083457   3357      102.22
3083843   3357      102.22
3084868   3357       96.69
3084978   3357      102.22
3085009   3357      102.22
3085276   3357       96.85
3090485   3357      102.92
3156003   3357      116.63
3234299   3357       96.85
3245420   3357       96.69
3314884   3357       76.50
3315121   3357      102.22
3315781   3357      102.22
3317339   3357      108.91
3318589   3357      111.63
3318694   3357      116.86
3318719   3357       96.69
3320986   3357       96.69
3322128   3357      102.48
3322284   3357      102.22
3322381   3357       96.69
3324084   3357      134.39
3324110   3357      145.46
3324403   3357      102.91
3329806   3357       96.69
3353242   3357      116.63
3528540   3357      105.06
3533360   3357      123.88
3535445   3357      102.22
3535676   3357       96.69
3535838   3357      102.22
3538837   3357      104.90
3539352   3357       96.69
3541739   3357       96.69
3541975   3357       70.59
3542004   3357       80.99
3542015   3357       81.49
3554092   3357       96.69
3593839   3357      102.22
3598528   3357       96.69
3710064   3357      132.19
3759377   3357      102.22
3784066   3357      102.22
3784441   3357      107.51
3785251   3357       96.69
3792247   3357       96.69
3830110   3357      102.22
3855157   3357       70.59
3855577   3357       96.69
3856978   3357      102.22
3857004   3357      102.22
3857220   3357       96.70
3857667   3357      102.22
3857878   3357       96.69
3858323   3357       96.69
3858856   3357       80.99
3859230   3357      101.36
3864991   3357      112.65
3875055   3357      118.99
3877925   3357      148.34
3878006   3357      128.19
3963688   3357      114.53
3964093   3357      132.43
3964337   3357      102.22
3965704   3357      102.22
3969513   3357      102.95
4001934   3357      127.10
4064149   3357      104.21
4065177   3357      102.22
4065584   3357       75.69
4065648   3357      132.82
4066245   3357      102.22
4067118   3357      112.34
4067735   3357      118.22
4067795   3357       96.69
4068788   3357      102.22
4071074   3357      137.99
4071241   3357      120.80
4107436   3357       75.23
4191539   3357      102.22
4193094   3357       96.69
4194671   3357      104.10
4195654   3357      102.22
4199927   3357       70.59
4200911   3357      102.22
4238916   3357      102.22
430240    3357      102.22
4317775   3357      148.44
4373204   3357      152.68
4373479   3357      102.22
4375498   3357      102.91
4375998   3357       99.05
4376813   3357      112.22
4377201   3357       96.69
4378140   3357      102.22
4378236   3357      102.22
4378283   3357      102.22
4378759   3357      140.76
4379154   3357      102.22
4381341   3357      102.22
4381614   3357      116.70
4382400   3357       96.69
4383023   3357       80.99
4383200   3357      102.22
4385047   3357       96.69
4386936   3357       86.66
4387777   3357       75.23
4409485   3357      142.54
4409788   3357      102.22
4409789   3357      110.99
4414417   3357      116.13
4414541   3357      102.46
4414909   3357       96.69
4415675   3357      102.22
443869    3357       96.69
4609506   3357      103.83
4610129   3357      102.22
4720170   3357       75.23
4720923   3357       75.69
4721016   3357       75.23
4721639   3357      102.22
4722680   3357      102.22
4722814   3357       77.58
4723168   3357      102.22
4723276   3357      114.67
4723403   3357      102.22
4724433   3357       96.69
4725919   3357       80.99
4727740   3357       75.23
4728331   3357      102.22
4729448   3357       72.91
4730168   3357      148.54
4730490   3357      102.22
4730823   3357      145.80
4731322   3357      143.71
4731494   3357      104.93
4732090   3357      118.27
4732618   3357       75.23
4734527   3357       75.23
4734940   3357       75.23
4735505   3357      102.22
4738424   3357       96.69
4739546   3357      127.71
4739796   3357       80.99
4754833   3357      130.39
4803744   3357      163.07
4805842   3357       75.69
4827213   3357      108.90
4853128   3357       89.86
4882144   3357       76.81
5017295   3357       75.23
5022967   3357       96.69
5237805   3357       75.69
5238236   3357      102.22
5239261   3357      112.29
5240821   3357      102.22
5242545   3357      108.86
5244302   3357      116.63
5244483   3357       75.23
5244484   3357      104.93
5244765   3357      102.22
5245261   3357       80.99
5248926   3357      117.47
5248954   3357      108.00
5249259   3357       75.69
5249817   3357       80.99
5250965   3357       96.69
5251153   3357      123.22
5251214   3357      111.13
5252606   3357       80.99
5253930   3357      102.22
5254613   3357      133.00
5254952   3357      102.22
5255567   3357       75.69
5255641   3357       80.99
5257069   3357      107.60
5257175   3357       96.69
5257421   3357       86.66
5257727   3357       75.69
5257774   3357       75.69
5259121   3357      102.22
5259785   3357      102.22
5261116   3357       75.23
5261139   3357      120.21
5261250   3357      102.22
5261418   3357      105.43
5261643   3357      127.63
5263470   3357      108.29
5344986   3357       75.23
5435450   3357      114.84
5436619   3357       80.99
5436795   3357       78.79
5438690   3357      112.24
5439480   3357       75.69
5439865   3357       86.66
5458236   3357       75.23
5461455   3357       96.70
5605414   3357      123.05
5658043   3357      120.36
5688352   3357       75.69
5765952   3357       75.69
5779173   3357       75.69
5915261   3357       96.69
5921128   3357      145.37
5921800   3357       75.23
5923624   3357       80.99
5925143   3357       80.99
5925949   3357       70.59
5929492   3357       75.69
5935536   3357       80.99
5938630   3357      125.86
5938995   3357       75.69
6044716   3357       75.69
6125595   3357       75.23
6127630   3357      118.55
6238388   3357       92.72
6394853   3357       91.32
64800     3357       96.85
6537141   3357      102.22
6573443   3357      125.16
6573855   3357       86.66
6573893   3357       75.23
6575243   3357       75.23
6575301   3357       75.69
6584406   3357      102.22
6602322   3357       75.23
6634354   3357       75.69
6689708   3357       75.69
6690236   3357       75.69
6701343   3357       75.69
6701344   3357       75.69
6701453   3357       75.69
673822    3357      102.22
6841910   3357       75.23
7076647   3357       75.69
7211860   3357       80.99
7240399   3357       75.69
7300376   3357      112.24
7301470   3357      102.22
7305494   3357       96.69
7305781   3357      102.22
7308623   3357      113.17
7309317   3357       75.23
7309375   3357       75.23
7310425   3357       86.66
7310959   3357       96.69
7311233   3357      103.21
7311255   3357      132.60
7312149   3357      121.53
7313189   3357      102.22
7314050   3357       75.23
7314987   3357       86.66
7315048   3357       80.99
7315058   3357      116.90
7315331   3357       75.69
7316059   3357       86.66
7316139   3357       80.99
7316607   3357      132.31
7316959   3357       96.69
7317744   3357      102.22
7318041   3357      105.28
7319649   3357       80.99
7321787   3357       75.23
7322304   3357       75.23
7322780   3357       75.23
7322794   3357      144.36
7324725   3357       96.69
7325664   3357      101.67
7325721   3357       96.69
7325722   3357      140.48
7325778   3357       70.59
7328421   3357       75.23
7330948   3357       75.69
7331943   3357      187.86
7332202   3357      127.62
7332734   3357       96.69
7333145   3357       80.99
7333526   3357      127.62
7335642   3357       75.69
7337422   3357       94.64
7337778   3357       75.23
7338055   3357       86.66
7340200   3357      102.22
7340742   3357      102.48
7340989   3357      120.10
7342107   3357       75.23
7342680   3357       96.69
7343605   3357       75.23
7344290   3357       75.23
7344465   3357       75.23
7347856   3357       96.69
7348137   3357       75.23
7348986   3357      122.75
7349428   3357       92.72
7349843   3357       75.23
7350162   3357      105.01
7350273   3357       75.23
7351297   3357       88.39
7352317   3357       75.23
7353364   3357       75.23
7353377   3357       75.69
7354064   3357       75.23
7354848   3357       70.59
7355928   3357      102.22
7359478   3357       80.99
7360346   3357       75.23
7360517   3357       75.69
7363171   3357       97.90
7363652   3357       75.69
7365166   3357       75.69
7365545   3357       75.23
7367276   3357       75.23
7368710   3357       75.23
7369018   3357       75.69
7371154   3357       75.69
7372156   3357       75.23
7372973   3357      114.14
7373089   3357       75.23
7373215   3357       86.66
7374243   3357       75.23
7374616   3357       96.69
7377030   3357       75.23
7377579   3357       75.69
7379256   3357       75.23
7380616   3357       75.23
7381553   3357       75.69
7382148   3357      106.79
7382532   3357       75.23
7384964   3357       75.69
7387544   3357       75.69
7388038   3357       75.23
7388080   3357       75.69
7388125   3357       80.99
7388199   3357       75.23
7389581   3357       75.69
7391472   3357       75.23
7392153   3357       80.99
7393061   3357       75.23
7393144   3357       75.23
7395742   3357       70.59
7396051   3357       75.69
7398038   3357       85.76
7400031   3357       75.69
7401094   3357       75.69
7401380   3357       75.69
7401853   3357       75.23
7403123   3357       75.23
7403188   3357       75.23
7403563   3357       75.23
7406353   3357       75.69
7408531   3357       75.69
7409730   3357       75.23
7410177   3357       92.72
7412535   3357       80.99
7412738   3357       75.23
7415285   3357       92.72
7415448   3357       75.69
7416870   3357       75.23
7417289   3357       75.23
7417791   3357       75.69
7418898   3357       75.23
7418939   3357       75.69
7419340   3357       75.23
7419740   3357      125.86
7419800   3357       75.69
7419866   3357       75.23
7420316   3357       75.69
7420429   3357       80.99
7423108   3357       80.99
7423415   3357       75.69
7423444   3357      134.62
7425063   3357       75.23
7425430   3357       75.69
7425900   3357       75.23
7426046   3357       75.69
7427359   3357       75.23
7427520   3357       75.69
7429274   3357       75.69
7432253   3357       80.99
7434591   3357       75.69
7435158   3357       75.23
7436077   3357       75.23
7436996   3357       75.69
7437806   3357       75.23
7437808   3357       75.23
7438450   3357       75.69
7439597   3357       86.66
7439617   3357       75.69
7439629   3357       75.69
7440809   3357       76.80
7442445   3357       75.69
7444497   3357       75.23
7444651   3357       80.99
7444842   3357       75.69
7444889   3357       86.66
7445661   3357       75.23
7446382   3357       80.99
7446644   3357       75.69
7447067   3357       75.69
7447992   3357       75.23
7449457   3357       75.23
7455429   3357      127.00
7455588   3357       75.69
7461704   3357       75.69
7465820   3357       75.69
7465910   3357       75.69
7466779   3357      143.95
7466870   3357      135.28
7502836   3357      111.13
7548386   3357       96.61
7548420   3357      122.16
770342    3357       96.69
7917981   3357       75.69
7981510   3357       80.99
7982728   3357       75.23
7982865   3357       80.99
7983170   3357       75.23
7984159   3357       75.69
7985605   3357       76.59
7988969   3357      151.22
8054279   3357      111.00
8064487   3357       90.40
8069571   3357       75.69
8140450   3357       77.66
8594315   3357       75.69
8718789   3357       75.69
8734286   3357       80.99
9066082   3357      102.22
9100619   3357      151.22
9211039   3357       75.23
9261804   3357       80.99
9317884   3357       80.99
9433060   3357       75.69
9540404   3357       80.99
9540845   3357       86.66
9542018   3357       80.99
9542237   3357       75.23
9543174   3357       75.69
9543530   3357      122.88
9544179   3357       75.69
9544345   3357       75.23
9544429   3357       80.99
9544827   3357       80.99
9545198   3357      102.22
9545952   3357      130.46
9546474   3357       75.69
9547148   3357       75.23
9551389   3357       75.69
9552709   3357      111.16
9553039   3357      188.41
9553047   3357       75.23
9553149   3357       75.23
9555077   3357      105.27
9555609   3357       75.23
9555641   3357       75.69
9557148   3357       86.66
9557803   3357       75.23
9557875   3357       75.23
9557894   3357      129.18
9558628   3357       75.23
9560453   3357       75.23
9570736   3357      127.15
9572755   3357       75.69
9577605   3357      135.17
9601343   3357       75.69
9603154   3357       75.23
9603683   3357       75.69
9603870   3357       70.59
9604166   3357       75.23
9604592   3357       92.72
9607091   3357      102.22
9608547   3357       75.69
9609337   3357       75.23
9609338   3357       75.69
9612117   3357      151.52
9612530   3357      141.89
9612692   3357       75.69
9614364   3357       75.23
9615563   3357       75.69
9615964   3357       75.69
9617493   3357       75.23
9620242   3357       80.99
9620248   3357       86.66
9620376   3357       75.69
9620599   3357       80.99
9620701   3357       75.23
9620720   3357       75.23
9621777   3357       75.69
9622347   3357       75.69
9624370   3357       92.72
9624596   3357       75.23
9625361   3357       75.69
9625933   3357       75.69
9626082   3357       75.69
9626215   3357       75.23
9627150   3357       80.99
9627523   3357       75.69
9627724   3357       75.23
9629963   3357       80.99
9631462   3357       80.99
9634554   3357      138.28
9634674   3357       75.69
9636806   3357       75.23
9638320   3357       75.69
9639201   3357       75.23
9845319   3357       75.23
9846320   3357       80.99
9847068   3357       75.23
9847350   3357      146.48
9848693   3357       75.23
9850403   3357       75.69
9851111   3357       75.69
9851993   3357      135.97
