10107724  0357      452.61
10120357  0357      555.43
10121866  0357      988.71
10125466  0357      345.18
10126656  0357      370.29
10141786  0357      395.49
10312414  0357      345.18
10373550  0357      740.61
10639752  0357      345.18
10726693  0357      370.29
10760806  0357      345.18
10764554  0357      395.49
10770124  0357      370.29
10772668  0357      345.18
10774121  0357      395.49
10775520  0357      690.36
10776516  0357      452.61
10776915  0357      345.18
10777645  0357      555.43
10778464  0357      345.18
10779723  0357      629.39
10784623  0357      370.29
10820078  0357      395.49
10840266  0357      370.29
10841061  0357      345.18
10841823  0357      452.61
10842205  0357      370.29
10843324  0357      925.75
10844575  0357      905.19
10844947  0357      925.75
10845717  0357      345.18
10845943  0357      452.61
10846474  0357      370.29
10846532  0357      395.49
10846629  0357      370.29
10846940  0357      740.61
10846985  0357      370.29
10847648  0357      345.18
10848158  0357      727.53
10849906  0357      370.29
10849907  0357      395.49
10860593  0357      370.29
10903693  0357      345.18
10959957  0357      370.29
10960021  0357      370.29
10963442  0357      395.49
10963957  0357      395.49
10964062  0357      740.61
1108218   0357      471.38
1112379   0357      473.06
1115136   0357      621.53
11163187  0357      345.18
11177533  0357      345.18
11260715  0357      370.29
11261772  0357      452.61
11262378  0357      370.29
11263756  0357      345.18
11264465  0357      370.29
11264550  0357      345.18
11265496  0357      370.29
11265527  0357      395.49
11266390  0357      740.61
11267811  0357      690.36
11267932  0357      690.36
11268437  0357      452.61
11269196  0357      422.88
1129535   0357      472.21
11414487  0357      395.49
11425214  0357      370.29
11425449  0357      370.29
11426462  0357      345.18
11428034  0357      345.18
11428889  0357      925.75
11429539  0357      740.61
11429792  0357      345.18
11429991  0357      555.43
11430700  0357      370.29
11433167  0357      370.29
11433865  0357      740.61
11433968  0357      740.61
11434350  0357      370.29
11546168  0357      345.18
11580362  0357      395.49
11584952  0357      370.29
11586448  0357      395.49
11589730  0357      740.61
11594236  0357      452.61
11594524  0357      345.18
11596252  0357      370.29
11597667  0357      370.29
11598121  0357      345.18
11598207  0357      345.18
11598956  0357      345.18
11633896  0357      345.18
11645810  0357      370.29
11651035  0357      370.29
11651090  0357      370.29
11652405  0357      370.29
11653864  0357      370.29
11694358  0357      345.18
11694758  0357      370.29
11695394  0357      690.36
11749469  0357      370.29
11783201  0357      395.49
11783366  0357      452.61
11784637  0357      345.18
11786325  0357      452.61
11786432  0357      345.18
11787653  0357      740.61
11787807  0357      370.29
11788587  0357      790.95
11788630  0357      395.49
11790273  0357      370.29
11790818  0357      555.43
11791177  0357      370.29
11792127  0357      370.29
11792506  0357      345.18
11792846  0357      370.29
11878930  0357      370.29
11879419  0357      395.49
11879750  0357      452.61
11881224  0357      452.61
11881668  0357      862.93
11881669  0357      618.61
11882080  0357      345.18
11882720  0357      452.61
11883300  0357      740.61
11949766  0357      452.61
12011761  0357      905.19
12018571  0357      517.75
12018729  0357      345.18
12018852  0357      370.29
12019816  0357      345.18
12020535  0357      422.88
12021559  0357      395.49
12021966  0357      370.29
12022428  0357      395.49
12023306  0357      422.88
12023981  0357      555.43
12024178  0357      370.29
12024179  0357      370.29
12025294  0357      555.43
12025488  0357      345.18
12025491  0357      345.18
12026565  0357      370.29
12027093  0357      370.29
12027260  0357      654.22
12027527  0357      345.18
12027928  0357      345.18
12027973  0357      790.95
12080554  0357      370.29
12241212  0357      517.75
12242270  0357      370.29
12243077  0357      345.18
12244707  0357      345.18
12247738  0357      555.43
12248400  0357      862.93
12248755  0357      395.49
12248784  0357      690.36
12248960  0357      370.29
12249178  0357      452.61
12279667  0357      370.29
12314254  0357     1057.20
1232375   0357      472.21
12369466  0357      370.29
12370670  0357      422.88
1239070   0357      471.38
12434895  0357      345.18
12435304  0357      370.29
12435757  0357      517.75
12435759  0357      925.75
12527456  0357      345.18
12534356  0357      370.29
12536172  0357      370.29
12536549  0357      422.88
1257983   0357      472.21
1258658   0357      473.06
1261562   0357      471.38
1262953   0357      563.97
1263302   0357      471.38
1263303   0357      473.06
1265436   0357      473.06
1266723   0357      325.61
12691465  0357      370.29
1269356   0357      944.45
12698409  0357      345.18
12698965  0357      345.18
12700553  0357      345.18
12701276  0357      370.29
12701301  0357      862.93
12702273  0357      345.18
12704473  0357      345.18
12704482  0357      790.95
12704649  0357      370.29
12704927  0357      370.29
12705860  0357      370.29
12706171  0357      370.29
12706774  0357      790.95
12707136  0357      370.29
1272390   0357      471.38
1273369   0357      473.06
1277938   0357      471.38
1278407   0357      473.06
12848719  0357      370.29
12849330  0357      422.88
12851330  0357      370.29
12852888  0357      370.29
12858616  0357      555.43
12878256  0357      370.29
12884972  0357      370.29
12934142  0357      345.18
12934525  0357      345.18
12935305  0357      370.29
12935606  0357      370.29
13032012  0357      862.93
13032033  0357      370.29
13034237  0357      370.29
13035222  0357      452.61
13084488  0357      345.18
13084886  0357      345.18
13180551  0357      370.29
1318484   0357      471.38
13187744  0357      740.61
13187816  0357      555.43
13188137  0357      345.18
13188604  0357      517.75
13264411  0357      370.29
13265462  0357      345.18
13265946  0357      555.43
13266369  0357      370.29
13268000  0357      690.36
13268185  0357      690.36
13268457  0357      345.18
13268537  0357      555.43
13343258  0357      345.18
13408041  0357      345.18
13510172  0357      345.18
13510180  0357      345.18
13519440  0357      345.18
13527636  0357      395.49
13566631  0357      452.61
13643981  0357      690.36
13643982  0357      517.75
13644051  0357      370.29
13644555  0357      862.93
13644665  0357      370.29
13644680  0357      988.71
13652653  0357      345.18
13674854  0357      395.49
13678214  0357      370.29
13678857  0357      345.18
13679940  0357      370.29
13724134  0357      555.43
13774187  0357      345.18
13774684  0357      370.29
13775452  0357      345.18
13775808  0357      345.18
13777181  0357      517.75
13785046  0357      345.18
13785661  0357      370.29
13785997  0357      345.18
13786181  0357      370.29
13787208  0357      370.29
13787741  0357      345.18
13842354  0357      370.29
13843775  0357      370.29
13856268  0357      370.29
13867427  0357      555.43
13868652  0357      370.29
13880177  0357      370.29
13880981  0357      370.29
13905892  0357      345.18
13986119  0357      370.29
13990906  0357      593.22
14003086  0357      345.18
14030527  0357      345.18
14031045  0357      370.29
14031497  0357      925.75
14093727  0357      555.43
14094806  0357      395.49
14143188  0357      345.18
14159223  0357      690.36
14176671  0357      370.29
14270811  0357      862.93
14293118  0357      555.43
1431183   0357      473.06
14335445  0357      345.18
14335539  0357      370.29
14372299  0357      395.49
14372545  0357      345.18
14372818  0357     1220.38
14376347  0357      370.29
14398946  0357      370.29
14399267  0357      517.75
14405196  0357      370.29
14405401  0357      370.29
14513487  0357      345.18
14590375  0357      345.18
14607589  0357      517.75
14648947  0357      370.29
14649126  0357      345.18
14825867  0357      925.75
14877620  0357      370.29
14877805  0357      395.49
14877859  0357      422.88
14879597  0357      740.61
14879704  0357      862.93
14880827  0357      395.49
14880972  0357      740.61
15170350  0357      345.18
15177340  0357      395.49
15177867  0357      690.36
15306151  0357      862.93
15306996  0357      345.18
15351139  0357      370.29
15352095  0357      370.29
15444811  0357      395.49
15448608  0357      370.29
15597541  0357      345.18
15598043  0357      345.18
15598319  0357      370.29
15598510  0357      740.61
15598933  0357      345.18
15599928  0357      517.75
15668151  0357      740.61
15668851  0357      345.18
15690244  0357      345.18
15729233  0357      555.43
15729536  0357      862.93
15778630  0357      555.43
15885754  0357      345.18
15959808  0357      345.18
15961650  0357      345.18
16001576  0357      345.18
16137706  0357      345.18
16138119  0357      555.43
1631390   0357      554.54
16324090  0357      370.29
16385667  0357      345.18
16387437  0357      740.61
16594051  0357      345.18
16641426  0357      345.18
16736267  0357      370.29
16770549  0357      370.29
16788972  0357      740.61
16796439  0357      690.36
17011869  0357      740.61
17012587  0357      925.75
17019549  0357      370.29
17033230  0357      345.18
17033256  0357      345.18
17104175  0357      555.43
17104709  0357      370.29
17306742  0357      345.18
1737075   0357      471.38
17379215  0357      517.75
17380736  0357      345.18
17572385  0357      740.61
17574055  0357      345.18
17626132  0357      690.36
1763812   0357      563.97
1764349   0357      471.38
1765295   0357      942.80
1769938   0357      471.38
17727473  0357      345.18
17859806  0357      345.18
17859921  0357      690.36
17872590  0357      370.29
17942640  0357      370.29
17965237  0357      555.43
18054647  0357      370.29
18058393  0357      345.18
18059918  0357      370.29
18263579  0357      370.29
18263756  0357      370.29
18421508  0357      345.18
18422439  0357      740.61
18618969  0357      345.18
18655916  0357      370.29
18656459  0357      555.43
18785684  0357      345.18
18928116  0357      345.18
18950730  0357      345.18
1906129   0357      473.06
19166206  0357      862.93
19262723  0357      370.29
1926999   0357      472.21
19324610  0357      740.61
19348247  0357      370.29
19424156  0357      740.61
19431369  0357      370.29
19827450  0357      370.29
19850185  0357      862.93
19886649  0357      925.75
19973112  0357      370.29
20046577  0357      690.36
20046584  0357      690.36
20187870  0357      690.36
20189202  0357      422.88
20235584  0357      690.36
2030572   0357      471.38
2033664   0357      502.07
20348834  0357      517.75
20351464  0357      740.61
2101693   0357      554.94
21140944  0357      517.75
2130876   0357      471.38
2157417   0357     1255.19
2186056   0357      471.38
2189077   0357      471.38
2196831   0357      471.38
2198274   0357      474.02
2198799   0357      471.38
22326349  0357      345.18
2272067   0357      471.38
23156662  0357      473.06
2376223   0357      511.60
2380275   0357      472.21
2384661   0357      473.06
2529886   0357      473.06
2532585   0357      471.38
2533320   0357      471.38
2534786   0357      345.97
2535843   0357      472.21
2536373   0357      472.21
2536795   0357      473.06
2539607   0357      472.21
2539943   0357      471.38
2541142   0357      473.06
2541439   0357      645.15
2541709   0357      473.06
2543654   0357      473.06
2543813   0357      473.06
2543932   0357      471.38
2592064   0357      472.21
2592966   0357      513.82
2593377   0357      473.06
2593686   0357      471.38
2596405   0357      558.95
2597854   0357      473.06
2598033   0357      473.06
2598733   0357      472.21
2598872   0357      471.38
2601437   0357      473.06
2603046   0357      473.06
2605164   0357      473.06
2605823   0357      325.57
2607322   0357      509.46
2608233   0357      497.00
2608304   0357      471.38
2608554   0357      473.06
2684589   0357      473.06
2741170   0357      500.95
2854705   0357      471.38
2870837   0357      471.38
2910376   0357      471.38
2910432   0357      471.38
2911765   0357      471.38
2912407   0357      471.38
2912692   0357      502.07
2913757   0357      471.38
2913809   0357      471.38
2915293   0357      471.38
2915714   0357      473.06
2915780   0357      471.38
2916362   0357      473.06
2916467   0357      471.38
2916786   0357      471.38
2918280   0357     1182.61
2992913   0357      471.38
3035349   0357      473.06
3080057   0357      753.10
3080311   0357      473.06
3080984   0357      689.34
3081351   0357      473.06
3082505   0357      567.51
3083006   0357      473.06
3083065   0357      471.38
3083457   0357      471.38
3083843   0357      471.38
3084868   0357      473.06
3084978   0357      471.38
3085009   0357      471.38
3085276   0357      472.33
3090485   0357      503.51
3156003   0357      537.70
3234299   0357      472.33
3245420   0357      473.06
3314884   0357      352.78
3315121   0357      471.38
3315781   0357      471.38
3317339   0357      502.18
3318589   0357      546.16
3318694   0357      569.72
3318719   0357      473.06
3320986   0357      473.06
3322128   0357      501.38
3322284   0357      471.38
3322381   0357      472.21
3324084   0357      657.54
3324110   0357      709.14
3329806   0357      473.06
3353242   0357      537.70
3528540   0357      513.98
3533360   0357      603.88
3535445   0357      471.38
3535838   0357      471.38
3538837   0357      513.19
3539352   0357      473.06
3541739   0357      473.06
3541975   0357      325.61
3542004   0357      395.49
3542015   0357      375.78
3554092   0357      472.21
3593839   0357      471.38
3598528   0357      473.06
3710064   0357      609.36
3759377   0357      471.38
3784066   0357      471.38
3784441   0357      525.19
3785251   0357      473.06
3792247   0357      473.06
3830110   0357      471.38
3855157   0357      325.57
3855577   0357      473.06
3856978   0357      471.38
3857004   0357      471.38
3857220   0357      473.06
3857667   0357      471.38
3857878   0357      472.21
3858323   0357      946.08
3858856   0357      395.49
3859230   0357      743.82
3864991   0357      549.49
3875055   0357      582.16
3877925   0357     1450.07
3878006   0357      590.92
3963688   0357      560.35
3964093   0357      647.95
3964337   0357      471.38
3965704   0357      471.38
3969513   0357      474.77
4001934   0357      621.05
4064149   0357      507.93
4065177   0357      471.38
4065584   0357      370.29
4065648   0357      612.25
4066245   0357      471.38
4067118   0357      549.64
4067735   0357      545.06
4067795   0357      473.06
4068788   0357      471.38
4071074   0357      672.81
4071241   0357      556.94
4107436   0357      345.18
4191539   0357      471.38
4193094   0357     1180.54
4194671   0357      509.28
4195654   0357      471.38
4199927   0357      325.61
4200911   0357      471.38
4238916   0357      471.38
430240    0357      471.38
4317775   0357      725.53
4373204   0357      746.26
4373479   0357      471.38
4375498   0357      502.07
4375998   0357      483.06
4376813   0357      517.40
4377201   0357      472.21
4378140   0357      471.38
4378236   0357      471.38
4378283   0357      471.38
4378759   0357      687.93
4379154   0357      471.38
4381341   0357      471.38
4381614   0357      538.06
4382400   0357      709.56
4383023   0357      628.86
4383200   0357      471.38
4385047   0357      473.06
4386936   0357      422.88
4387777   0357     1260.31
4409485   0357      696.62
4409788   0357      471.38
4409789   0357     1023.56
4414417   0357      535.42
4414541   0357      500.45
4414909   0357      473.06
4415675   0357      471.38
443869    0357      473.06
4609506   0357      507.14
4610129   0357      471.38
4720170   0357      517.75
4720923   0357      370.29
4721016   0357      345.18
4721639   0357      471.38
4722680   0357      471.38
4722814   0357      379.52
4723168   0357      471.38
4723276   0357      528.73
4723403   0357      471.38
4724433   0357      473.06
4725919   0357      790.95
4727740   0357      345.18
4728331   0357      471.38
4729448   0357      336.31
4730168   0357      726.00
4730490   0357      471.38
4730823   0357      710.82
4731322   0357      702.37
4731494   0357      512.54
4732090   0357      545.29
4732618   0357      533.30
4734527   0357      345.18
4734940   0357      345.18
4735505   0357      471.38
4738424   0357      473.06
4739546   0357      624.85
4739796   0357      395.49
4754833   0357      637.16
4803744   0357      797.15
4805842   0357      370.29
4827213   0357      532.78
4853128   0357      439.66
4882144   0357      354.23
5017295   0357      345.18
5022967   0357      472.21
5237805   0357      370.29
5238236   0357      471.38
5239261   0357      547.73
5240821   0357      471.38
5242545   0357      531.03
5244302   0357      537.70
5244483   0357      345.18
5244484   0357      512.54
5244765   0357      471.38
5245261   0357      395.49
5248926   0357      541.62
5248954   0357      498.02
5249259   0357      370.29
5249817   0357      395.49
5250965   0357      473.06
5251153   0357      602.87
5251214   0357      542.87
5252606   0357      790.95
5253930   0357      471.38
5254613   0357      613.08
5254952   0357      471.38
5255567   0357      370.29
5255641   0357      395.49
5257069   0357      496.16
5257175   0357      473.06
5257421   0357      422.88
5257727   0357      925.75
5257774   0357      370.29
5259121   0357      471.38
5259785   0357      471.38
5261116   0357      345.18
5261139   0357      588.17
5261250   0357      471.38
5261418   0357      486.16
5261643   0357      588.37
5263470   0357      528.01
5344986   0357      345.18
5435450   0357      529.48
5436619   0357      395.49
5436795   0357      363.32
5438690   0357      517.55
5439480   0357      370.29
5439865   0357     1057.20
5458236   0357      345.18
5461455   0357      473.07
5605414   0357     1204.12
5658043   0357      588.90
5688352   0357      370.29
5765952   0357      370.29
5779173   0357      370.29
5915261   0357      473.06
5921128   0357      711.30
5921800   0357      345.18
5923624   0357      395.49
5925143   0357      395.49
5925949   0357      325.61
5929492   0357      370.29
5935536   0357     1855.89
5938630   0357      615.79
5938995   0357      370.29
6044716   0357      555.43
6125595   0357     1245.96
6127630   0357      546.56
6238388   0357      452.61
6394853   0357      421.04
64800     0357      472.33
6537141   0357      471.38
6573443   0357      612.40
6573855   0357      422.88
6573893   0357      345.18
6575243   0357      345.18
6575301   0357      370.29
6584406   0357     1178.49
6602322   0357      345.18
6634354   0357      370.29
6689708   0357      370.29
6690236   0357      370.29
6701343   0357      370.29
6701344   0357      622.66
6701453   0357      370.29
673822    0357      471.38
6841910   0357      345.18
7076647   0357      370.29
7211860   0357      395.49
7240399   0357      370.29
7300376   0357      517.55
7301470   0357      471.38
7305494   0357      473.06
7305781   0357      471.38
7308623   0357      553.70
7309317   0357      345.18
7309375   0357      345.18
7310425   0357      422.88
7310959   0357      473.06
7311233   0357      504.91
7311255   0357      611.25
7312149   0357      594.62
7313189   0357      471.38
7314050   0357      557.64
7314987   0357      422.88
7315048   0357      395.49
7315058   0357     1429.92
7315331   0357      370.29
7316059   0357      422.88
7316139   0357      395.49
7316607   0357      645.15
7316959   0357      944.45
7317744   0357      942.80
7318041   0357      515.09
7319649   0357      790.95
7321787   0357      345.18
7322304   0357      345.18
7322780   0357      345.18
7322794   0357      665.36
7324725   0357      472.21
7325664   0357      468.69
7325721   0357      473.06
7325722   0357      687.38
7325778   0357      325.61
7328421   0357      345.18
7330948   0357      370.29
7331943   0357      865.59
7332202   0357      588.33
7332734   0357      709.56
7333145   0357      734.35
7333526   0357     1176.67
7335642   0357      370.29
7337422   0357      463.05
7337778   0357      345.18
7338055   0357      422.88
7340200   0357      471.38
7340742   0357      501.38
7340989   0357      553.74
7342107   0357      345.18
7342680   0357      473.06
7343605   0357      345.18
7344290   0357      345.18
7344465   0357      690.36
7347856   0357      473.06
7348137   0357      345.18
7348986   0357      600.58
7349428   0357     1131.51
7349843   0357      345.18
7350162   0357      484.26
7350273   0357      345.18
7351297   0357      407.53
7352317   0357      345.18
7353377   0357      370.29
7354064   0357      345.18
7354848   0357      325.61
7355928   0357      471.38
7359478   0357      395.49
7360346   0357      345.18
7360517   0357      370.29
7363171   0357      451.30
7363652   0357      370.29
7365166   0357      592.19
7365545   0357      345.18
7367276   0357      345.18
7368710   0357      690.36
7369018   0357      370.29
7371154   0357      370.29
7372156   0357      345.18
7372973   0357      526.08
7373089   0357      345.18
7373215   0357      422.88
7374243   0357      527.13
7374616   0357      473.06
7377030   0357      345.18
7377579   0357      370.29
7379256   0357      690.36
7380616   0357      345.18
7381553   0357      370.29
7382148   0357      521.64
7382532   0357      345.18
7384964   0357      370.29
7387544   0357      740.61
7388038   0357      345.18
7388080   0357      370.29
7388125   0357      395.49
7388199   0357      790.69
7389581   0357      370.29
7391472   0357      345.18
7392153   0357      988.71
7393061   0357      345.18
7393144   0357      690.36
7395742   0357      325.57
7396051   0357      555.43
7398038   0357      419.58
7400031   0357      370.29
7401094   0357      370.29
7401380   0357      561.68
7401853   0357      345.18
7403123   0357      345.18
7403188   0357      345.18
7403563   0357      345.18
7406353   0357      370.29
7408531   0357      370.29
7409730   0357      345.18
7410177   0357      452.61
7412535   0357      395.49
7412738   0357      345.18
7415285   0357      452.61
7415448   0357      370.29
7416870   0357      345.18
7417289   0357      690.36
7417791   0357      740.61
7418898   0357      345.18
7418939   0357      370.29
7419340   0357      345.18
7419740   0357      580.21
7419800   0357      370.29
7419866   0357      862.93
7420316   0357      370.29
7420429   0357      395.49
7423108   0357      395.49
7423415   0357      370.29
7423444   0357      658.70
7425063   0357      345.18
7425430   0357      370.29
7425900   0357      345.18
7426046   0357      370.29
7427359   0357      345.18
7427520   0357      370.29
7429274   0357      370.29
7432253   0357      395.49
7434591   0357      925.75
7435158   0357      862.93
7436077   0357      690.36
7436996   0357      370.29
7437806   0357      345.18
7437808   0357      345.18
7438450   0357      370.29
7439597   0357      845.76
7439617   0357      370.29
7439629   0357      370.29
7440809   0357      354.21
7442445   0357      370.29
7444497   0357      517.75
7444651   0357      395.49
7444842   0357      370.29
7444889   0357      845.76
7445661   0357      345.18
7446382   0357      395.49
7446644   0357      370.29
7447067   0357      925.75
7447334   0357      422.88
7447992   0357      345.18
7449457   0357      345.18
7455429   0357      621.38
7455588   0357      561.68
7461704   0357      370.29
7465820   0357      925.75
7465910   0357      370.29
7466779   0357      701.80
7466870   0357      661.94
7502836   0357      542.88
7548386   0357      445.38
7548420   0357      563.02
770342    0357      473.06
7917981   0357      370.29
7981510   0357      703.85
7982728   0357      345.18
7982865   0357      395.49
7983170   0357      345.18
7984159   0357      370.29
7985605   0357      374.70
7988969   0357      739.92
8054279   0357      511.81
8064487   0357      884.59
8069571   0357      555.56
8140450   0357      358.13
8594315   0357      370.29
8718789   0357      740.61
8734286   0357      395.49
9066082   0357      471.38
9100619   0357      739.92
9211039   0357      345.18
9261804   0357      395.49
9317884   0357      790.95
9433060   0357      370.29
9540404   0357      395.49
9540845   0357      634.32
9542018   0357      988.71
9542237   0357      345.18
9543174   0357      592.19
9543530   0357      600.38
9544179   0357      370.29
9544345   0357      345.18
9544429   0357      642.87
9544827   0357      395.49
9545198   0357      471.38
9545952   0357      601.42
9546474   0357      370.29
9547148   0357      641.48
9551389   0357      370.29
9552709   0357      512.35
9553039   0357      921.96
9553047   0357      345.18
9553149   0357      345.18
9555077   0357      513.35
9555609   0357      345.18
9555641   0357      370.29
9557148   0357      845.76
9557803   0357      345.18
9557875   0357      345.18
9557894   0357      595.52
9558628   0357      345.18
9560453   0357      345.18
9570736   0357      622.10
9572755   0357      370.29
9577605   0357      661.38
9601343   0357      925.75
9603154   0357      618.61
9603683   0357      370.29
9603870   0357      325.61
9604166   0357      345.18
9604592   0357      678.90
9607091   0357      471.38
9608547   0357      370.29
9609337   0357      345.18
9609338   0357      740.61
9612117   0357      740.80
9612530   0357     1735.63
9612692   0357      370.29
9614364   0357      690.36
9615563   0357      370.29
9615964   0357      370.29
9617493   0357      690.36
9620242   0357      790.95
9620248   0357      845.76
9620376   0357      370.29
9620599   0357      395.49
9620701   0357      345.18
9620720   0357      345.18
9621777   0357      370.29
9622347   0357      370.29
9624370   0357      452.61
9624596   0357      345.18
9625361   0357      370.29
9625933   0357      740.61
9626082   0357      370.29
9626215   0357      345.18
9627150   0357      988.71
9627523   0357      740.61
9627724   0357      345.18
9629963   0357      395.49
9631462   0357      395.49
9634554   0357      676.60
9634674   0357      370.29
9636806   0357      345.18
9638320   0357      370.29
9639201   0357      345.18
9845319   0357      345.18
9846320   0357      395.49
9847068   0357      345.18
9847350   0357      716.75
9848693   0357      563.71
9850403   0357      370.29
9851111   0357      370.29
9851993   0357      665.29
10107724  3357      452.61
10120357  3357      370.29
10121866  3357      395.49
10125466  3357      345.18
10126656  3357      370.29
10141786  3357      395.49
10312414  3357      345.18
10373550  3357      370.29
10639752  3357      345.18
10726693  3357      370.29
10760806  3357      345.18
10764554  3357      395.49
10770124  3357      370.29
10772668  3357      345.18
10774121  3357      395.49
10775520  3357      345.18
10776516  3357      452.61
10776915  3357      345.18
10777645  3357      370.29
10778464  3357      345.18
10779723  3357      629.39
10784623  3357      370.29
10820078  3357      395.49
10840266  3357      370.29
10841061  3357      345.18
10841823  3357      452.61
10842205  3357      370.29
10843324  3357      370.29
10844575  3357      452.61
10844947  3357      370.29
10845717  3357      345.18
10845943  3357      452.61
10846474  3357      370.29
10846532  3357      395.49
10846629  3357      370.29
10846940  3357      370.29
10846985  3357      370.29
10847648  3357      345.18
10848158  3357      727.53
10849906  3357      370.29
10849907  3357      395.49
10860593  3357      370.29
10903693  3357      345.18
10959957  3357      370.29
10960021  3357      370.29
10963442  3357      395.49
10963957  3357      395.49
10964062  3357      370.29
1108218   3357      471.38
1112379   3357      473.06
1115136   3357      621.53
11163187  3357      345.18
11177533  3357      345.18
11260715  3357      370.29
11261772  3357      452.61
11262378  3357      370.29
11263756  3357      345.18
11264465  3357      370.29
11264550  3357      345.18
11265496  3357      370.29
11265527  3357      395.49
11266390  3357      370.29
11267811  3357      345.18
11267932  3357      345.18
11268437  3357      452.61
11269196  3357      422.88
1129535   3357      472.21
11414487  3357      395.49
11425214  3357      370.29
11425449  3357      370.29
11426462  3357      345.18
11428034  3357      345.18
11428889  3357      370.29
11429539  3357      370.29
11429792  3357      345.18
11429991  3357      370.29
11430700  3357      370.29
11433167  3357      370.29
11433865  3357      370.29
11433968  3357      370.29
11434350  3357      370.29
11546168  3357      345.18
11580362  3357      395.49
11584952  3357      370.29
11586448  3357      395.49
11589730  3357      370.29
11594236  3357      452.61
11594524  3357      345.18
11596252  3357      370.29
11597667  3357      370.29
11598121  3357      345.18
11598207  3357      345.18
11598956  3357      345.18
11633896  3357      345.18
11645810  3357      370.29
11651035  3357      370.29
11651090  3357      370.29
11652405  3357      370.29
11653864  3357      370.29
11694358  3357      345.18
11694758  3357      370.29
11695394  3357      345.18
11749469  3357      370.29
11783201  3357      395.49
11783366  3357      452.61
11784637  3357      345.18
11786325  3357      452.61
11786432  3357      345.18
11787653  3357      370.29
11787807  3357      370.29
11788587  3357      395.49
11788630  3357      395.49
11790273  3357      370.29
11790818  3357      370.29
11791177  3357      370.29
11792127  3357      370.29
11792506  3357      345.18
11792846  3357      370.29
11878930  3357      370.29
11879419  3357      395.49
11879750  3357      452.61
11881224  3357      452.61
11881668  3357      345.18
11881669  3357      618.61
11882080  3357      345.18
11882720  3357      452.61
11883300  3357      370.29
11949766  3357      452.61
12011761  3357      452.61
12018571  3357      345.18
12018729  3357      345.18
12018852  3357      370.29
12019816  3357      345.18
12020535  3357      422.88
12021559  3357      395.49
12021966  3357      370.29
12022428  3357      395.49
12023306  3357      422.88
12023981  3357      370.29
12024178  3357      370.29
12024179  3357      370.29
12025294  3357      370.29
12025488  3357      345.18
12025491  3357      345.18
12026565  3357      370.29
12027093  3357      370.29
12027260  3357      654.22
12027527  3357      345.18
12027928  3357      345.18
12027973  3357      395.49
12080554  3357      370.29
12241212  3357      345.18
12242270  3357      370.29
12243077  3357      345.18
12244707  3357      345.18
12247738  3357      370.29
12248400  3357      345.18
12248755  3357      395.49
12248784  3357      345.18
12248960  3357      370.29
12249178  3357      452.61
12279667  3357      370.29
12314254  3357      422.88
1232375   3357      472.21
12369466  3357      370.29
12370670  3357      422.88
1239070   3357      471.38
12434895  3357      345.18
12435304  3357      370.29
12435757  3357      345.18
12435759  3357      370.29
12527456  3357      345.18
12534356  3357      370.29
12536172  3357      370.29
12536549  3357      422.88
1257983   3357      472.21
1258658   3357      473.06
1261562   3357      471.38
1262953   3357      563.97
1263302   3357      471.38
1263303   3357      473.06
1265436   3357      473.06
1266723   3357      325.61
12691465  3357      370.29
1269356   3357      472.21
12698409  3357      345.18
12698965  3357      345.18
12700553  3357      345.18
12701276  3357      370.29
12701301  3357      345.18
12702273  3357      345.18
12704473  3357      345.18
12704482  3357      395.49
12704649  3357      370.29
12704927  3357      370.29
12705860  3357      370.29
12706171  3357      370.29
12706774  3357      395.49
12707136  3357      370.29
1272390   3357      471.38
1273369   3357      473.06
1277938   3357      471.38
1278407   3357      473.06
12848719  3357      370.29
12849330  3357      422.88
12851330  3357      370.29
12852888  3357      370.29
12858616  3357      370.29
12878256  3357      370.29
12884972  3357      370.29
12934142  3357      345.18
12934525  3357      345.18
12935305  3357      370.29
12935606  3357      370.29
13032012  3357      345.18
13032033  3357      370.29
13034237  3357      370.29
13035222  3357      452.61
13084488  3357      345.18
13084886  3357      345.18
13180551  3357      370.29
1318484   3357      471.38
13187744  3357      370.29
13187816  3357      370.29
13188137  3357      345.18
13188604  3357      345.18
13264411  3357      370.29
13265462  3357      345.18
13265946  3357      370.29
13266369  3357      370.29
13268000  3357      345.18
13268185  3357      345.18
13268457  3357      345.18
13268537  3357      370.29
13343258  3357      345.18
13408041  3357      345.18
13510172  3357      345.18
13510180  3357      345.18
13519440  3357      345.18
13527636  3357      395.49
13566631  3357      452.61
13643981  3357      345.18
13643982  3357      345.18
13644051  3357      370.29
13644555  3357      345.18
13644665  3357      370.29
13644680  3357      395.49
13652653  3357      345.18
13674854  3357      395.49
13678214  3357      370.29
13678857  3357      345.18
13679940  3357      370.29
13724134  3357      370.29
13774187  3357      345.18
13774684  3357      370.29
13775452  3357      345.18
13775808  3357      345.18
13777181  3357      345.18
13785046  3357      345.18
13785661  3357      370.29
13785997  3357      345.18
13786181  3357      370.29
13787208  3357      370.29
13787741  3357      345.18
13842354  3357      370.29
13843775  3357      370.29
13856268  3357      370.29
13867427  3357      370.29
13868652  3357      370.29
13880177  3357      370.29
13880981  3357      370.29
13905892  3357      345.18
13986119  3357      370.29
13990906  3357      395.49
14003086  3357      345.18
14030527  3357      345.18
14031045  3357      370.29
14031497  3357      370.29
14093727  3357      370.29
14094806  3357      395.49
14143188  3357      345.18
14159223  3357      345.18
14176671  3357      370.29
14270811  3357      345.18
14293118  3357      370.29
1431183   3357      473.06
14335445  3357      345.18
14335539  3357      370.29
14372299  3357      395.49
14372545  3357      345.18
14372818  3357      488.14
14376347  3357      370.29
14398946  3357      370.29
14399267  3357      345.18
14405196  3357      370.29
14405401  3357      370.29
14513487  3357      345.18
14590375  3357      345.18
14607589  3357      345.18
14648947  3357      370.29
14649126  3357      345.18
14825867  3357      370.29
14877620  3357      370.29
14877805  3357      395.49
14877859  3357      422.88
14879597  3357      370.29
14879704  3357      345.18
14880827  3357      395.49
14880972  3357      370.29
15170350  3357      345.18
15177340  3357      395.49
15177867  3357      345.18
15306151  3357      345.18
15306996  3357      345.18
15351139  3357      370.29
15352095  3357      370.29
15444811  3357      395.49
15448608  3357      370.29
15597541  3357      345.18
15598043  3357      345.18
15598319  3357      370.29
15598510  3357      370.29
15598933  3357      345.18
15599928  3357      345.18
15668151  3357      370.29
15668851  3357      345.18
15690244  3357      345.18
15729233  3357      370.29
15729536  3357      345.18
15778630  3357      370.29
15885754  3357      345.18
15959808  3357      345.18
15961650  3357      345.18
16001576  3357      345.18
16137706  3357      345.18
16138119  3357      370.29
1631390   3357      554.54
16324090  3357      370.29
16385667  3357      345.18
16387437  3357      370.29
16594051  3357      345.18
16641426  3357      345.18
16736267  3357      370.29
16770549  3357      370.29
16788972  3357      370.29
16796439  3357      345.18
17011869  3357      370.29
17012587  3357      370.29
17019549  3357      370.29
17033230  3357      345.18
17033256  3357      345.18
17104175  3357      370.29
17104709  3357      370.29
17306742  3357      345.18
1737075   3357      471.38
17379215  3357      345.18
17380736  3357      345.18
17572385  3357      370.29
17574055  3357      345.18
17626132  3357      345.18
1763812   3357      563.97
1764349   3357      471.38
1765295   3357      471.38
1769938   3357      471.38
17727473  3357      345.18
17859806  3357      345.18
17859921  3357      345.18
17872590  3357      370.29
17942640  3357      370.29
17965237  3357      370.29
18054647  3357      370.29
18058393  3357      345.18
18059918  3357      370.29
18263579  3357      370.29
18263756  3357      370.29
18421508  3357      345.18
18422439  3357      370.29
18618969  3357      345.18
18655916  3357      370.29
18656459  3357      370.29
18785684  3357      345.18
18928116  3357      345.18
18950730  3357      345.18
1906129   3357      473.06
19166206  3357      345.18
19262723  3357      370.29
1926999   3357      472.21
19324610  3357      370.29
19348247  3357      370.29
19424156  3357      370.29
19431369  3357      370.29
19827450  3357      370.29
19850185  3357      345.18
19886649  3357      370.29
19973112  3357      370.29
20046577  3357      345.18
20046584  3357      345.18
20187870  3357      345.18
20189202  3357      422.88
20235584  3357      345.18
2030572   3357      471.38
2033664   3357      502.07
20348834  3357      345.18
20351464  3357      370.29
2101693   3357      554.94
21140944  3357      345.18
2130876   3357      471.38
2157417   3357      502.07
2186056   3357      471.38
2189077   3357      471.38
2196831   3357      471.38
2198274   3357      474.02
2198799   3357      471.38
22326349  3357      345.18
2272067   3357      471.38
23156662  3357      473.06
2376223   3357      511.60
2380275   3357      472.21
2384661   3357      473.06
2529886   3357      473.06
2532585   3357      471.38
2533320   3357      471.38
2534786   3357      345.97
2535843   3357      472.21
2536373   3357      472.21
2536795   3357      473.06
2539607   3357      472.21
2539943   3357      471.38
2541142   3357      473.06
2541439   3357      645.15
2541709   3357      473.06
2543654   3357      473.06
2543813   3357      473.06
2543932   3357      471.38
2592064   3357      472.21
2592966   3357      513.82
2593377   3357      473.06
2593686   3357      471.38
2596405   3357      558.95
2597854   3357      473.06
2598033   3357      473.06
2598733   3357      472.21
2598872   3357      471.38
2601437   3357      473.06
2603046   3357      473.06
2605164   3357      473.06
2605823   3357      325.57
2607322   3357      509.46
2608233   3357      497.00
2608304   3357      471.38
2608554   3357      473.06
2684589   3357      473.06
2741170   3357      500.95
2854705   3357      471.38
2870837   3357      471.38
2910376   3357      471.38
2910432   3357      471.38
2911765   3357      471.38
2912407   3357      471.38
2912692   3357      502.07
2913757   3357      471.38
2913809   3357      471.38
2915293   3357      471.38
2915714   3357      473.06
2915780   3357      471.38
2916362   3357      473.06
2916467   3357      471.38
2916786   3357      471.38
2918280   3357      473.06
2992913   3357      471.38
3035349   3357      473.06
3080057   3357      502.07
3080311   3357      473.06
3080984   3357      689.34
3081351   3357      473.06
3082505   3357      567.51
3083006   3357      473.06
3083065   3357      471.38
3083457   3357      471.38
3083843   3357      471.38
3084868   3357      473.06
3084978   3357      471.38
3085009   3357      471.38
3085276   3357      472.33
3090485   3357      503.51
3156003   3357      537.70
3234299   3357      472.33
3245420   3357      473.06
3314884   3357      352.78
3315121   3357      471.38
3315781   3357      471.38
3317339   3357      502.18
3318589   3357      546.16
3318694   3357      569.72
3318719   3357      473.06
3320986   3357      473.06
3322128   3357      501.38
3322284   3357      471.38
3322381   3357      472.21
3324084   3357      657.54
3324110   3357      709.14
3329806   3357      473.06
3353242   3357      537.70
3528540   3357      513.98
3533360   3357      603.88
3535445   3357      471.38
3535838   3357      471.38
3538837   3357      513.19
3539352   3357      473.06
3541739   3357      473.06
3541975   3357      325.61
3542004   3357      395.49
3542015   3357      375.78
3554092   3357      472.21
3593839   3357      471.38
3598528   3357      473.06
3710064   3357      609.36
3759377   3357      471.38
3784066   3357      471.38
3784441   3357      525.19
3785251   3357      473.06
3792247   3357      473.06
3830110   3357      471.38
3855157   3357      325.57
3855577   3357      473.06
3856978   3357      471.38
3857004   3357      471.38
3857220   3357      473.06
3857667   3357      471.38
3857878   3357      472.21
3858323   3357      473.06
3858856   3357      395.49
3859230   3357      495.85
3864991   3357      549.49
3875055   3357      582.16
3877925   3357      725.04
3878006   3357      590.92
3963688   3357      560.35
3964093   3357      647.95
3964337   3357      471.38
3965704   3357      471.38
3969513   3357      474.77
4001934   3357      621.05
4064149   3357      507.93
4065177   3357      471.38
4065584   3357      370.29
4065648   3357      612.25
4066245   3357      471.38
4067118   3357      549.64
4067735   3357      545.06
4067795   3357      473.06
4068788   3357      471.38
4071074   3357      672.81
4071241   3357      556.94
4107436   3357      345.18
4191539   3357      471.38
4193094   3357      472.21
4194671   3357      509.28
4195654   3357      471.38
4199927   3357      325.61
4200911   3357      471.38
4238916   3357      471.38
430240    3357      471.38
4317775   3357      725.53
4373204   3357      746.26
4373479   3357      471.38
4375498   3357      502.07
4375998   3357      483.06
4376813   3357      517.40
4377201   3357      472.21
4378140   3357      471.38
4378236   3357      471.38
4378283   3357      471.38
4378759   3357      687.93
4379154   3357      471.38
4381341   3357      471.38
4381614   3357      538.06
4382400   3357      473.06
4383023   3357      628.86
4383200   3357      471.38
4385047   3357      473.06
4386936   3357      422.88
4387777   3357      504.14
4409485   3357      696.62
4409788   3357      471.38
4409789   3357      511.78
4414417   3357      535.42
4414541   3357      500.45
4414909   3357      473.06
4415675   3357      471.38
443869    3357      473.06
4609506   3357      507.14
4610129   3357      471.38
4720170   3357      345.18
4720923   3357      370.29
4721016   3357      345.18
4721639   3357      471.38
4722680   3357      471.38
4722814   3357      379.52
4723168   3357      471.38
4723276   3357      528.73
4723403   3357      471.38
4724433   3357      473.06
4725919   3357      395.49
4727740   3357      345.18
4728331   3357      471.38
4729448   3357      336.31
4730168   3357      726.00
4730490   3357      471.38
4730823   3357      710.82
4731322   3357      702.37
4731494   3357      512.54
4732090   3357      545.29
4732618   3357      533.30
4734527   3357      345.18
4734940   3357      345.18
4735505   3357      471.38
4738424   3357      473.06
4739546   3357      624.85
4739796   3357      395.49
4754833   3357      637.16
4803744   3357      797.15
4805842   3357      370.29
4827213   3357      532.78
4853128   3357      439.66
4882144   3357      354.23
5017295   3357      345.18
5022967   3357      472.21
5237805   3357      370.29
5238236   3357      471.38
5239261   3357      547.73
5240821   3357      471.38
5242545   3357      531.03
5244302   3357      537.70
5244483   3357      345.18
5244484   3357      512.54
5244765   3357      471.38
5245261   3357      395.49
5248926   3357      541.62
5248954   3357      498.02
5249259   3357      370.29
5249817   3357      395.49
5250965   3357      473.06
5251153   3357      602.87
5251214   3357      542.87
5252606   3357      395.49
5253930   3357      471.38
5254613   3357      613.08
5254952   3357      471.38
5255567   3357      370.29
5255641   3357      395.49
5257069   3357      496.16
5257175   3357      473.06
5257421   3357      422.88
5257727   3357      370.29
5257774   3357      370.29
5259121   3357      471.38
5259785   3357      471.38
5261116   3357      345.18
5261139   3357      588.17
5261250   3357      471.38
5261418   3357      486.16
5261643   3357      588.37
5263470   3357      528.01
5344986   3357      345.18
5435450   3357      529.48
5436619   3357      395.49
5436795   3357      363.32
5438690   3357      517.55
5439480   3357      370.29
5439865   3357      422.88
5458236   3357      345.18
5461455   3357      473.07
5605414   3357      602.08
5658043   3357      588.90
5688352   3357      370.29
5765952   3357      370.29
5779173   3357      370.29
5915261   3357      473.06
5921128   3357      711.30
5921800   3357      345.18
5923624   3357      395.49
5925143   3357      395.49
5925949   3357      325.61
5929492   3357      370.29
5935536   3357      742.35
5938630   3357      615.79
5938995   3357      370.29
6044716   3357      370.29
6125595   3357      498.37
6127630   3357      546.56
6238388   3357      452.61
6394853   3357      421.04
64800     3357      472.33
6537141   3357      471.38
6573443   3357      612.40
6573855   3357      422.88
6573893   3357      345.18
6575243   3357      345.18
6575301   3357      370.29
6584406   3357      471.38
6602322   3357      345.18
6634354   3357      370.29
6689708   3357      370.29
6690236   3357      370.29
6701343   3357      370.29
6701344   3357      622.66
6701453   3357      370.29
673822    3357      471.38
6841910   3357      345.18
7076647   3357      370.29
7211860   3357      395.49
7240399   3357      370.29
7300376   3357      517.55
7301470   3357      471.38
7305494   3357      473.06
7305781   3357      471.38
7308623   3357      553.70
7309317   3357      345.18
7309375   3357      345.18
7310425   3357      422.88
7310959   3357      473.06
7311233   3357      504.91
7311255   3357      611.25
7312149   3357      594.62
7313189   3357      471.38
7314050   3357      557.64
7314987   3357      422.88
7315048   3357      395.49
7315058   3357      571.96
7315331   3357      370.29
7316059   3357      422.88
7316139   3357      395.49
7316607   3357      645.15
7316959   3357      472.21
7317744   3357      471.38
7318041   3357      515.09
7319649   3357      395.49
7321787   3357      345.18
7322304   3357      345.18
7322780   3357      345.18
7322794   3357      665.36
7324725   3357      472.21
7325664   3357      468.69
7325721   3357      473.06
7325722   3357      687.38
7325778   3357      325.61
7328421   3357      345.18
7330948   3357      370.29
7331943   3357      865.59
7332202   3357      588.33
7332734   3357      473.06
7333145   3357      734.35
7333526   3357      588.33
7335642   3357      370.29
7337422   3357      463.05
7337778   3357      345.18
7338055   3357      422.88
7340200   3357      471.38
7340742   3357      501.38
7340989   3357      553.74
7342107   3357      345.18
7342680   3357      473.06
7343605   3357      345.18
7344290   3357      345.18
7344465   3357      345.18
7347856   3357      473.06
7348137   3357      345.18
7348986   3357      600.58
7349428   3357      452.61
7349843   3357      345.18
7350162   3357      484.26
7350273   3357      345.18
7351297   3357      407.53
7352317   3357      345.18
7353377   3357      370.29
7354064   3357      345.18
7354848   3357      325.61
7355928   3357      471.38
7359478   3357      395.49
7360346   3357      345.18
7360517   3357      370.29
7363171   3357      451.30
7363652   3357      370.29
7365166   3357      592.19
7365545   3357      345.18
7367276   3357      345.18
7368710   3357      345.18
7369018   3357      370.29
7371154   3357      370.29
7372156   3357      345.18
7372973   3357      526.08
7373089   3357      345.18
7373215   3357      422.88
7374243   3357      527.13
7374616   3357      473.06
7377030   3357      345.18
7377579   3357      370.29
7379256   3357      345.18
7380616   3357      345.18
7381553   3357      370.29
7382148   3357      521.64
7382532   3357      345.18
7384964   3357      370.29
7387544   3357      370.29
7388038   3357      345.18
7388080   3357      370.29
7388125   3357      395.49
7388199   3357      527.13
7389581   3357      370.29
7391472   3357      345.18
7392153   3357      395.49
7393061   3357      345.18
7393144   3357      345.18
7395742   3357      325.57
7396051   3357      370.29
7398038   3357      419.58
7400031   3357      370.29
7401094   3357      370.29
7401380   3357      561.68
7401853   3357      345.18
7403123   3357      345.18
7403188   3357      345.18
7403563   3357      345.18
7406353   3357      370.29
7408531   3357      370.29
7409730   3357      345.18
7410177   3357      452.61
7412535   3357      395.49
7412738   3357      345.18
7415285   3357      452.61
7415448   3357      370.29
7416870   3357      345.18
7417289   3357      345.18
7417791   3357      370.29
7418898   3357      345.18
7418939   3357      370.29
7419340   3357      345.18
7419740   3357      580.21
7419800   3357      370.29
7419866   3357      345.18
7420316   3357      370.29
7420429   3357      395.49
7423108   3357      395.49
7423415   3357      370.29
7423444   3357      658.70
7425063   3357      345.18
7425430   3357      370.29
7425900   3357      345.18
7426046   3357      370.29
7427359   3357      345.18
7427520   3357      370.29
7429274   3357      370.29
7432253   3357      395.49
7434591   3357      370.29
7435158   3357      345.18
7436077   3357      345.18
7436996   3357      370.29
7437806   3357      345.18
7437808   3357      345.18
7438450   3357      370.29
7439597   3357      422.88
7439617   3357      370.29
7439629   3357      370.29
7440809   3357      354.21
7442445   3357      370.29
7444497   3357      345.18
7444651   3357      395.49
7444842   3357      370.29
7444889   3357      422.88
7445661   3357      345.18
7446382   3357      395.49
7446644   3357      370.29
7447067   3357      370.29
7447334   3357      422.88
7447992   3357      345.18
7449457   3357      345.18
7455429   3357      621.38
7455588   3357      561.68
7461704   3357      370.29
7465820   3357      370.29
7465910   3357      370.29
7466779   3357      701.80
7466870   3357      661.94
7502836   3357      542.88
7548386   3357      445.38
7548420   3357      563.02
770342    3357      473.06
7917981   3357      370.29
7981510   3357      703.85
7982728   3357      345.18
7982865   3357      395.49
7983170   3357      345.18
7984159   3357      370.29
7985605   3357      374.70
7988969   3357      739.92
8054279   3357      511.81
8064487   3357      442.27
8069571   3357      555.56
8140450   3357      358.13
8594315   3357      370.29
8718789   3357      370.29
8734286   3357      395.49
9066082   3357      471.38
9100619   3357      739.92
9211039   3357      345.18
9261804   3357      395.49
9317884   3357      395.49
9433060   3357      370.29
9540404   3357      395.49
9540845   3357      422.88
9542018   3357      395.49
9542237   3357      345.18
9543174   3357      592.19
9543530   3357      600.38
9544179   3357      370.29
9544345   3357      345.18
9544429   3357      642.87
9544827   3357      395.49
9545198   3357      471.38
9545952   3357      601.42
9546474   3357      370.29
9547148   3357      641.48
9551389   3357      370.29
9552709   3357      512.35
9553039   3357      921.96
9553047   3357      345.18
9553149   3357      345.18
9555077   3357      513.35
9555609   3357      345.18
9555641   3357      370.29
9557148   3357      422.88
9557803   3357      345.18
9557875   3357      345.18
9557894   3357      595.52
9558628   3357      345.18
9560453   3357      345.18
9570736   3357      622.10
9572755   3357      370.29
9577605   3357      661.38
9601343   3357      370.29
9603154   3357      618.61
9603683   3357      370.29
9603870   3357      325.61
9604166   3357      345.18
9604592   3357      452.61
9607091   3357      471.38
9608547   3357      370.29
9609337   3357      345.18
9609338   3357      370.29
9612117   3357      740.80
9612530   3357      694.26
9612692   3357      370.29
9614364   3357      345.18
9615563   3357      370.29
9615964   3357      370.29
9617493   3357      345.18
9620242   3357      395.49
9620248   3357      422.88
9620376   3357      370.29
9620599   3357      395.49
9620701   3357      345.18
9620720   3357      345.18
9621777   3357      370.29
9622347   3357      370.29
9624370   3357      452.61
9624596   3357      345.18
9625361   3357      370.29
9625933   3357      370.29
9626082   3357      370.29
9626215   3357      345.18
9627150   3357      395.49
9627523   3357      370.29
9627724   3357      345.18
9629963   3357      395.49
9631462   3357      395.49
9634554   3357      676.60
9634674   3357      370.29
9636806   3357      345.18
9638320   3357      370.29
9639201   3357      345.18
9845319   3357      345.18
9846320   3357      395.49
9847068   3357      345.18
9847350   3357      716.75
9848693   3357      563.71
9850403   3357      370.29
9851111   3357      370.29
9851993   3357      665.29
