10107724  0357      238.43
10120357  0357      291.95
10121866  0357      520.65
10125466  0357      193.45
10126656  0357      194.63
10141786  0357      208.26
10312414  0357      193.45
10373550  0357      389.27
10639752  0357      193.45
10726693  0357      194.63
10760806  0357      193.45
10764554  0357      208.26
10770124  0357      194.63
10772668  0357      193.45
10774121  0357      208.26
10775520  0357      386.89
10776516  0357      238.43
10776915  0357      193.45
10777645  0357      291.95
10778464  0357      193.45
10779723  0357      330.77
10784623  0357      194.63
10820078  0357      208.26
10840266  0357      194.63
10841061  0357      193.45
10841823  0357      238.43
10842205  0357      194.63
10843324  0357      486.59
10844575  0357      476.86
10844947  0357      194.63
10845717  0357      193.45
10845943  0357      238.43
10846474  0357      194.63
10846532  0357      208.26
10846629  0357      194.63
10846940  0357      389.27
10846985  0357      194.63
10847648  0357      193.45
10848158  0357      400.98
10849906  0357      194.63
10849907  0357      208.26
10860593  0357      194.63
10903693  0357      193.45
10959957  0357      194.63
10960021  0357      194.63
10963442  0357      208.26
10963957  0357      208.26
10964062  0357      389.27
1108218   0357      262.85
1112379   0357      248.64
1115136   0357      326.65
11163187  0357      193.45
11177533  0357      193.45
11260715  0357      194.63
11261772  0357      238.43
11262378  0357      194.63
11263756  0357      193.45
11264465  0357      194.63
11264550  0357      193.45
11265496  0357      194.63
11265527  0357      208.26
11266390  0357      389.27
11267811  0357      386.89
11267932  0357      386.89
11268437  0357      238.43
11269196  0357      222.84
1129535   0357      248.64
11414487  0357      208.26
11425214  0357      194.63
11425449  0357      194.63
11426462  0357      193.45
11428034  0357      193.45
11428889  0357      486.59
11429539  0357      389.27
11429792  0357      193.45
11429991  0357      291.95
11430700  0357      194.63
11433167  0357      194.63
11433865  0357      389.27
11433968  0357      389.27
11434350  0357      194.63
11546168  0357      193.45
11580362  0357      208.26
11584952  0357      194.63
11586448  0357      194.63
11589730  0357      389.27
11594236  0357      238.43
11594524  0357      193.45
11596252  0357      194.63
11597667  0357      194.63
11598121  0357      193.45
11598207  0357      193.45
11598956  0357      193.45
11633896  0357      193.45
11645810  0357      194.63
11651035  0357      194.63
11651090  0357      194.63
11652405  0357      194.63
11653864  0357      194.63
11694358  0357      193.45
11694758  0357      194.63
11695394  0357      386.89
11749469  0357      194.63
11783201  0357      208.26
11783366  0357      238.43
11784637  0357      193.45
11786325  0357      238.43
11786432  0357      193.45
11787653  0357      389.27
11787807  0357      194.63
11788587  0357      416.52
11788630  0357      208.26
11790273  0357      194.63
11790818  0357      291.95
11791177  0357      194.63
11792127  0357      194.63
11792506  0357      193.45
11792846  0357      194.63
11878930  0357      194.63
11879419  0357      208.26
11879750  0357      238.43
11881224  0357      238.43
11881668  0357      483.62
11881669  0357      193.45
11882080  0357      193.45
11882720  0357      238.43
11883300  0357      389.27
11949766  0357      238.43
12011761  0357      476.86
12018571  0357      290.17
12018729  0357      193.45
12018852  0357      194.63
12019816  0357      193.45
12020535  0357      222.84
12021559  0357      208.26
12021966  0357      194.63
12022428  0357      208.26
12023306  0357      222.84
12023981  0357      291.95
12024178  0357      194.63
12024179  0357      194.63
12025294  0357      291.95
12025488  0357      193.45
12025491  0357      193.45
12026565  0357      194.63
12027093  0357      194.63
12027260  0357      343.82
12027527  0357      193.45
12027928  0357      193.45
12027973  0357      416.52
12080554  0357      194.63
12241212  0357      290.17
12242270  0357      194.63
12243077  0357      193.45
12244707  0357      193.45
12247738  0357      291.95
12248400  0357      483.62
12248755  0357      208.26
12248784  0357      386.89
12248960  0357      194.63
12249178  0357      238.43
12279667  0357      194.63
12314254  0357      557.10
1232375   0357      248.64
12369466  0357      194.63
12370670  0357      222.84
1239070   0357      262.85
12434895  0357      193.45
12435304  0357      194.63
12435757  0357      290.17
12435759  0357      486.59
12527456  0357      193.45
12534356  0357      194.63
12536172  0357      194.63
12536549  0357      222.84
1254062   0357      262.85
1257983   0357      248.64
1258658   0357      248.64
1261562   0357      262.85
1262953   0357      296.41
1263302   0357      262.85
1263303   0357      248.64
1263991   0357      248.64
1265436   0357      248.64
1266723   0357      181.52
12691465  0357      194.63
1269356   0357      497.28
12698409  0357      193.45
12698965  0357      193.45
12700553  0357      193.45
12701276  0357      194.63
12701301  0357      483.62
12702273  0357      193.45
12704473  0357      193.45
12704482  0357      416.52
12704649  0357      194.63
12704927  0357      194.63
12705860  0357      194.63
12706171  0357      194.63
12706774  0357      416.52
12707136  0357      194.63
1272390   0357      262.85
1273369   0357      248.64
1277938   0357      262.85
1278407   0357      248.64
12848719  0357      194.63
12849330  0357      222.84
12851330  0357      194.63
12852888  0357      194.63
12858616  0357      291.95
12878256  0357      194.63
12884972  0357      194.63
12934142  0357      193.45
12934525  0357      193.45
12935305  0357      194.63
12935606  0357      194.63
13032012  0357      386.89
13032033  0357      194.63
13034237  0357      194.63
13035222  0357      238.43
13084488  0357      193.45
13084886  0357      193.45
13180551  0357      194.63
1318484   0357      262.85
13187744  0357      389.27
13187816  0357      291.95
13188137  0357      193.45
13188604  0357      290.17
13264411  0357      194.63
13265462  0357      193.45
13265946  0357      291.95
13266369  0357      194.63
13268000  0357      386.89
13268185  0357      386.89
13268457  0357      193.45
13268537  0357      291.95
13343258  0357      193.45
13408041  0357      193.45
13510172  0357      193.45
13510180  0357      193.45
13519440  0357      193.45
13527636  0357      208.26
13566631  0357      238.43
13643981  0357      386.89
13643982  0357      290.17
13644051  0357      194.63
13644555  0357      483.62
13644665  0357      194.63
13644680  0357      520.65
13652653  0357      193.45
13674854  0357      208.26
13678214  0357      194.63
13678857  0357      193.45
13679940  0357      194.63
13724134  0357      291.95
13774187  0357      193.45
13774684  0357      194.63
13775452  0357      193.45
13775808  0357      193.45
13777181  0357      290.17
13785046  0357      193.45
13785661  0357      194.63
13785997  0357      193.45
13786181  0357      194.63
13787208  0357      194.63
13787741  0357      193.45
13842354  0357      194.63
13843775  0357      194.63
13856268  0357      194.63
13867427  0357      291.95
13868652  0357      194.63
13880177  0357      193.45
13880981  0357      194.63
13905892  0357      193.45
13986119  0357      194.63
13990906  0357      312.39
14003086  0357      193.45
14030527  0357      193.45
14031045  0357      194.63
14031497  0357      486.59
14093727  0357      291.95
14094806  0357      208.26
14143188  0357      193.45
14159223  0357      386.89
14176129  0357      194.63
14176671  0357      194.63
14270811  0357      483.62
14293118  0357      291.95
1431183   0357      248.64
14335445  0357      193.45
14335539  0357      194.63
14372299  0357      208.26
14372545  0357      193.45
14372818  0357      641.39
14376347  0357      194.63
14398946  0357      194.63
14399267  0357      290.17
14405196  0357      194.63
14405401  0357      194.63
14513487  0357      193.45
14590375  0357      193.45
14607589  0357      290.17
14648947  0357      194.63
14649126  0357      193.45
14825867  0357      194.63
14877620  0357      194.63
14877805  0357      208.26
14877859  0357      222.84
14879597  0357      389.27
14879704  0357      483.62
14880827  0357      208.26
14880972  0357      389.27
15170350  0357      193.45
15177340  0357      208.26
15177867  0357      386.89
15306151  0357      483.62
15306996  0357      193.45
15352095  0357      194.63
15444811  0357      208.26
15448608  0357      194.63
15597541  0357      193.45
15598043  0357      193.45
15598319  0357      194.63
15598510  0357      389.27
15598933  0357      193.45
15599928  0357      290.17
15668151  0357      389.27
15668851  0357      193.45
15690244  0357      193.45
15729233  0357      291.95
15729536  0357      483.62
15778630  0357      291.95
15885754  0357      193.45
15959808  0357      193.45
15961650  0357      193.45
16001576  0357      193.45
16137706  0357      193.45
16138119  0357      291.95
1631390   0357      292.50
16324090  0357      194.63
16385667  0357      193.45
16387437  0357      389.27
16594051  0357      193.45
16641426  0357      193.45
16736267  0357      194.63
16770549  0357      194.63
16788972  0357      389.27
16796439  0357      386.89
17011869  0357      389.27
17012587  0357      486.59
17019549  0357      194.63
17033230  0357      193.45
17033256  0357      193.45
17104175  0357      194.63
17104709  0357      194.63
17306742  0357      193.45
1737075   0357      262.85
17379215  0357      290.17
17380736  0357      193.45
17572385  0357      389.27
17574055  0357      193.45
17626132  0357      386.89
1763812   0357      296.41
1764349   0357      262.85
1765295   0357      525.69
1769938   0357      262.85
17727473  0357      193.45
17859806  0357      193.45
17859921  0357      386.89
17872590  0357      194.63
17942640  0357      194.63
17965237  0357      291.95
18054647  0357      194.63
18058393  0357      193.45
18059918  0357      194.63
18263579  0357      194.63
18263756  0357      194.63
1834693   0357      181.52
18421508  0357      193.45
18422439  0357      389.27
18471327  0357      194.63
18618969  0357      193.45
18655916  0357      194.63
18656459  0357      291.95
18785684  0357      193.45
18928116  0357      193.45
18950730  0357      193.45
1906129   0357      248.64
19166206  0357      483.62
19262723  0357      194.63
1926999   0357      248.64
19324610  0357      389.27
19424156  0357      389.27
19431369  0357      194.63
19827450  0357      193.45
19850185  0357      483.62
19886649  0357      486.59
19973112  0357      194.63
20046577  0357      386.89
20046584  0357      386.89
20187870  0357      386.89
20189202  0357      222.84
20235584  0357      386.89
2030572   0357      262.85
2033664   0357      264.62
20348834  0357      290.17
20351464  0357      389.27
2101693   0357      292.10
21140944  0357      290.17
2130876   0357      262.85
2157417   0357      661.54
2186056   0357      262.85
2189077   0357      262.85
2196831   0357      262.85
2198274   0357      249.58
2198799   0357      262.85
22326349  0357      193.45
2272067   0357      262.85
23156662  0357      248.64
2376223   0357      269.66
2380275   0357      248.64
2384661   0357      248.64
2529886   0357      248.64
2532585   0357      262.85
2533320   0357      262.85
2534786   0357      181.88
2535843   0357      248.64
2536373   0357      248.64
2536795   0357      248.64
2539607   0357      248.64
2539943   0357      262.85
2541142   0357      248.64
2541439   0357      340.22
2541709   0357      248.64
2543654   0357      248.64
2543813   0357      248.64
2543932   0357      262.85
2592064   0357      248.64
2592966   0357      270.50
2593377   0357      248.64
2593686   0357      262.85
2596405   0357      293.76
2597854   0357      248.64
2598033   0357      248.64
2598733   0357      248.64
2598872   0357      262.85
2601437   0357      248.64
2603046   0357      248.64
2605117   0357      248.64
2605164   0357      248.64
2605823   0357      181.51
2607322   0357      267.77
2608233   0357      261.22
2608304   0357      262.85
2608554   0357      248.64
2684589   0357      248.64
2741170   0357      264.15
2854705   0357      262.85
2870837   0357      262.85
2910376   0357      262.85
2910432   0357      262.85
2911765   0357      262.85
2912407   0357      262.85
2912692   0357      264.62
2913757   0357      262.85
2913809   0357      262.85
2915293   0357      262.85
2915714   0357      248.64
2915780   0357      262.85
2916102   0357      181.88
2916362   0357      248.64
2916467   0357      262.85
2916786   0357      262.85
2918280   0357      621.60
2992913   0357      262.85
3035349   0357      248.64
3080057   0357      396.92
3080311   0357      248.64
3080984   0357      362.27
3081351   0357      248.64
3082505   0357      316.55
3083006   0357      248.64
3083065   0357      262.85
3083457   0357      262.85
3083843   0357      262.85
3084868   0357      248.64
3084978   0357      262.85
3085009   0357      262.85
3085276   0357      249.03
3090485   0357      264.65
3156003   0357      299.89
3234299   0357      249.03
3245420   0357      248.64
3314884   0357      196.70
3315121   0357      262.85
3315781   0357      262.85
3317339   0357      280.04
3318589   0357      287.05
3318694   0357      300.49
3318719   0357      248.64
3320986   0357      248.64
3322128   0357      263.52
3322284   0357      262.85
3322381   0357      248.64
3324084   0357      345.56
3324110   0357      374.03
3324403   0357      264.62
3329806   0357      248.64
3353242   0357      299.89
3528540   0357      270.15
3533360   0357      318.54
3535445   0357      262.85
3535676   0357      248.64
3535838   0357      262.85
3538837   0357      269.74
3539352   0357      248.64
3541739   0357      248.64
3541975   0357      181.52
3542004   0357      208.26
3542015   0357      209.54
3554092   0357      248.64
3593839   0357      262.85
3598528   0357      248.64
3710064   0357      339.91
3759377   0357      262.85
3784066   0357      262.85
3784441   0357      276.47
3785251   0357      248.64
3792247   0357      248.64
3830110   0357      262.85
3855157   0357      181.51
3855577   0357      248.64
3856978   0357      262.85
3857004   0357      262.85
3857220   0357      248.65
3857667   0357      262.85
3857878   0357      248.64
3858323   0357      497.28
3858856   0357      208.26
3859230   0357      390.95
3864991   0357      289.67
3875055   0357      305.97
3877925   0357      762.90
3878006   0357      329.62
3963688   0357      294.51
3964093   0357      340.53
3964337   0357      262.85
3965704   0357      262.85
3969513   0357      264.74
4001934   0357      326.82
4064149   0357      267.97
4065177   0357      262.85
4065584   0357      194.63
4065648   0357      341.53
4066245   0357      262.85
4067118   0357      288.88
4067735   0357      304.00
4067795   0357      248.64
4068788   0357      262.85
4071074   0357      354.84
4071241   0357      310.64
4107436   0357      193.45
4191539   0357      262.85
4193094   0357      621.60
4194671   0357      267.68
4195654   0357      262.85
4199927   0357      181.52
4200911   0357      262.85
4238916   0357      262.85
430240    0357      262.85
4317775   0357      381.71
4373204   0357      392.60
4373479   0357      262.85
4375498   0357      264.62
4375998   0357      254.69
4376813   0357      288.56
4377201   0357      248.64
4378140   0357      262.85
4378236   0357      262.85
4378283   0357      262.85
4378759   0357      361.96
4379154   0357      262.85
4381341   0357      262.85
4381614   0357      300.09
4382400   0357      372.96
4383023   0357      208.26
4383200   0357      262.85
4385047   0357      248.64
4386936   0357      222.84
4387777   0357      483.62
4409485   0357      366.52
4409788   0357      262.85
4409789   0357      570.81
4414417   0357      298.62
4414541   0357      263.47
4414909   0357      248.64
4415675   0357      262.85
443869    0357      248.64
4609506   0357      266.98
4610129   0357      262.85
4720170   0357      290.17
4720923   0357      194.63
4721016   0357      193.45
4721639   0357      262.85
4722680   0357      262.85
4722814   0357      199.49
4723168   0357      262.85
4723276   0357      294.88
4723403   0357      262.85
4724433   0357      248.64
4725919   0357      416.52
4727740   0357      193.45
4728331   0357      262.85
4729448   0357      187.49
4730168   0357      381.95
4730490   0357      262.85
4730823   0357      374.92
4731322   0357      369.55
4731494   0357      269.82
4732090   0357      304.13
4732618   0357      193.45
4734527   0357      193.45
4734940   0357      193.45
4735505   0357      262.85
4738424   0357      248.64
4739546   0357      328.40
4739796   0357      208.26
4754833   0357      335.29
4803744   0357      419.33
4805842   0357      194.63
4827213   0357      280.02
4853128   0357      231.08
4882144   0357      197.51
5017295   0357      193.45
5022967   0357      248.64
5237805   0357      194.63
5238236   0357      262.85
5239261   0357      288.74
5240821   0357      262.85
5242545   0357      279.92
5244302   0357      299.89
5244483   0357      193.45
5244484   0357      269.82
5244765   0357      262.85
5245261   0357      208.26
5248926   0357      302.07
5248954   0357      277.72
5249259   0357      194.63
5249817   0357      208.26
5250965   0357      248.64
5251153   0357      316.84
5251214   0357      285.75
5252606   0357      416.52
5253930   0357      262.85
5254613   0357      341.99
5254952   0357      262.85
5255567   0357      194.63
5255641   0357      208.26
5257069   0357      276.68
5257175   0357      248.64
5257421   0357      222.84
5257727   0357      486.59
5257774   0357      194.63
5259121   0357      262.85
5259785   0357      262.85
5261116   0357      193.45
5261139   0357      309.12
5261250   0357      262.85
5261418   0357      271.10
5261643   0357      328.19
5263470   0357      278.45
5344986   0357      193.45
5435450   0357      295.30
5436619   0357      208.26
5436795   0357      202.59
5438690   0357      288.63
5439480   0357      194.63
5439865   0357      557.10
5458236   0357      193.45
5461455   0357      248.65
5605414   0357      632.84
5658043   0357      309.50
5688352   0357      194.63
5765952   0357      194.63
5779173   0357      194.63
5915261   0357      248.64
5921128   0357      373.81
5921800   0357      193.45
5923624   0357      208.26
5925143   0357      208.26
5925949   0357      181.52
5929492   0357      194.63
5935536   0357      520.65
5938630   0357      323.64
5938995   0357      194.63
6044716   0357      291.95
6125595   0357      483.62
6127630   0357      304.84
6238388   0357      238.43
6394853   0357      234.83
64800     0357      249.03
6537141   0357      262.85
6573443   0357      321.85
6573855   0357      222.84
6573893   0357      193.45
6575243   0357      193.45
6575301   0357      194.63
6584406   0357      657.12
6602322   0357      193.45
6634354   0357      194.63
6689708   0357      194.63
6690236   0357      194.63
6701343   0357      194.63
6701344   0357      194.63
6701453   0357      194.63
673822    0357      262.85
6841910   0357      193.45
7076647   0357      194.63
7211860   0357      208.26
7240399   0357      194.63
7300376   0357      288.63
7301470   0357      262.85
7305494   0357      248.64
7305781   0357      262.85
7308623   0357      291.00
7309317   0357      193.45
7309375   0357      193.45
7310425   0357      222.84
7310959   0357      248.64
7311233   0357      265.39
7311255   0357      340.98
7312149   0357      312.51
7313189   0357      262.85
7314050   0357      193.45
7314987   0357      222.84
7315048   0357      208.26
7315058   0357      751.52
7315331   0357      194.63
7316059   0357      222.84
7316139   0357      208.26
7316607   0357      340.22
7316959   0357      497.28
7317744   0357      525.69
7318041   0357      270.72
7319649   0357      416.52
7321787   0357      193.45
7322304   0357      193.45
7322780   0357      193.45
7322794   0357      371.20
7324725   0357      248.64
7325664   0357      261.44
7325721   0357      248.64
7325722   0357      361.24
7325778   0357      181.52
7328421   0357      193.45
7330948   0357      194.63
7331943   0357      483.06
7332202   0357      328.17
7332734   0357      372.96
7333145   0357      208.26
7333526   0357      656.35
7335642   0357      194.63
7337422   0357      243.36
7337778   0357      193.45
7338055   0357      222.84
7340200   0357      262.85
7340742   0357      263.52
7340989   0357      308.84
7342107   0357      193.45
7342680   0357      248.64
7343605   0357      193.45
7344290   0357      193.45
7344465   0357      386.89
7347856   0357      248.64
7348137   0357      193.45
7348986   0357      315.64
7349428   0357      596.07
7349843   0357      193.45
7350162   0357      270.03
7350273   0357      193.45
7351297   0357      227.28
7352317   0357      193.45
7353364   0357      386.89
7353377   0357      194.63
7354064   0357      193.45
7354848   0357      181.52
7355928   0357      262.85
7359478   0357      208.26
7360346   0357      193.45
7360517   0357      194.63
7363171   0357      251.74
7363652   0357      194.63
7365166   0357      194.63
7365545   0357      193.45
7367276   0357      193.45
7368710   0357      386.89
7369018   0357      194.63
7371154   0357      194.63
7372156   0357      193.45
7372973   0357      293.51
7373089   0357      193.45
7373215   0357      222.84
7374243   0357      193.45
7374616   0357      248.64
7377030   0357      193.45
7377579   0357      194.63
7379256   0357      386.89
7380616   0357      193.45
7381553   0357      194.63
7382148   0357      274.60
7382532   0357      193.45
7384964   0357      194.63
7387544   0357      389.27
7388038   0357      193.45
7388080   0357      194.63
7388125   0357      208.26
7388199   0357      290.17
7389581   0357      194.63
7391472   0357      193.45
7392153   0357      520.65
7393061   0357      193.45
7393144   0357      386.89
7395742   0357      181.51
7396051   0357      291.95
7398038   0357      220.53
7400031   0357      194.63
7401094   0357      194.63
7401380   0357      194.63
7401853   0357      193.45
7403123   0357      193.45
7403188   0357      193.45
7403563   0357      193.45
7406353   0357      194.63
7408531   0357      194.63
7409730   0357      193.45
7410177   0357      238.43
7412535   0357      208.26
7412738   0357      193.45
7415285   0357      238.43
7415448   0357      194.63
7416870   0357      193.45
7417289   0357      386.89
7417791   0357      389.27
7418898   0357      193.45
7418939   0357      194.63
7419340   0357      193.45
7419740   0357      323.64
7419800   0357      194.63
7419866   0357      483.62
7420316   0357      194.63
7420429   0357      208.26
7423108   0357      208.26
7423415   0357      194.63
7423444   0357      346.16
7425063   0357      193.45
7425430   0357      194.63
7425900   0357      193.45
7426046   0357      194.63
7427359   0357      193.45
7427520   0357      194.63
7429274   0357      194.63
7432253   0357      208.26
7434591   0357      486.59
7435158   0357      483.62
7436077   0357      386.89
7436996   0357      194.63
7437806   0357      193.45
7437808   0357      193.45
7438450   0357      194.63
7439597   0357      445.68
7439617   0357      194.63
7439629   0357      194.63
7440809   0357      197.49
7442445   0357      194.63
7444497   0357      290.17
7444651   0357      208.26
7444842   0357      194.63
7444889   0357      445.68
7445661   0357      193.45
7446382   0357      208.26
7446644   0357      194.63
7447067   0357      486.59
7447992   0357      193.45
7449457   0357      193.45
7455429   0357      326.56
7455588   0357      194.63
7461704   0357      194.63
7465820   0357      486.59
7465910   0357      194.63
7466779   0357      370.15
7466870   0357      347.87
7502836   0357      285.76
7548386   0357      248.42
7548420   0357      314.13
770342    0357      248.64
7917981   0357      194.63
7981510   0357      208.26
7982728   0357      193.45
7982865   0357      208.26
7983170   0357      193.45
7984159   0357      194.63
7985605   0357      196.95
7988969   0357      388.85
8054279   0357      285.42
8064487   0357      464.92
8069571   0357      194.63
8140450   0357      199.69
8594315   0357      194.63
8718789   0357      389.27
8734286   0357      208.26
9066082   0357      262.85
9100619   0357      388.85
9211039   0357      193.45
9261804   0357      208.26
9317884   0357      416.52
9433060   0357      194.63
9540404   0357      208.26
9540845   0357      334.26
9542018   0357      208.26
9542237   0357      193.45
9543174   0357      194.63
9543530   0357      315.96
9544179   0357      194.63
9544345   0357      193.45
9544429   0357      208.26
9544827   0357      208.26
9545198   0357      262.85
9545952   0357      335.48
9546474   0357      194.63
9547148   0357      193.45
9551389   0357      194.63
9552709   0357      285.85
9553039   0357      484.48
9553047   0357      193.45
9553149   0357      193.45
9555077   0357      270.70
9555609   0357      193.45
9555641   0357      194.63
9557148   0357      445.68
9557803   0357      193.45
9557875   0357      193.45
9557894   0357      332.18
9558628   0357      193.45
9560453   0357      193.45
9570736   0357      326.94
9572755   0357      194.63
9577605   0357      347.58
9601343   0357      486.59
9603154   0357      193.45
9603683   0357      194.63
9603870   0357      181.52
9604166   0357      193.45
9604592   0357      357.64
9607091   0357      262.85
9608547   0357      194.63
9609337   0357      193.45
9609338   0357      389.27
9612117   0357      389.62
9612530   0357      912.12
9612692   0357      194.63
9614364   0357      386.89
9615563   0357      194.63
9615964   0357      194.63
9617493   0357      386.89
9620242   0357      416.52
9620248   0357      445.68
9620376   0357      194.63
9620599   0357      208.26
9620701   0357      193.45
9620720   0357      193.45
9621777   0357      194.63
9622347   0357      194.63
9624370   0357      238.43
9624596   0357      193.45
9625361   0357      194.63
9625933   0357      389.27
9626082   0357      194.63
9626215   0357      193.45
9627150   0357      520.65
9627523   0357      389.27
9627724   0357      193.45
9629963   0357      208.26
9631462   0357      208.26
9634554   0357      355.58
9634674   0357      194.63
9636806   0357      193.45
9638320   0357      194.63
9639201   0357      193.45
9845319   0357      193.45
9846320   0357      208.26
9847068   0357      193.45
9847350   0357      376.67
9848693   0357      193.45
9850403   0357      194.63
9851111   0357      194.63
9851993   0357      349.64
10107724  3357      238.43
10120357  3357      194.63
10121866  3357      208.26
10125466  3357      193.45
10126656  3357      194.63
10141786  3357      208.26
10312414  3357      193.45
10373550  3357      194.63
10639752  3357      193.45
10726693  3357      194.63
10760806  3357      193.45
10764554  3357      208.26
10770124  3357      194.63
10772668  3357      193.45
10774121  3357      208.26
10775520  3357      193.45
10776516  3357      238.43
10776915  3357      193.45
10777645  3357      194.63
10778464  3357      193.45
10779723  3357      330.77
10784623  3357      194.63
10820078  3357      208.26
10840266  3357      194.63
10841061  3357      193.45
10841823  3357      238.43
10842205  3357      194.63
10843324  3357      194.63
10844575  3357      238.43
10844947  3357      194.63
10845717  3357      193.45
10845943  3357      238.43
10846474  3357      194.63
10846532  3357      208.26
10846629  3357      194.63
10846940  3357      194.63
10846985  3357      194.63
10847648  3357      193.45
10848158  3357      400.98
10849906  3357      194.63
10849907  3357      208.26
10860593  3357      194.63
10903693  3357      193.45
10959957  3357      194.63
10960021  3357      194.63
10963442  3357      208.26
10963957  3357      208.26
10964062  3357      194.63
1108218   3357      262.85
1112379   3357      248.64
1115136   3357      326.65
11163187  3357      193.45
11177533  3357      193.45
11260715  3357      194.63
11261772  3357      238.43
11262378  3357      194.63
11263756  3357      193.45
11264465  3357      194.63
11264550  3357      193.45
11265496  3357      194.63
11265527  3357      208.26
11266390  3357      194.63
11267811  3357      193.45
11267932  3357      193.45
11268437  3357      238.43
11269196  3357      222.84
1129535   3357      248.64
11414487  3357      208.26
11425214  3357      194.63
11425449  3357      194.63
11426462  3357      193.45
11428034  3357      193.45
11428889  3357      194.63
11429539  3357      194.63
11429792  3357      193.45
11429991  3357      194.63
11430700  3357      194.63
11433167  3357      194.63
11433865  3357      194.63
11433968  3357      194.63
11434350  3357      194.63
11546168  3357      193.45
11580362  3357      208.26
11584952  3357      194.63
11586448  3357      194.63
11589730  3357      194.63
11594236  3357      238.43
11594524  3357      193.45
11596252  3357      194.63
11597667  3357      194.63
11598121  3357      193.45
11598207  3357      193.45
11598956  3357      193.45
11633896  3357      193.45
11645810  3357      194.63
11651035  3357      194.63
11651090  3357      194.63
11652405  3357      194.63
11653864  3357      194.63
11694358  3357      193.45
11694758  3357      194.63
11695394  3357      193.45
11749469  3357      194.63
11783201  3357      208.26
11783366  3357      238.43
11784637  3357      193.45
11786325  3357      238.43
11786432  3357      193.45
11787653  3357      194.63
11787807  3357      194.63
11788587  3357      208.26
11788630  3357      208.26
11790273  3357      194.63
11790818  3357      194.63
11791177  3357      194.63
11792127  3357      194.63
11792506  3357      193.45
11792846  3357      194.63
11878930  3357      194.63
11879419  3357      208.26
11879750  3357      238.43
11881224  3357      238.43
11881668  3357      193.45
11881669  3357      193.45
11882080  3357      193.45
11882720  3357      238.43
11883300  3357      194.63
11949766  3357      238.43
12011761  3357      238.43
12018571  3357      193.45
12018729  3357      193.45
12018852  3357      194.63
12019816  3357      193.45
12020535  3357      222.84
12021559  3357      208.26
12021966  3357      194.63
12022428  3357      208.26
12023306  3357      222.84
12023981  3357      194.63
12024178  3357      194.63
12024179  3357      194.63
12025294  3357      194.63
12025488  3357      193.45
12025491  3357      193.45
12026565  3357      194.63
12027093  3357      194.63
12027260  3357      343.82
12027527  3357      193.45
12027928  3357      193.45
12027973  3357      208.26
12080554  3357      194.63
12241212  3357      193.45
12242270  3357      194.63
12243077  3357      193.45
12244707  3357      193.45
12247738  3357      194.63
12248400  3357      193.45
12248755  3357      208.26
12248784  3357      193.45
12248960  3357      194.63
12249178  3357      238.43
12279667  3357      194.63
12314254  3357      222.84
1232375   3357      248.64
12369466  3357      194.63
12370670  3357      222.84
1239070   3357      262.85
12434895  3357      193.45
12435304  3357      194.63
12435757  3357      193.45
12435759  3357      194.63
12527456  3357      193.45
12534356  3357      194.63
12536172  3357      194.63
12536549  3357      222.84
1254062   3357      262.85
1257983   3357      248.64
1258658   3357      248.64
1261562   3357      262.85
1262953   3357      296.41
1263302   3357      262.85
1263303   3357      248.64
1263991   3357      248.64
1265436   3357      248.64
1266723   3357      181.52
12691465  3357      194.63
1269356   3357      248.64
12698409  3357      193.45
12698965  3357      193.45
12700553  3357      193.45
12701276  3357      194.63
12701301  3357      193.45
12702273  3357      193.45
12704473  3357      193.45
12704482  3357      208.26
12704649  3357      194.63
12704927  3357      194.63
12705860  3357      194.63
12706171  3357      194.63
12706774  3357      208.26
12707136  3357      194.63
1272390   3357      262.85
1273369   3357      248.64
1277938   3357      262.85
1278407   3357      248.64
12848719  3357      194.63
12849330  3357      222.84
12851330  3357      194.63
12852888  3357      194.63
12858616  3357      194.63
12878256  3357      194.63
12884972  3357      194.63
12934142  3357      193.45
12934525  3357      193.45
12935305  3357      194.63
12935606  3357      194.63
13032012  3357      193.45
13032033  3357      194.63
13034237  3357      194.63
13035222  3357      238.43
13084488  3357      193.45
13084886  3357      193.45
13180551  3357      194.63
1318484   3357      262.85
13187744  3357      194.63
13187816  3357      194.63
13188137  3357      193.45
13188604  3357      193.45
13264411  3357      194.63
13265462  3357      193.45
13265946  3357      194.63
13266369  3357      194.63
13268000  3357      193.45
13268185  3357      193.45
13268457  3357      193.45
13268537  3357      194.63
13343258  3357      193.45
13408041  3357      193.45
13510172  3357      193.45
13510180  3357      193.45
13519440  3357      193.45
13527636  3357      208.26
13566631  3357      238.43
13643981  3357      193.45
13643982  3357      193.45
13644051  3357      194.63
13644555  3357      193.45
13644665  3357      194.63
13644680  3357      208.26
13652653  3357      193.45
13674854  3357      208.26
13678214  3357      194.63
13678857  3357      193.45
13679940  3357      194.63
13724134  3357      194.63
13774187  3357      193.45
13774684  3357      194.63
13775452  3357      193.45
13775808  3357      193.45
13777181  3357      193.45
13785046  3357      193.45
13785661  3357      194.63
13785997  3357      193.45
13786181  3357      194.63
13787208  3357      194.63
13787741  3357      193.45
13842354  3357      194.63
13843775  3357      194.63
13856268  3357      194.63
13867427  3357      194.63
13868652  3357      194.63
13880177  3357      193.45
13880981  3357      194.63
13905892  3357      193.45
13986119  3357      194.63
13990906  3357      208.26
14003086  3357      193.45
14030527  3357      193.45
14031045  3357      194.63
14031497  3357      194.63
14093727  3357      194.63
14094806  3357      208.26
14143188  3357      193.45
14159223  3357      193.45
14176129  3357      194.63
14176671  3357      194.63
14270811  3357      193.45
14293118  3357      194.63
1431183   3357      248.64
14335445  3357      193.45
14335539  3357      194.63
14372299  3357      208.26
14372545  3357      193.45
14372818  3357      256.55
14376347  3357      194.63
14398946  3357      194.63
14399267  3357      193.45
14405196  3357      194.63
14405401  3357      194.63
14513487  3357      193.45
14590375  3357      193.45
14607589  3357      193.45
14648947  3357      194.63
14649126  3357      193.45
14825867  3357      194.63
14877620  3357      194.63
14877805  3357      208.26
14877859  3357      222.84
14879597  3357      194.63
14879704  3357      193.45
14880827  3357      208.26
14880972  3357      194.63
15170350  3357      193.45
15177340  3357      208.26
15177867  3357      193.45
15306151  3357      193.45
15306996  3357      193.45
15352095  3357      194.63
15444811  3357      208.26
15448608  3357      194.63
15597541  3357      193.45
15598043  3357      193.45
15598319  3357      194.63
15598510  3357      194.63
15598933  3357      193.45
15599928  3357      193.45
15668151  3357      194.63
15668851  3357      193.45
15690244  3357      193.45
15729233  3357      194.63
15729536  3357      193.45
15778630  3357      194.63
15885754  3357      193.45
15959808  3357      193.45
15961650  3357      193.45
16001576  3357      193.45
16137706  3357      193.45
16138119  3357      194.63
1631390   3357      292.50
16324090  3357      194.63
16385667  3357      193.45
16387437  3357      194.63
16594051  3357      193.45
16641426  3357      193.45
16736267  3357      194.63
16770549  3357      194.63
16788972  3357      194.63
16796439  3357      193.45
17011869  3357      194.63
17012587  3357      194.63
17019549  3357      194.63
17033230  3357      193.45
17033256  3357      193.45
17104175  3357      194.63
17104709  3357      194.63
17306742  3357      193.45
1737075   3357      262.85
17379215  3357      193.45
17380736  3357      193.45
17572385  3357      194.63
17574055  3357      193.45
17626132  3357      193.45
1763812   3357      296.41
1764349   3357      262.85
1765295   3357      262.85
1769938   3357      262.85
17727473  3357      193.45
17859806  3357      193.45
17859921  3357      193.45
17872590  3357      194.63
17942640  3357      194.63
17965237  3357      194.63
18054647  3357      194.63
18058393  3357      193.45
18059918  3357      194.63
18263579  3357      194.63
18263756  3357      194.63
1834693   3357      181.52
18421508  3357      193.45
18422439  3357      194.63
18471327  3357      194.63
18618969  3357      193.45
18655916  3357      194.63
18656459  3357      194.63
18785684  3357      193.45
18928116  3357      193.45
18950730  3357      193.45
1906129   3357      248.64
19166206  3357      193.45
19262723  3357      194.63
1926999   3357      248.64
19324610  3357      194.63
19424156  3357      194.63
19431369  3357      194.63
19827450  3357      193.45
19850185  3357      193.45
19886649  3357      194.63
19973112  3357      194.63
20046577  3357      193.45
20046584  3357      193.45
20187870  3357      193.45
20189202  3357      222.84
20235584  3357      193.45
2030572   3357      262.85
2033664   3357      264.62
20348834  3357      193.45
20351464  3357      194.63
2101693   3357      292.10
21140944  3357      193.45
2130876   3357      262.85
2157417   3357      264.62
2186056   3357      262.85
2189077   3357      262.85
2196831   3357      262.85
2198274   3357      249.58
2198799   3357      262.85
22326349  3357      193.45
2272067   3357      262.85
23156662  3357      248.64
2376223   3357      269.66
2380275   3357      248.64
2384661   3357      248.64
2529886   3357      248.64
2532585   3357      262.85
2533320   3357      262.85
2534786   3357      181.88
2535843   3357      248.64
2536373   3357      248.64
2536795   3357      248.64
2539607   3357      248.64
2539943   3357      262.85
2541142   3357      248.64
2541439   3357      340.22
2541709   3357      248.64
2543654   3357      248.64
2543813   3357      248.64
2543932   3357      262.85
2592064   3357      248.64
2592966   3357      270.50
2593377   3357      248.64
2593686   3357      262.85
2596405   3357      293.76
2597854   3357      248.64
2598033   3357      248.64
2598733   3357      248.64
2598872   3357      262.85
2601437   3357      248.64
2603046   3357      248.64
2605117   3357      248.64
2605164   3357      248.64
2605823   3357      181.51
2607322   3357      267.77
2608233   3357      261.22
2608304   3357      262.85
2608554   3357      248.64
2684589   3357      248.64
2741170   3357      264.15
2854705   3357      262.85
2870837   3357      262.85
2910376   3357      262.85
2910432   3357      262.85
2911765   3357      262.85
2912407   3357      262.85
2912692   3357      264.62
2913757   3357      262.85
2913809   3357      262.85
2915293   3357      262.85
2915714   3357      248.64
2915780   3357      262.85
2916102   3357      181.88
2916362   3357      248.64
2916467   3357      262.85
2916786   3357      262.85
2918280   3357      248.64
2992913   3357      262.85
3035349   3357      248.64
3080057   3357      264.62
3080311   3357      248.64
3080984   3357      362.27
3081351   3357      248.64
3082505   3357      316.55
3083006   3357      248.64
3083065   3357      262.85
3083457   3357      262.85
3083843   3357      262.85
3084868   3357      248.64
3084978   3357      262.85
3085009   3357      262.85
3085276   3357      249.03
3090485   3357      264.65
3156003   3357      299.89
3234299   3357      249.03
3245420   3357      248.64
3314884   3357      196.70
3315121   3357      262.85
3315781   3357      262.85
3317339   3357      280.04
3318589   3357      287.05
3318694   3357      300.49
3318719   3357      248.64
3320986   3357      248.64
3322128   3357      263.52
3322284   3357      262.85
3322381   3357      248.64
3324084   3357      345.56
3324110   3357      374.03
3324403   3357      264.62
3329806   3357      248.64
3353242   3357      299.89
3528540   3357      270.15
3533360   3357      318.54
3535445   3357      262.85
3535676   3357      248.64
3535838   3357      262.85
3538837   3357      269.74
3539352   3357      248.64
3541739   3357      248.64
3541975   3357      181.52
3542004   3357      208.26
3542015   3357      209.54
3554092   3357      248.64
3593839   3357      262.85
3598528   3357      248.64
3710064   3357      339.91
3759377   3357      262.85
3784066   3357      262.85
3784441   3357      276.47
3785251   3357      248.64
3792247   3357      248.64
3830110   3357      262.85
3855157   3357      181.51
3855577   3357      248.64
3856978   3357      262.85
3857004   3357      262.85
3857220   3357      248.65
3857667   3357      262.85
3857878   3357      248.64
3858323   3357      248.64
3858856   3357      208.26
3859230   3357      260.63
3864991   3357      289.67
3875055   3357      305.97
3877925   3357      381.45
3878006   3357      329.62
3963688   3357      294.51
3964093   3357      340.53
3964337   3357      262.85
3965704   3357      262.85
3969513   3357      264.74
4001934   3357      326.82
4064149   3357      267.97
4065177   3357      262.85
4065584   3357      194.63
4065648   3357      341.53
4066245   3357      262.85
4067118   3357      288.88
4067735   3357      304.00
4067795   3357      248.64
4068788   3357      262.85
4071074   3357      354.84
4071241   3357      310.64
4107436   3357      193.45
4191539   3357      262.85
4193094   3357      248.64
4194671   3357      267.68
4195654   3357      262.85
4199927   3357      181.52
4200911   3357      262.85
4238916   3357      262.85
430240    3357      262.85
4317775   3357      381.71
4373204   3357      392.60
4373479   3357      262.85
4375498   3357      264.62
4375998   3357      254.69
4376813   3357      288.56
4377201   3357      248.64
4378140   3357      262.85
4378236   3357      262.85
4378283   3357      262.85
4378759   3357      361.96
4379154   3357      262.85
4381341   3357      262.85
4381614   3357      300.09
4382400   3357      248.64
4383023   3357      208.26
4383200   3357      262.85
4385047   3357      248.64
4386936   3357      222.84
4387777   3357      193.45
4409485   3357      366.52
4409788   3357      262.85
4409789   3357      285.41
4414417   3357      298.62
4414541   3357      263.47
4414909   3357      248.64
4415675   3357      262.85
443869    3357      248.64
4609506   3357      266.98
4610129   3357      262.85
4720170   3357      193.45
4720923   3357      194.63
4721016   3357      193.45
4721639   3357      262.85
4722680   3357      262.85
4722814   3357      199.49
4723168   3357      262.85
4723276   3357      294.88
4723403   3357      262.85
4724433   3357      248.64
4725919   3357      208.26
4727740   3357      193.45
4728331   3357      262.85
4729448   3357      187.49
4730168   3357      381.95
4730490   3357      262.85
4730823   3357      374.92
4731322   3357      369.55
4731494   3357      269.82
4732090   3357      304.13
4732618   3357      193.45
4734527   3357      193.45
4734940   3357      193.45
4735505   3357      262.85
4738424   3357      248.64
4739546   3357      328.40
4739796   3357      208.26
4754833   3357      335.29
4803744   3357      419.33
4805842   3357      194.63
4827213   3357      280.02
4853128   3357      231.08
4882144   3357      197.51
5017295   3357      193.45
5022967   3357      248.64
5237805   3357      194.63
5238236   3357      262.85
5239261   3357      288.74
5240821   3357      262.85
5242545   3357      279.92
5244302   3357      299.89
5244483   3357      193.45
5244484   3357      269.82
5244765   3357      262.85
5245261   3357      208.26
5248926   3357      302.07
5248954   3357      277.72
5249259   3357      194.63
5249817   3357      208.26
5250965   3357      248.64
5251153   3357      316.84
5251214   3357      285.75
5252606   3357      208.26
5253930   3357      262.85
5254613   3357      341.99
5254952   3357      262.85
5255567   3357      194.63
5255641   3357      208.26
5257069   3357      276.68
5257175   3357      248.64
5257421   3357      222.84
5257727   3357      194.63
5257774   3357      194.63
5259121   3357      262.85
5259785   3357      262.85
5261116   3357      193.45
5261139   3357      309.12
5261250   3357      262.85
5261418   3357      271.10
5261643   3357      328.19
5263470   3357      278.45
5344986   3357      193.45
5435450   3357      295.30
5436619   3357      208.26
5436795   3357      202.59
5438690   3357      288.63
5439480   3357      194.63
5439865   3357      222.84
5458236   3357      193.45
5461455   3357      248.65
5605414   3357      316.42
5658043   3357      309.50
5688352   3357      194.63
5765952   3357      194.63
5779173   3357      194.63
5915261   3357      248.64
5921128   3357      373.81
5921800   3357      193.45
5923624   3357      208.26
5925143   3357      208.26
5925949   3357      181.52
5929492   3357      194.63
5935536   3357      208.26
5938630   3357      323.64
5938995   3357      194.63
6044716   3357      194.63
6125595   3357      193.45
6127630   3357      304.84
6238388   3357      238.43
6394853   3357      234.83
64800     3357      249.03
6537141   3357      262.85
6573443   3357      321.85
6573855   3357      222.84
6573893   3357      193.45
6575243   3357      193.45
6575301   3357      194.63
6584406   3357      262.85
6602322   3357      193.45
6634354   3357      194.63
6689708   3357      194.63
6690236   3357      194.63
6701343   3357      194.63
6701344   3357      194.63
6701453   3357      194.63
673822    3357      262.85
6841910   3357      193.45
7076647   3357      194.63
7211860   3357      208.26
7240399   3357      194.63
7300376   3357      288.63
7301470   3357      262.85
7305494   3357      248.64
7305781   3357      262.85
7308623   3357      291.00
7309317   3357      193.45
7309375   3357      193.45
7310425   3357      222.84
7310959   3357      248.64
7311233   3357      265.39
7311255   3357      340.98
7312149   3357      312.51
7313189   3357      262.85
7314050   3357      193.45
7314987   3357      222.84
7315048   3357      208.26
7315058   3357      300.61
7315331   3357      194.63
7316059   3357      222.84
7316139   3357      208.26
7316607   3357      340.22
7316959   3357      248.64
7317744   3357      262.85
7318041   3357      270.72
7319649   3357      208.26
7321787   3357      193.45
7322304   3357      193.45
7322780   3357      193.45
7322794   3357      371.20
7324725   3357      248.64
7325664   3357      261.44
7325721   3357      248.64
7325722   3357      361.24
7325778   3357      181.52
7328421   3357      193.45
7330948   3357      194.63
7331943   3357      483.06
7332202   3357      328.17
7332734   3357      248.64
7333145   3357      208.26
7333526   3357      328.17
7335642   3357      194.63
7337422   3357      243.36
7337778   3357      193.45
7338055   3357      222.84
7340200   3357      262.85
7340742   3357      263.52
7340989   3357      308.84
7342107   3357      193.45
7342680   3357      248.64
7343605   3357      193.45
7344290   3357      193.45
7344465   3357      193.45
7347856   3357      248.64
7348137   3357      193.45
7348986   3357      315.64
7349428   3357      238.43
7349843   3357      193.45
7350162   3357      270.03
7350273   3357      193.45
7351297   3357      227.28
7352317   3357      193.45
7353364   3357      193.45
7353377   3357      194.63
7354064   3357      193.45
7354848   3357      181.52
7355928   3357      262.85
7359478   3357      208.26
7360346   3357      193.45
7360517   3357      194.63
7363171   3357      251.74
7363652   3357      194.63
7365166   3357      194.63
7365545   3357      193.45
7367276   3357      193.45
7368710   3357      193.45
7369018   3357      194.63
7371154   3357      194.63
7372156   3357      193.45
7372973   3357      293.51
7373089   3357      193.45
7373215   3357      222.84
7374243   3357      193.45
7374616   3357      248.64
7377030   3357      193.45
7377579   3357      194.63
7379256   3357      193.45
7380616   3357      193.45
7381553   3357      194.63
7382148   3357      274.60
7382532   3357      193.45
7384964   3357      194.63
7387544   3357      194.63
7388038   3357      193.45
7388080   3357      194.63
7388125   3357      208.26
7388199   3357      193.45
7389581   3357      194.63
7391472   3357      193.45
7392153   3357      208.26
7393061   3357      193.45
7393144   3357      193.45
7395742   3357      181.51
7396051   3357      194.63
7398038   3357      220.53
7400031   3357      194.63
7401094   3357      194.63
7401380   3357      194.63
7401853   3357      193.45
7403123   3357      193.45
7403188   3357      193.45
7403563   3357      193.45
7406353   3357      194.63
7408531   3357      194.63
7409730   3357      193.45
7410177   3357      238.43
7412535   3357      208.26
7412738   3357      193.45
7415285   3357      238.43
7415448   3357      194.63
7416870   3357      193.45
7417289   3357      193.45
7417791   3357      194.63
7418898   3357      193.45
7418939   3357      194.63
7419340   3357      193.45
7419740   3357      323.64
7419800   3357      194.63
7419866   3357      193.45
7420316   3357      194.63
7420429   3357      208.26
7423108   3357      208.26
7423415   3357      194.63
7423444   3357      346.16
7425063   3357      193.45
7425430   3357      194.63
7425900   3357      193.45
7426046   3357      194.63
7427359   3357      193.45
7427520   3357      194.63
7429274   3357      194.63
7432253   3357      208.26
7434591   3357      194.63
7435158   3357      193.45
7436077   3357      193.45
7436996   3357      194.63
7437806   3357      193.45
7437808   3357      193.45
7438450   3357      194.63
7439597   3357      222.84
7439617   3357      194.63
7439629   3357      194.63
7440809   3357      197.49
7442445   3357      194.63
7444497   3357      193.45
7444651   3357      208.26
7444842   3357      194.63
7444889   3357      222.84
7445661   3357      193.45
7446382   3357      208.26
7446644   3357      194.63
7447067   3357      194.63
7447992   3357      193.45
7449457   3357      193.45
7455429   3357      326.56
7455588   3357      194.63
7461704   3357      194.63
7465820   3357      194.63
7465910   3357      194.63
7466779   3357      370.15
7466870   3357      347.87
7502836   3357      285.76
7548386   3357      248.42
7548420   3357      314.13
770342    3357      248.64
7917981   3357      194.63
7981510   3357      208.26
7982728   3357      193.45
7982865   3357      208.26
7983170   3357      193.45
7984159   3357      194.63
7985605   3357      196.95
7988969   3357      388.85
8054279   3357      285.42
8064487   3357      232.46
8069571   3357      194.63
8140450   3357      199.69
8594315   3357      194.63
8718789   3357      194.63
8734286   3357      208.26
9066082   3357      262.85
9100619   3357      388.85
9211039   3357      193.45
9261804   3357      208.26
9317884   3357      208.26
9433060   3357      194.63
9540404   3357      208.26
9540845   3357      222.84
9542018   3357      208.26
9542237   3357      193.45
9543174   3357      194.63
9543530   3357      315.96
9544179   3357      194.63
9544345   3357      193.45
9544429   3357      208.26
9544827   3357      208.26
9545198   3357      262.85
9545952   3357      335.48
9546474   3357      194.63
9547148   3357      193.45
9551389   3357      194.63
9552709   3357      285.85
9553039   3357      484.48
9553047   3357      193.45
9553149   3357      193.45
9555077   3357      270.70
9555609   3357      193.45
9555641   3357      194.63
9557148   3357      222.84
9557803   3357      193.45
9557875   3357      193.45
9557894   3357      332.18
9558628   3357      193.45
9560453   3357      193.45
9570736   3357      326.94
9572755   3357      194.63
9577605   3357      347.58
9601343   3357      194.63
9603154   3357      193.45
9603683   3357      194.63
9603870   3357      181.52
9604166   3357      193.45
9604592   3357      238.43
9607091   3357      262.85
9608547   3357      194.63
9609337   3357      193.45
9609338   3357      194.63
9612117   3357      389.62
9612530   3357      364.85
9612692   3357      194.63
9614364   3357      193.45
9615563   3357      194.63
9615964   3357      194.63
9617493   3357      193.45
9620242   3357      208.26
9620248   3357      222.84
9620376   3357      194.63
9620599   3357      208.26
9620701   3357      193.45
9620720   3357      193.45
9621777   3357      194.63
9622347   3357      194.63
9624370   3357      238.43
9624596   3357      193.45
9625361   3357      194.63
9625933   3357      194.63
9626082   3357      194.63
9626215   3357      193.45
9627150   3357      208.26
9627523   3357      194.63
9627724   3357      193.45
9629963   3357      208.26
9631462   3357      208.26
9634554   3357      355.58
9634674   3357      194.63
9636806   3357      193.45
9638320   3357      194.63
9639201   3357      193.45
9845319   3357      193.45
9846320   3357      208.26
9847068   3357      193.45
9847350   3357      376.67
9848693   3357      193.45
9850403   3357      194.63
9851111   3357      194.63
9851993   3357      349.64
