10107724  0357       67.41
10120357  0357       82.51
10121866  0357      147.26
10125466  0357       44.91
10126656  0357       55.01
10141786  0357       58.91
10312414  0357       51.41
10373550  0357      110.01
10639752  0357       44.91
10726693  0357       55.01
10760806  0357       44.91
10764554  0357       58.91
10770124  0357       55.01
10772668  0357       44.91
10774121  0357       58.91
10775520  0357       51.41
10776516  0357       67.41
10776915  0357       44.91
10777482  0357       44.91
10777645  0357       38.50
10778464  0357       44.91
10779723  0357       55.01
10784623  0357       55.01
10794552  0357       55.01
10820078  0357       58.91
10841061  0357       48.06
10842205  0357       55.01
10843324  0357      137.51
10844575  0357      134.82
10844947  0357       55.01
10845717  0357       44.91
10845943  0357       55.01
10846474  0357       55.01
10846532  0357       58.91
10846629  0357       25.67
10846940  0357       51.34
10846985  0357       55.01
10847648  0357       44.91
10848158  0357       63.00
10849906  0357       55.01
10849907  0357       58.91
10860593  0357       55.01
10903693  0357       44.91
10959957  0357       55.01
10960021  0357       55.01
10963442  0357       58.91
10963957  0357       58.91
10964062  0357      110.01
1108218   0357       51.41
1112379   0357       55.01
1115136   0357       55.01
11163187  0357       44.91
11177533  0357       44.91
11260715  0357       55.01
11261772  0357       67.41
11262378  0357       55.01
11263756  0357       44.91
11264041  0357       72.09
11264550  0357       51.41
11265496  0357       25.67
11265527  0357       58.91
11266390  0357      110.01
11267811  0357      102.81
11267932  0357       89.82
11268437  0357       67.41
11269196  0357       63.00
1129535   0357       58.91
11414487  0357       58.91
11426462  0357       51.41
11428034  0357       51.41
11428889  0357      137.51
11429539  0357      110.01
11429792  0357       44.91
11430700  0357       55.01
11433865  0357       51.34
11434350  0357       55.01
11546168  0357       51.41
11580362  0357       58.91
11584952  0357       55.01
11586448  0357       25.67
11594236  0357       67.41
11594524  0357       44.91
11598121  0357       48.06
11598207  0357       44.91
11598956  0357       48.06
11633896  0357       48.06
11645810  0357       55.01
11651090  0357       55.01
11652405  0357       55.01
11653864  0357       55.01
11694358  0357       44.91
11694758  0357       25.67
11695394  0357       89.82
11749469  0357       55.01
11783201  0357       58.91
11783366  0357       67.41
11784637  0357       44.91
11786325  0357       67.41
11786432  0357       51.43
11787807  0357       55.01
11788587  0357      110.01
11788630  0357       58.91
11790273  0357       55.01
11790818  0357       82.51
11792127  0357       55.01
11792506  0357       44.91
11792846  0357       55.01
118087    0357       25.23
11879419  0357       58.91
11879750  0357       58.91
11881224  0357       67.41
11881668  0357      112.28
11881669  0357       44.91
11882080  0357       51.41
11882720  0357       67.41
11949766  0357       67.41
12018571  0357       77.11
12018729  0357       44.91
12018852  0357       55.01
12019816  0357       51.41
12020535  0357       63.00
12021559  0357       58.91
12022428  0357       58.91
12023306  0357       63.00
12023981  0357       82.51
12024178  0357       55.01
12024179  0357       55.01
12025488  0357       44.91
12025491  0357       44.91
12026565  0357       55.01
12027093  0357       55.01
12027260  0357       55.01
12027527  0357       44.91
12027928  0357       44.91
12027973  0357      117.81
12080554  0357       55.01
1218058   0357       55.01
12241212  0357       67.37
12243077  0357       44.91
12244707  0357       44.91
12248400  0357      112.28
12248755  0357       58.91
12248784  0357       96.12
12248960  0357       55.01
12249178  0357       67.41
12279667  0357       55.01
12314254  0357      157.50
1232375   0357       39.46
12370670  0357       63.00
1239070   0357       51.41
12434895  0357       48.06
12435304  0357       55.01
12435757  0357       67.37
12435759  0357       82.51
12527456  0357       51.41
12534356  0357       55.01
12536172  0357       55.01
12536549  0357       63.00
1254062   0357       48.06
1257983   0357       58.91
1258658   0357       55.01
1259324   0357       48.06
1260432   0357       55.01
1261562   0357       48.06
1262953   0357       55.01
1263302   0357       44.91
1263303   0357       55.01
1263991   0357       41.22
1265436   0357       55.01
1266723   0357       44.91
12691465  0357       55.01
1269356   0357      117.81
12698409  0357       44.91
12698965  0357       44.91
12700553  0357       51.41
12701301  0357       44.91
12702273  0357       51.41
12704473  0357       48.06
12704482  0357      117.81
12704927  0357       25.67
12705860  0357       55.01
12706774  0357      117.81
12707136  0357       55.01
1272390   0357       48.06
1273369   0357       55.01
1277938   0357       48.06
1278407   0357       55.01
12848719  0357       55.01
12849330  0357       63.00
12851330  0357       55.01
12858616  0357       82.51
12878256  0357       55.01
12884972  0357       55.01
12934142  0357       51.41
12934525  0357       44.91
12935305  0357       55.01
12935606  0357       55.01
13034237  0357       55.01
13084488  0357       48.06
13084886  0357       51.41
13180551  0357       55.01
1318484   0357       51.41
13187816  0357       72.09
13188137  0357       48.06
13188604  0357       72.09
13264411  0357       55.01
13265462  0357       44.91
13265946  0357       82.51
13266369  0357       55.01
13268000  0357       89.82
13268185  0357       89.82
13268457  0357       51.41
13268537  0357       82.51
13346269  0357      112.28
13408041  0357       72.09
13510172  0357       48.06
13510180  0357       44.91
13527636  0357       58.91
13566631  0357       67.41
13643981  0357       89.82
13643982  0357       67.37
13644051  0357       55.01
13644555  0357      112.28
13644665  0357       55.01
13644680  0357      147.26
13652653  0357       44.91
13674854  0357       58.91
13678857  0357       44.91
13679940  0357       55.01
13724134  0357       82.51
13774187  0357       44.91
13774684  0357       55.01
13775452  0357       44.91
13775808  0357       44.91
13777181  0357       67.37
13785046  0357       44.91
13785997  0357       51.41
13786181  0357       55.01
13787208  0357       55.01
13787741  0357       44.91
13842354  0357       55.01
13856268  0357       55.01
13867427  0357       82.51
13868652  0357       55.01
13868786  0357       44.91
13880177  0357       44.91
13990906  0357       88.36
14003086  0357       51.41
14030527  0357       44.91
14031045  0357       55.01
1404429   0357       67.41
14093727  0357       82.51
14094806  0357       58.91
14143188  0357       51.41
14159223  0357       89.82
14270811  0357      112.28
14293118  0357       82.51
1431183   0357       55.01
14335445  0357       51.41
14335539  0357       25.67
1433726   0357       55.01
14372299  0357       58.91
14372818  0357      137.51
14376347  0357       55.01
14398946  0357       55.01
14399267  0357       72.09
14405196  0357       55.01
14405401  0357       55.01
14513487  0357       44.91
14590375  0357       48.06
14607589  0357       72.09
14649126  0357       44.91
14877620  0357       55.01
14877805  0357       58.91
14877859  0357       63.00
14879704  0357       67.37
14880827  0357       58.91
15170350  0357       48.06
15177340  0357       58.91
15177867  0357       89.82
15306151  0357      128.51
15306996  0357       51.41
15444811  0357       58.91
15448608  0357       55.01
15597541  0357       44.91
15598043  0357       44.91
15598933  0357       44.91
15599928  0357       72.09
15668151  0357      110.01
15668851  0357       48.06
15729233  0357       82.51
15729536  0357      120.15
15778630  0357       82.51
15827139  0357       58.91
15959808  0357       44.91
16001576  0357       44.91
16137706  0357       51.41
16138119  0357       82.51
1631390   0357       53.93
16324090  0357       55.01
16594051  0357       48.06
16641426  0357       51.41
16736267  0357       25.67
16770549  0357       55.01
16788972  0357      110.01
17011869  0357      110.01
17012587  0357      137.51
17019549  0357       55.01
17033256  0357       44.91
17104175  0357       55.01
17306742  0357       44.91
1737075   0357       51.41
17379215  0357       72.09
17504786  0357       48.06
17626132  0357       96.12
1763812   0357       55.01
1764349   0357       44.91
1765295   0357       47.00
1769938   0357       51.41
1778800   0357       38.44
18058393  0357       44.91
18059654  0357       48.06
18263579  0357       82.51
18263756  0357       55.01
1834693   0357       44.91
1854577   0357       55.01
18656459  0357       82.51
18785684  0357       44.91
18950730  0357       44.91
1906129   0357       55.01
19166206  0357      112.28
19262723  0357       55.01
1926999   0357       58.91
19827450  0357       44.91
19850185  0357      112.28
20187870  0357       96.12
20189202  0357       63.00
20235584  0357       96.12
2030572   0357       51.41
2033664   0357       67.41
20348834  0357       67.37
2130876   0357       44.91
2157417   0357      168.53
2186056   0357       51.41
2189077   0357       33.63
2196831   0357       48.06
2198274   0357       58.91
2198799   0357       51.41
2199826   0357       48.06
2272067   0357       44.91
23156662  0357       55.01
2376223   0357       67.41
2380275   0357       58.91
2384661   0357       55.01
2529886   0357       55.01
2532585   0357       44.91
2533320   0357       51.41
2533977   0357       51.68
2534786   0357       55.01
2535843   0357       58.91
2536373   0357       58.91
2536795   0357       55.01
2538821   0357       51.41
2539425   0357       55.01
2539607   0357       58.91
2539943   0357       44.91
2541142   0357       55.01
2541439   0357       67.41
2541709   0357       51.68
2543654   0357       55.01
2543932   0357       48.06
2592064   0357       58.91
2592966   0357       58.90
2593377   0357       55.01
2593686   0357       51.41
2596405   0357       46.73
2597854   0357       46.73
2598033   0357       46.73
2598872   0357       44.91
2601437   0357       55.01
2603046   0357       48.38
2605117   0357       58.91
2605164   0357       48.41
2605539   0357       43.98
2605823   0357       35.91
2607322   0357       55.01
2608233   0357       55.01
2608304   0357       44.91
2608554   0357       46.73
2684589   0357       55.01
2741170   0357       59.17
2854705   0357       51.41
2870837   0357       40.82
2910376   0357       44.91
2910432   0357       51.41
2911765   0357       51.41
2912407   0357       44.91
2912692   0357       67.41
2913757   0357       51.41
2913809   0357       44.91
2914272   0357       49.84
2915293   0357       44.91
2915714   0357       55.01
2915780   0357       46.76
2916102   0357       55.01
2916362   0357       50.05
2916467   0357       48.06
2916786   0357       51.41
2918280   0357      137.51
2919212   0357       55.01
2992913   0357       44.91
3035349   0357       55.01
3039370   0357       57.25
3080057   0357      101.12
3080311   0357       55.01
3080984   0357       55.01
3081351   0357       55.01
3082505   0357       49.84
3083006   0357       55.01
3083065   0357       44.91
3083457   0357       40.82
3083843   0357       48.06
3084868   0357       50.03
3084978   0357       44.91
3085009   0357       51.41
3085276   0357       63.00
3090485   0357       55.01
3156003   0357       44.91
3234299   0357       63.00
3245420   0357       55.01
3314562   0357       48.06
3314884   0357       44.91
3315121   0357       44.91
3315781   0357       44.91
3317339   0357       51.41
3317520   0357       55.01
3318589   0357       55.01
3318694   0357       63.00
3318719   0357       50.03
3319659   0357       48.06
3320986   0357       55.01
3322128   0357       46.73
3322273   0357       44.91
3322284   0357       51.41
3322381   0357       55.30
3324084   0357       55.01
3324110   0357       67.41
3324403   0357       67.41
3329806   0357       48.38
3353242   0357       51.41
3457632   0357       38.42
3528540   0357       55.01
3533360   0357       63.00
3534582   0357       58.91
3535445   0357       48.06
3535676   0357       46.73
3535838   0357       43.67
3538837   0357       55.01
3539352   0357       46.73
3541739   0357       55.01
3541975   0357       35.91
3542004   0357       58.91
3542015   0357       47.11
3554092   0357       58.91
3593839   0357       51.41
3598528   0357       53.33
3710064   0357       51.41
3759377   0357       45.21
3784066   0357       44.91
3784441   0357       58.91
3785251   0357       55.01
3792247   0357       55.01
3830110   0357       42.26
3855157   0357       35.91
3855577   0357       55.01
3856978   0357       43.67
3857004   0357       51.41
3857220   0357       55.01
3857667   0357       43.67
3857878   0357       51.77
3858323   0357      110.01
3858856   0357       58.91
3859230   0357       82.51
3864991   0357       67.41
3875055   0357       55.01
3877925   0357      117.81
3878006   0357       51.41
3963688   0357       55.01
3964093   0357       55.01
3964337   0357       38.15
3965704   0357       44.91
3969513   0357       51.41
4001934   0357       58.91
4064149   0357       63.00
4065177   0357       48.06
4065584   0357       55.01
4065648   0357       51.41
4066245   0357       45.21
4067118   0357       55.01
4067735   0357       51.41
4067795   0357       46.73
4068788   0357       48.06
4071074   0357       67.41
4071241   0357       38.15
4107436   0357       51.41
4191539   0357       51.41
4193094   0357      147.26
4194671   0357       55.01
4195654   0357       43.67
4199927   0357       38.42
4200911   0357       51.41
4238916   0357       35.91
430240    0357       44.91
4317775   0357       58.91
4373204   0357       58.91
4373479   0357       48.06
4375498   0357       57.25
4375998   0357       50.36
4376813   0357       51.43
4377201   0357       50.00
437803    0357       55.01
4378140   0357       44.91
4378236   0357       43.67
4378283   0357       55.01
4378759   0357       58.91
4379154   0357       35.91
4381341   0357       48.06
4381614   0357       44.91
4382400   0357       82.51
4383023   0357       58.91
4383200   0357       42.26
4385047   0357       46.73
4386936   0357       51.41
4387777   0357      128.51
439023    0357       53.93
4409485   0357       58.91
4409788   0357       44.91
4409789   0357       89.82
4414417   0357       51.41
4414541   0357       51.77
4414909   0357       48.41
4415675   0357       44.91
443869    0357       55.01
4609506   0357       58.91
4610129   0357       44.91
4720170   0357       67.37
4720923   0357       55.01
4721016   0357       44.91
4721639   0357       44.91
4722680   0357       40.82
4722814   0357       43.99
4723168   0357       45.21
4723276   0357       51.41
4723403   0357       48.38
4724433   0357       46.73
4725919   0357      117.81
4727740   0357       51.41
4728331   0357       43.67
4729448   0357       35.91
4729575   0357       63.00
4730168   0357       58.91
4730490   0357       48.06
4730823   0357       67.41
4731322   0357       58.91
4731494   0357       58.91
4732090   0357       44.91
4732618   0357       48.06
4734527   0357       48.06
4735505   0357       44.91
4738424   0357       55.01
4739546   0357       55.01
4739796   0357       58.91
4754833   0357       58.91
4803744   0357       58.91
4805842   0357       55.01
4827213   0357       55.01
4853128   0357       55.01
4882144   0357       41.13
5017295   0357       51.41
5022967   0357       50.00
5237805   0357       55.01
5238236   0357       45.21
5239261   0357       67.41
5240821   0357       51.41
5242545   0357       57.25
5244302   0357       48.06
5244483   0357       51.41
5244484   0357       58.91
5244765   0357       48.06
5245261   0357       58.91
5248926   0357       48.06
5248954   0357       51.41
5249259   0357       55.01
5249817   0357       58.91
5250965   0357       50.03
5251153   0357       55.01
5251214   0357       58.91
5252606   0357      117.81
5253930   0357       35.91
5254613   0357       48.06
5254952   0357       44.91
5255567   0357       55.01
5255641   0357       58.91
5257069   0357       51.41
5257175   0357       46.73
5257421   0357       63.00
5257727   0357      137.51
5257774   0357       25.67
5259121   0357       43.67
5259785   0357       48.06
5261116   0357       48.06
5261139   0357       55.01
5261250   0357       51.68
5261418   0357       51.41
5261643   0357       44.91
5263470   0357       53.50
5344986   0357       44.91
5435450   0357       48.06
5436619   0357       58.91
5436795   0357       35.94
5438690   0357       44.91
5439480   0357       25.67
5439865   0357      157.50
5458236   0357       48.06
5461455   0357       46.73
5605414   0357      110.01
5658043   0357       55.01
5688352   0357       55.01
5765952   0357       55.01
5779173   0357       55.01
5915261   0357       55.01
5921128   0357       55.01
5921800   0357       44.91
5923624   0357       58.91
5925143   0357       58.91
5925949   0357       44.91
5929492   0357       55.01
5935536   0357      147.26
5938630   0357       25.67
5938995   0357       55.01
6125595   0357      112.28
6127630   0357       55.01
6238388   0357       67.41
6394853   0357       44.91
64800     0357       63.00
6537141   0357       45.21
6573443   0357       55.01
6573855   0357       63.00
6573893   0357       48.06
6575243   0357       51.41
6575301   0357       55.01
6584406   0357      120.15
6634354   0357       55.01
6689708   0357       55.01
6690236   0357       55.01
6701343   0357       55.01
6701344   0357       55.01
6701453   0357       55.01
673822    0357       48.06
6841910   0357       44.91
7076647   0357       55.01
7211860   0357       58.91
7300376   0357       44.91
7301470   0357       43.67
7305494   0357       46.73
7305781   0357       44.91
7308623   0357       55.01
7309317   0357       44.91
7309375   0357       51.41
7310425   0357       63.00
7310959   0357       55.01
7311233   0357       55.01
7311255   0357       44.91
7312149   0357       55.01
7313189   0357       44.91
7314050   0357       44.91
7314987   0357       63.00
7315048   0357       58.91
7315331   0357       55.01
7316059   0357       63.00
7316139   0357       58.91
7316607   0357       67.41
7316959   0357      117.81
7317744   0357       89.82
7318041   0357       55.01
7319649   0357      117.81
7321787   0357       51.41
7322304   0357       51.41
7322780   0357       48.06
7322794   0357       44.91
7324725   0357       55.30
7325664   0357       38.42
7325721   0357       46.73
7325722   0357       55.01
7325778   0357       35.94
7328421   0357      203.51
7330948   0357       55.01
7331943   0357       51.41
7332202   0357       44.91
7332734   0357       70.10
7333145   0357       58.91
7335642   0357       55.01
7337422   0357       55.01
7338055   0357       63.00
7340200   0357       51.41
7340742   0357       46.73
7340989   0357       44.91
7342107   0357       51.41
7342680   0357       55.01
7343605   0357       44.91
7344290   0357       51.41
7344465   0357      102.81
7347856   0357       55.01
7348137   0357       44.91
7348986   0357       55.01
7349428   0357      168.53
7349843   0357       44.91
7350162   0357       51.43
7350273   0357       51.41
7351297   0357       44.91
7352317   0357       51.41
7353364   0357       89.82
7353377   0357       55.01
7354064   0357       44.91
7354848   0357       35.94
7355837   0357      137.51
7355928   0357       48.06
7359478   0357       58.91
7360346   0357       48.06
7360517   0357       55.01
7363171   0357       51.41
7363652   0357       55.01
7365166   0357       55.01
7365545   0357       51.41
7367276   0357       44.91
7368710   0357       89.82
7371154   0357       55.01
7372156   0357       44.91
7372973   0357       35.94
7373089   0357       48.06
7373215   0357       63.00
7374243   0357       48.06
7374616   0357       55.01
7377030   0357       48.06
7377579   0357       55.01
7379256   0357      102.81
7380616   0357       44.91
7381553   0357       55.01
7382148   0357       58.91
7382532   0357       44.91
7384964   0357       55.01
7388038   0357       44.91
7388080   0357       55.01
7388125   0357       58.91
7388199   0357       72.09
7389581   0357       55.01
7391472   0357       51.41
7392153   0357       68.72
7393061   0357       51.41
7393144   0357       89.82
7395742   0357       35.92
7396051   0357       82.51
7398038   0357       43.98
7400031   0357       55.01
7401094   0357       55.01
7401380   0357       55.01
7401853   0357       44.91
7403123   0357       44.91
7403188   0357       51.41
7403563   0357       51.41
7408531   0357       55.01
7409730   0357       51.41
7410177   0357       67.41
7412535   0357       58.91
7412738   0357       48.06
7415285   0357       67.41
7416870   0357       44.91
7417289   0357       89.82
7417791   0357      110.01
7418898   0357       44.91
7418939   0357       44.91
7419340   0357       51.41
7419740   0357       44.91
7419800   0357       55.01
7419866   0357      128.51
7420316   0357       55.01
7420429   0357       58.91
7423096   0357       44.91
7423108   0357       58.91
7423415   0357       55.01
7423444   0357       55.01
7425063   0357       44.91
7425430   0357       25.67
7425900   0357       51.41
7426046   0357       55.01
7427359   0357       44.91
7429274   0357       55.01
7432253   0357       58.91
7435158   0357      112.28
7436077   0357      102.81
7436996   0357       25.67
7437806   0357       44.91
7437808   0357       44.91
7438450   0357       55.01
7439597   0357      126.00
7439617   0357       55.01
7440809   0357       35.91
7442445   0357       55.01
7444497   0357       67.37
7444651   0357       58.91
7444889   0357      126.00
7445661   0357       48.06
7446382   0357       58.91
7446644   0357       55.01
7447334   0357       63.00
7447992   0357       44.91
7449457   0357       48.06
7455429   0357       55.01
7455588   0357       55.01
7460503   0357       55.01
7461704   0357       55.01
7465820   0357      137.51
7465910   0357       55.01
7466779   0357       67.41
7466870   0357       55.01
7502836   0357       58.91
7548386   0357       48.06
7548420   0357       51.41
770342    0357       55.01
7917981   0357       55.01
7981510   0357       58.91
7982728   0357       44.91
7982865   0357       27.49
7983170   0357       44.91
7984159   0357       25.67
7985605   0357       43.98
7988969   0357       55.01
8054279   0357       51.43
8064487   0357      110.01
8068577   0357       55.01
8069571   0357       55.01
8140450   0357       48.06
8718789   0357      110.01
8734286   0357       58.91
9066082   0357       48.06
9100619   0357       55.01
9211039   0357       51.41
9261804   0357       58.91
9317884   0357      117.81
940859    0357       58.91
9433060   0357       55.01
9540404   0357       58.91
9540845   0357       94.50
9542018   0357       58.91
9542237   0357       51.41
9543174   0357       55.01
9543530   0357       58.91
9544179   0357       55.01
9544345   0357       48.06
9544429   0357       58.91
9544827   0357       58.91
9545198   0357       48.06
9545952   0357       48.06
9546474   0357       55.01
9547148   0357       51.41
9551389   0357       55.01
9552709   0357       44.91
9553039   0357       55.01
9553047   0357       51.41
9553149   0357       44.91
9555077   0357       63.00
9555609   0357       44.91
9555641   0357       55.01
9557148   0357      126.00
9557803   0357       48.06
9557875   0357       44.91
9557894   0357       44.91
9558628   0357       48.06
9560453   0357       44.91
9570736   0357       55.01
9572755   0357       55.01
9577605   0357       55.01
9601343   0357      137.51
9603154   0357       48.06
9603683   0357       55.01
9603870   0357       35.91
9604166   0357       51.41
9604592   0357      101.12
9607091   0357       51.41
9608547   0357       55.01
9609337   0357       44.91
9609338   0357      110.01
9612117   0357       58.91
9612530   0357      137.51
9612692   0357       55.01
9614364   0357       51.41
9615964   0357       55.01
9617493   0357      102.81
9620242   0357      117.81
9620248   0357      126.00
9620376   0357       55.01
9620599   0357       58.91
9620701   0357       51.41
9620720   0357       51.41
9621777   0357       44.91
9622347   0357       55.01
9624370   0357       67.41
9624596   0357       44.91
9626082   0357       55.01
9626215   0357       51.41
9627150   0357      147.26
9627724   0357       44.91
9629963   0357       58.91
9631462   0357       58.91
9634554   0357       55.01
9636806   0357       44.91
9638320   0357       55.01
9639201   0357       51.41
9845319   0357       48.06
9846320   0357       58.91
9847068   0357       25.67
9847350   0357       55.01
9848693   0357       51.41
9851111   0357       25.67
9851993   0357       55.01
10107724  3357       67.41
10120357  3357       55.01
10121866  3357       58.91
10125466  3357       44.91
10126656  3357       55.01
10141786  3357       58.91
10312414  3357       51.41
10373550  3357       55.01
10639752  3357       44.91
10726693  3357       55.01
10760806  3357       44.91
10764554  3357       58.91
10770124  3357       55.01
10772668  3357       44.91
10774121  3357       58.91
10775520  3357       51.41
10776516  3357       67.41
10776915  3357       44.91
10777482  3357       44.91
10777645  3357       25.67
10778464  3357       44.91
10779723  3357       55.01
10784623  3357       55.01
10794552  3357       55.01
10820078  3357       58.91
10841061  3357       48.06
10842205  3357       55.01
10843324  3357       55.01
10844575  3357       67.41
10844947  3357       55.01
10845717  3357       44.91
10845943  3357       55.01
10846474  3357       55.01
10846532  3357       58.91
10846629  3357       25.67
10846940  3357       25.67
10846985  3357       55.01
10847648  3357       44.91
10848158  3357       63.00
10849906  3357       55.01
10849907  3357       58.91
10860593  3357       55.01
10903693  3357       44.91
10959957  3357       55.01
10960021  3357       55.01
10963442  3357       58.91
10963957  3357       58.91
10964062  3357       55.01
1108218   3357       51.41
1112379   3357       55.01
1115136   3357       55.01
11163187  3357       44.91
11177533  3357       44.91
11260715  3357       55.01
11261772  3357       67.41
11262378  3357       55.01
11263756  3357       44.91
11264041  3357       48.06
11264550  3357       51.41
11265496  3357       25.67
11265527  3357       58.91
11266390  3357       55.01
11267811  3357       51.41
11267932  3357       44.91
11268437  3357       67.41
11269196  3357       63.00
1129535   3357       58.91
11414487  3357       58.91
11426462  3357       51.41
11428034  3357       51.41
11428889  3357       55.01
11429539  3357       55.01
11429792  3357       44.91
11430700  3357       55.01
11433865  3357       25.67
11434350  3357       55.01
11546168  3357       51.41
11580362  3357       58.91
11584952  3357       55.01
11586448  3357       25.67
11594236  3357       67.41
11594524  3357       44.91
11598121  3357       48.06
11598207  3357       44.91
11598956  3357       48.06
11633896  3357       48.06
11645810  3357       55.01
11651090  3357       55.01
11652405  3357       55.01
11653864  3357       55.01
11694358  3357       44.91
11694758  3357       25.67
11695394  3357       44.91
11749469  3357       55.01
11783201  3357       58.91
11783366  3357       67.41
11784637  3357       44.91
11786325  3357       67.41
11786432  3357       51.43
11787807  3357       55.01
11788587  3357       55.01
11788630  3357       58.91
11790273  3357       55.01
11790818  3357       55.01
11792127  3357       55.01
11792506  3357       44.91
11792846  3357       55.01
118087    3357       25.23
11879419  3357       58.91
11879750  3357       58.91
11881224  3357       67.41
11881668  3357       44.91
11881669  3357       44.91
11882080  3357       51.41
11882720  3357       67.41
11949766  3357       67.41
12018571  3357       51.41
12018729  3357       44.91
12018852  3357       55.01
12019816  3357       51.41
12020535  3357       63.00
12021559  3357       58.91
12022428  3357       58.91
12023306  3357       63.00
12023981  3357       55.01
12024178  3357       55.01
12024179  3357       55.01
12025488  3357       44.91
12025491  3357       44.91
12026565  3357       55.01
12027093  3357       55.01
12027260  3357       55.01
12027527  3357       44.91
12027928  3357       44.91
12027973  3357       58.91
12080554  3357       55.01
1218058   3357       55.01
12241212  3357       44.91
12243077  3357       44.91
12244707  3357       44.91
12248400  3357       44.91
12248755  3357       58.91
12248784  3357       48.06
12248960  3357       55.01
12249178  3357       67.41
12279667  3357       55.01
12314254  3357       63.00
1232375   3357       39.46
12370670  3357       63.00
1239070   3357       51.41
12434895  3357       48.06
12435304  3357       55.01
12435757  3357       44.91
12435759  3357       55.01
12527456  3357       51.41
12534356  3357       55.01
12536172  3357       55.01
12536549  3357       63.00
1254062   3357       48.06
1257983   3357       58.91
1258658   3357       55.01
1259324   3357       48.06
1260432   3357       55.01
1261562   3357       48.06
1262953   3357       55.01
1263302   3357       44.91
1263303   3357       55.01
1263991   3357       41.22
1265436   3357       55.01
1266723   3357       44.91
12691465  3357       55.01
1269356   3357       58.91
12698409  3357       44.91
12698965  3357       44.91
12700553  3357       51.41
12701301  3357       44.91
12702273  3357       51.41
12704473  3357       48.06
12704482  3357       58.91
12704927  3357       25.67
12705860  3357       55.01
12706774  3357       58.91
12707136  3357       55.01
1272390   3357       48.06
1273369   3357       55.01
1277938   3357       48.06
1278407   3357       55.01
12848719  3357       55.01
12849330  3357       63.00
12851330  3357       55.01
12858616  3357       55.01
12878256  3357       55.01
12884972  3357       55.01
12934142  3357       51.41
12934525  3357       44.91
12935305  3357       55.01
12935606  3357       55.01
13034237  3357       55.01
13084488  3357       48.06
13084886  3357       51.41
13180551  3357       55.01
1318484   3357       51.41
13187816  3357       48.06
13188137  3357       48.06
13188604  3357       48.06
13264411  3357       55.01
13265462  3357       44.91
13265946  3357       55.01
13266369  3357       55.01
13268000  3357       44.91
13268185  3357       44.91
13268457  3357       51.41
13268537  3357       55.01
13346269  3357       44.91
13408041  3357       48.06
13510172  3357       48.06
13510180  3357       44.91
13527636  3357       58.91
13566631  3357       67.41
13643981  3357       44.91
13643982  3357       44.91
13644051  3357       55.01
13644555  3357       44.91
13644665  3357       55.01
13644680  3357       58.91
13652653  3357       44.91
13674854  3357       58.91
13678857  3357       44.91
13679940  3357       55.01
13724134  3357       55.01
13774187  3357       44.91
13774684  3357       55.01
13775452  3357       44.91
13775808  3357       44.91
13777181  3357       44.91
13785046  3357       44.91
13785997  3357       51.41
13786181  3357       55.01
13787208  3357       55.01
13787741  3357       44.91
13842354  3357       55.01
13856268  3357       55.01
13867427  3357       55.01
13868652  3357       55.01
13868786  3357       44.91
13880177  3357       44.91
13990906  3357       58.91
14003086  3357       51.41
14030527  3357       44.91
14031045  3357       55.01
1404429   3357       67.41
14093727  3357       55.01
14094806  3357       58.91
14143188  3357       51.41
14159223  3357       44.91
14270811  3357       44.91
14293118  3357       55.01
1431183   3357       55.01
14335445  3357       51.41
14335539  3357       25.67
1433726   3357       55.01
14372299  3357       58.91
14372818  3357       55.01
14376347  3357       55.01
14398946  3357       55.01
14399267  3357       48.06
14405196  3357       55.01
14405401  3357       55.01
14513487  3357       44.91
14590375  3357       48.06
14607589  3357       48.06
14649126  3357       44.91
14877620  3357       55.01
14877805  3357       58.91
14877859  3357       63.00
14879704  3357       44.91
14880827  3357       58.91
15170350  3357       48.06
15177340  3357       58.91
15177867  3357       44.91
15306151  3357       51.41
15306996  3357       51.41
15444811  3357       58.91
15448608  3357       55.01
15597541  3357       44.91
15598043  3357       44.91
15598933  3357       44.91
15599928  3357       48.06
15668151  3357       55.01
15668851  3357       48.06
15729233  3357       55.01
15729536  3357       48.06
15778630  3357       55.01
15827139  3357       58.91
15959808  3357       44.91
16001576  3357       44.91
16137706  3357       51.41
16138119  3357       55.01
1631390   3357       53.93
16324090  3357       55.01
16594051  3357       48.06
16641426  3357       51.41
16736267  3357       25.67
16770549  3357       55.01
16788972  3357       55.01
17011869  3357       55.01
17012587  3357       55.01
17019549  3357       55.01
17033256  3357       44.91
17104175  3357       55.01
17306742  3357       44.91
1737075   3357       51.41
17379215  3357       48.06
17504786  3357       48.06
17626132  3357       48.06
1763812   3357       55.01
1764349   3357       44.91
1765295   3357       23.50
1769938   3357       51.41
1778800   3357       38.44
18058393  3357       44.91
18059654  3357       48.06
18263579  3357       55.01
18263756  3357       55.01
1834693   3357       44.91
1854577   3357       55.01
18656459  3357       55.01
18785684  3357       44.91
18950730  3357       44.91
1906129   3357       55.01
19166206  3357       44.91
19262723  3357       55.01
1926999   3357       58.91
19827450  3357       44.91
19850185  3357       44.91
20187870  3357       48.06
20189202  3357       63.00
20235584  3357       48.06
2030572   3357       51.41
2033664   3357       67.41
20348834  3357       44.91
2130876   3357       44.91
2157417   3357       67.41
2186056   3357       51.41
2189077   3357       33.63
2196831   3357       48.06
2198274   3357       58.91
2198799   3357       51.41
2199826   3357       48.06
2272067   3357       44.91
23156662  3357       55.01
2376223   3357       67.41
2380275   3357       58.91
2384661   3357       55.01
2529886   3357       55.01
2532585   3357       44.91
2533320   3357       51.41
2533977   3357       51.68
2534786   3357       55.01
2535843   3357       58.91
2536373   3357       58.91
2536795   3357       55.01
2538821   3357       51.41
2539425   3357       55.01
2539607   3357       58.91
2539943   3357       44.91
2541142   3357       55.01
2541439   3357       67.41
2541709   3357       51.68
2543654   3357       55.01
2543932   3357       48.06
2592064   3357       58.91
2592966   3357       58.90
2593377   3357       55.01
2593686   3357       51.41
2596405   3357       46.73
2597854   3357       46.73
2598033   3357       46.73
2598872   3357       44.91
2601437   3357       55.01
2603046   3357       48.38
2605117   3357       58.91
2605164   3357       48.41
2605539   3357       43.98
2605823   3357       35.91
2607322   3357       55.01
2608233   3357       55.01
2608304   3357       44.91
2608554   3357       46.73
2684589   3357       55.01
2741170   3357       59.17
2854705   3357       51.41
2870837   3357       40.82
2910376   3357       44.91
2910432   3357       51.41
2911765   3357       51.41
2912407   3357       44.91
2912692   3357       67.41
2913757   3357       51.41
2913809   3357       44.91
2914272   3357       49.84
2915293   3357       44.91
2915714   3357       55.01
2915780   3357       46.76
2916102   3357       55.01
2916362   3357       50.05
2916467   3357       48.06
2916786   3357       51.41
2918280   3357       55.01
2919212   3357       55.01
2992913   3357       44.91
3035349   3357       55.01
3039370   3357       57.25
3080057   3357       67.41
3080311   3357       55.01
3080984   3357       55.01
3081351   3357       55.01
3082505   3357       49.84
3083006   3357       55.01
3083065   3357       44.91
3083457   3357       40.82
3083843   3357       48.06
3084868   3357       50.03
3084978   3357       44.91
3085009   3357       51.41
3085276   3357       63.00
3090485   3357       55.01
3156003   3357       44.91
3234299   3357       63.00
3245420   3357       55.01
3314562   3357       48.06
3314884   3357       44.91
3315121   3357       44.91
3315781   3357       44.91
3317339   3357       51.41
3317520   3357       55.01
3318589   3357       55.01
3318694   3357       63.00
3318719   3357       50.03
3319659   3357       48.06
3320986   3357       55.01
3322128   3357       46.73
3322273   3357       44.91
3322284   3357       51.41
3322381   3357       55.30
3324084   3357       55.01
3324110   3357       67.41
3324403   3357       67.41
3329806   3357       48.38
3353242   3357       51.41
3457632   3357       38.42
3528540   3357       55.01
3533360   3357       63.00
3534582   3357       58.91
3535445   3357       48.06
3535676   3357       46.73
3535838   3357       43.67
3538837   3357       55.01
3539352   3357       46.73
3541739   3357       55.01
3541975   3357       35.91
3542004   3357       58.91
3542015   3357       47.11
3554092   3357       58.91
3593839   3357       51.41
3598528   3357       53.33
3710064   3357       51.41
3759377   3357       45.21
3784066   3357       44.91
3784441   3357       58.91
3785251   3357       55.01
3792247   3357       55.01
3830110   3357       42.26
3855157   3357       35.91
3855577   3357       55.01
3856978   3357       43.67
3857004   3357       51.41
3857220   3357       55.01
3857667   3357       43.67
3857878   3357       51.77
3858323   3357       55.01
3858856   3357       58.91
3859230   3357       55.01
3864991   3357       67.41
3875055   3357       55.01
3877925   3357       58.91
3878006   3357       51.41
3963688   3357       55.01
3964093   3357       55.01
3964337   3357       38.15
3965704   3357       44.91
3969513   3357       51.41
4001934   3357       58.91
4064149   3357       63.00
4065177   3357       48.06
4065584   3357       55.01
4065648   3357       51.41
4066245   3357       45.21
4067118   3357       55.01
4067735   3357       51.41
4067795   3357       46.73
4068788   3357       48.06
4071074   3357       67.41
4071241   3357       38.15
4107436   3357       51.41
4191539   3357       51.41
4193094   3357       58.91
4194671   3357       55.01
4195654   3357       43.67
4199927   3357       38.42
4200911   3357       51.41
4238916   3357       35.91
430240    3357       44.91
4317775   3357       58.91
4373204   3357       58.91
4373479   3357       48.06
4375498   3357       57.25
4375998   3357       50.36
4376813   3357       51.43
4377201   3357       50.00
437803    3357       55.01
4378140   3357       44.91
4378236   3357       43.67
4378283   3357       55.01
4378759   3357       58.91
4379154   3357       35.91
4381341   3357       48.06
4381614   3357       44.91
4382400   3357       55.01
4383023   3357       58.91
4383200   3357       42.26
4385047   3357       46.73
4386936   3357       51.41
4387777   3357       51.41
439023    3357       53.93
4409485   3357       58.91
4409788   3357       44.91
4409789   3357       44.91
4414417   3357       51.41
4414541   3357       51.77
4414909   3357       48.41
4415675   3357       44.91
443869    3357       55.01
4609506   3357       58.91
4610129   3357       44.91
4720170   3357       44.91
4720923   3357       55.01
4721016   3357       44.91
4721639   3357       44.91
4722680   3357       40.82
4722814   3357       43.99
4723168   3357       45.21
4723276   3357       51.41
4723403   3357       48.38
4724433   3357       46.73
4725919   3357       58.91
4727740   3357       51.41
4728331   3357       43.67
4729448   3357       35.91
4729575   3357       63.00
4730168   3357       58.91
4730490   3357       48.06
4730823   3357       67.41
4731322   3357       58.91
4731494   3357       58.91
4732090   3357       44.91
4732618   3357       48.06
4734527   3357       48.06
4735505   3357       44.91
4738424   3357       55.01
4739546   3357       55.01
4739796   3357       58.91
4754833   3357       58.91
4803744   3357       58.91
4805842   3357       55.01
4827213   3357       55.01
4853128   3357       55.01
4882144   3357       41.13
5017295   3357       51.41
5022967   3357       50.00
5237805   3357       55.01
5238236   3357       45.21
5239261   3357       67.41
5240821   3357       51.41
5242545   3357       57.25
5244302   3357       48.06
5244483   3357       51.41
5244484   3357       58.91
5244765   3357       48.06
5245261   3357       58.91
5248926   3357       48.06
5248954   3357       51.41
5249259   3357       55.01
5249817   3357       58.91
5250965   3357       50.03
5251153   3357       55.01
5251214   3357       58.91
5252606   3357       58.91
5253930   3357       35.91
5254613   3357       48.06
5254952   3357       44.91
5255567   3357       55.01
5255641   3357       58.91
5257069   3357       51.41
5257175   3357       46.73
5257421   3357       63.00
5257727   3357       55.01
5257774   3357       25.67
5259121   3357       43.67
5259785   3357       48.06
5261116   3357       48.06
5261139   3357       55.01
5261250   3357       51.68
5261418   3357       51.41
5261643   3357       44.91
5263470   3357       53.50
5344986   3357       44.91
5435450   3357       48.06
5436619   3357       58.91
5436795   3357       35.94
5438690   3357       44.91
5439480   3357       25.67
5439865   3357       63.00
5458236   3357       48.06
5461455   3357       46.73
5605414   3357       55.01
5658043   3357       55.01
5688352   3357       55.01
5765952   3357       55.01
5779173   3357       55.01
5915261   3357       55.01
5921128   3357       55.01
5921800   3357       44.91
5923624   3357       58.91
5925143   3357       58.91
5925949   3357       44.91
5929492   3357       55.01
5935536   3357       58.91
5938630   3357       25.67
5938995   3357       55.01
6125595   3357       44.91
6127630   3357       55.01
6238388   3357       67.41
6394853   3357       44.91
64800     3357       63.00
6537141   3357       45.21
6573443   3357       55.01
6573855   3357       63.00
6573893   3357       48.06
6575243   3357       51.41
6575301   3357       55.01
6584406   3357       48.06
6634354   3357       55.01
6689708   3357       55.01
6690236   3357       55.01
6701343   3357       55.01
6701344   3357       55.01
6701453   3357       55.01
673822    3357       48.06
6841910   3357       44.91
7076647   3357       55.01
7211860   3357       58.91
7300376   3357       44.91
7301470   3357       43.67
7305494   3357       46.73
7305781   3357       44.91
7308623   3357       55.01
7309317   3357       44.91
7309375   3357       51.41
7310425   3357       63.00
7310959   3357       55.01
7311233   3357       55.01
7311255   3357       44.91
7312149   3357       55.01
7313189   3357       44.91
7314050   3357       44.91
7314987   3357       63.00
7315048   3357       58.91
7315331   3357       55.01
7316059   3357       63.00
7316139   3357       58.91
7316607   3357       67.41
7316959   3357       58.91
7317744   3357       44.91
7318041   3357       55.01
7319649   3357       58.91
7321787   3357       51.41
7322304   3357       51.41
7322780   3357       48.06
7322794   3357       44.91
7324725   3357       55.30
7325664   3357       38.42
7325721   3357       46.73
7325722   3357       55.01
7325778   3357       35.94
7328421   3357      203.51
7330948   3357       55.01
7331943   3357       51.41
7332202   3357       44.91
7332734   3357       46.73
7333145   3357       58.91
7335642   3357       55.01
7337422   3357       55.01
7338055   3357       63.00
7340200   3357       51.41
7340742   3357       46.73
7340989   3357       44.91
7342107   3357       51.41
7342680   3357       55.01
7343605   3357       44.91
7344290   3357       51.41
7344465   3357       51.41
7347856   3357       55.01
7348137   3357       44.91
7348986   3357       55.01
7349428   3357       67.41
7349843   3357       44.91
7350162   3357       51.43
7350273   3357       51.41
7351297   3357       44.91
7352317   3357       51.41
7353364   3357       44.91
7353377   3357       55.01
7354064   3357       44.91
7354848   3357       35.94
7355837   3357       55.01
7355928   3357       48.06
7359478   3357       58.91
7360346   3357       48.06
7360517   3357       55.01
7363171   3357       51.41
7363652   3357       55.01
7365166   3357       55.01
7365545   3357       51.41
7367276   3357       44.91
7368710   3357       44.91
7371154   3357       55.01
7372156   3357       44.91
7372973   3357       35.94
7373089   3357       48.06
7373215   3357       63.00
7374243   3357       48.06
7374616   3357       55.01
7377030   3357       48.06
7377579   3357       55.01
7379256   3357       51.41
7380616   3357       44.91
7381553   3357       55.01
7382148   3357       58.91
7382532   3357       44.91
7384964   3357       55.01
7388038   3357       44.91
7388080   3357       55.01
7388125   3357       58.91
7388199   3357       48.06
7389581   3357       55.01
7391472   3357       51.41
7392153   3357       27.49
7393061   3357       51.41
7393144   3357       44.91
7395742   3357       35.92
7396051   3357       55.01
7398038   3357       43.98
7400031   3357       55.01
7401094   3357       55.01
7401380   3357       55.01
7401853   3357       44.91
7403123   3357       44.91
7403188   3357       51.41
7403563   3357       51.41
7408531   3357       55.01
7409730   3357       51.41
7410177   3357       67.41
7412535   3357       58.91
7412738   3357       48.06
7415285   3357       67.41
7416870   3357       44.91
7417289   3357       44.91
7417791   3357       55.01
7418898   3357       44.91
7418939   3357       44.91
7419340   3357       51.41
7419740   3357       44.91
7419800   3357       55.01
7419866   3357       51.41
7420316   3357       55.01
7420429   3357       58.91
7423096   3357       44.91
7423108   3357       58.91
7423415   3357       55.01
7423444   3357       55.01
7425063   3357       44.91
7425430   3357       25.67
7425900   3357       51.41
7426046   3357       55.01
7427359   3357       44.91
7429274   3357       55.01
7432253   3357       58.91
7435158   3357       44.91
7436077   3357       51.41
7436996   3357       25.67
7437806   3357       44.91
7437808   3357       44.91
7438450   3357       55.01
7439597   3357       63.00
7439617   3357       55.01
7440809   3357       35.91
7442445   3357       55.01
7444497   3357       44.91
7444651   3357       58.91
7444889   3357       63.00
7445661   3357       48.06
7446382   3357       58.91
7446644   3357       55.01
7447334   3357       63.00
7447992   3357       44.91
7449457   3357       48.06
7455429   3357       55.01
7455588   3357       55.01
7460503   3357       55.01
7461704   3357       55.01
7465820   3357       55.01
7465910   3357       55.01
7466779   3357       67.41
7466870   3357       55.01
7502836   3357       58.91
7548386   3357       48.06
7548420   3357       51.41
770342    3357       55.01
7917981   3357       55.01
7981510   3357       58.91
7982728   3357       44.91
7982865   3357       27.49
7983170   3357       44.91
7984159   3357       25.67
7985605   3357       43.98
7988969   3357       55.01
8054279   3357       51.43
8064487   3357       55.01
8068577   3357       55.01
8069571   3357       55.01
8140450   3357       48.06
8718789   3357       55.01
8734286   3357       58.91
9066082   3357       48.06
9100619   3357       55.01
9211039   3357       51.41
9261804   3357       58.91
9317884   3357       58.91
940859    3357       58.91
9433060   3357       55.01
9540404   3357       58.91
9540845   3357       63.00
9542018   3357       58.91
9542237   3357       51.41
9543174   3357       55.01
9543530   3357       58.91
9544179   3357       55.01
9544345   3357       48.06
9544429   3357       58.91
9544827   3357       58.91
9545198   3357       48.06
9545952   3357       48.06
9546474   3357       55.01
9547148   3357       51.41
9551389   3357       55.01
9552709   3357       44.91
9553039   3357       55.01
9553047   3357       51.41
9553149   3357       44.91
9555077   3357       63.00
9555609   3357       44.91
9555641   3357       55.01
9557148   3357       63.00
9557803   3357       48.06
9557875   3357       44.91
9557894   3357       44.91
9558628   3357       48.06
9560453   3357       44.91
9570736   3357       55.01
9572755   3357       55.01
9577605   3357       55.01
9601343   3357       55.01
9603154   3357       48.06
9603683   3357       55.01
9603870   3357       35.91
9604166   3357       51.41
9604592   3357       67.41
9607091   3357       51.41
9608547   3357       55.01
9609337   3357       44.91
9609338   3357       55.01
9612117   3357       58.91
9612530   3357       55.01
9612692   3357       55.01
9614364   3357       51.41
9615964   3357       55.01
9617493   3357       51.41
9620242   3357       58.91
9620248   3357       63.00
9620376   3357       55.01
9620599   3357       58.91
9620701   3357       51.41
9620720   3357       51.41
9621777   3357       44.91
9622347   3357       55.01
9624370   3357       67.41
9624596   3357       44.91
9626082   3357       55.01
9626215   3357       51.41
9627150   3357       58.91
9627724   3357       44.91
9629963   3357       58.91
9631462   3357       58.91
9634554   3357       55.01
9636806   3357       44.91
9638320   3357       55.01
9639201   3357       51.41
9845319   3357       48.06
9846320   3357       58.91
9847068   3357       25.67
9847350   3357       55.01
9848693   3357       51.41
9851111   3357       25.67
9851993   3357       55.01
