10107724  0357      528.03
10120357  0357      648.03
10121866  0357     1153.48
10125466  0357      402.71
10126656  0357      432.02
10141786  0357      461.39
10312414  0357      402.71
10373550  0357      864.03
10639752  0357      402.71
10726693  0357      432.02
10760806  0357      402.71
10764554  0357      461.39
10770124  0357      432.02
10772668  0357      402.71
10774121  0357      461.39
10775520  0357      805.42
10776516  0357      528.03
10776915  0357      402.71
10777645  0357      648.03
10778464  0357      402.71
10779723  0357      734.27
10784623  0357      432.02
10820078  0357      461.39
10840266  0357      432.02
10841061  0357      402.71
10841823  0357      528.03
10842205  0357      432.02
10843324  0357     1080.04
10844575  0357     1056.07
10844947  0357     1080.04
10845717  0357      402.71
10845943  0357      528.03
10846474  0357      432.02
10846532  0357      461.39
10846629  0357      432.02
10846940  0357      864.03
10846985  0357      432.02
10847648  0357      402.71
10848158  0357      848.77
10849906  0357      432.02
10849907  0357      461.39
10860593  0357      432.02
10903693  0357      402.71
10959957  0357      432.02
10960021  0357      432.02
10963442  0357      461.39
10963957  0357      461.39
10964062  0357      864.03
1108218   0357      549.96
1112379   0357      551.88
1115136   0357      725.13
11163187  0357      402.71
11177533  0357      402.71
11260715  0357      432.02
11261772  0357      528.03
11262378  0357      432.02
11263756  0357      402.71
11264465  0357      432.02
11264550  0357      402.71
11265496  0357      432.02
11265527  0357      461.39
11266390  0357      864.03
11267811  0357      805.42
11267932  0357      805.42
11268437  0357      528.03
11269196  0357      493.36
1129535   0357      550.93
11414487  0357      461.39
11425214  0357      432.02
11425449  0357      432.02
11426462  0357      402.71
11428034  0357      402.71
11428889  0357     1080.04
11429539  0357      864.03
11429792  0357      402.71
11429991  0357      648.03
11430700  0357      432.02
11433167  0357      432.02
11433865  0357      864.03
11433968  0357      864.03
11434350  0357      432.02
11546168  0357      402.71
11580362  0357      461.39
11584952  0357      432.02
11586448  0357      461.39
11589730  0357      864.03
11594236  0357      528.03
11594524  0357      402.71
11596252  0357      432.02
11597667  0357      432.02
11598121  0357      402.71
11598207  0357      402.71
11598956  0357      402.71
11633896  0357      402.71
11645810  0357      432.02
11651035  0357      432.02
11651090  0357      432.02
11652405  0357      432.02
11653864  0357      432.02
11694358  0357      402.71
11694758  0357      432.02
11695394  0357      805.42
11749469  0357      432.02
11783201  0357      461.39
11783366  0357      528.03
11784637  0357      402.71
11786325  0357      528.03
11786432  0357      402.71
11787653  0357      864.03
11787807  0357      432.02
11788587  0357      922.79
11788630  0357      461.39
11790273  0357      432.02
11790818  0357      648.03
11791177  0357      432.02
11792127  0357      432.02
11792506  0357      402.71
11792846  0357      432.02
11878930  0357      432.02
11879419  0357      461.39
11879750  0357      528.03
11881224  0357      528.03
11881668  0357     1006.78
11881669  0357      721.71
11882080  0357      402.71
11882720  0357      528.03
11883300  0357      864.03
11949766  0357      528.03
12011761  0357     1056.07
12018571  0357      604.07
12018729  0357      402.71
12018852  0357      432.02
12019816  0357      402.71
12020535  0357      493.36
12021559  0357      461.39
12021966  0357      432.02
12022428  0357      461.39
12023306  0357      493.36
12023981  0357      648.03
12024178  0357      432.02
12024179  0357      432.02
12025294  0357      648.03
12025488  0357      402.71
12025491  0357      402.71
12026565  0357      432.02
12027093  0357      432.02
12027260  0357      763.25
12027527  0357      402.71
12027928  0357      402.71
12027973  0357      922.79
12080554  0357      432.02
12241212  0357      604.07
12242270  0357      432.02
12243077  0357      402.71
12244707  0357      402.71
12247738  0357      648.03
12248400  0357     1006.78
12248745  0357      432.02
12248755  0357      461.39
12248784  0357      805.42
12248960  0357      432.02
12249178  0357      528.03
12279667  0357      432.02
12314254  0357     1233.40
1232375   0357      550.93
12369466  0357      432.02
12370670  0357      493.36
1239070   0357      549.96
12434895  0357      402.71
12435304  0357      432.02
12435757  0357      604.07
12435759  0357     1080.04
12527456  0357      402.71
12534356  0357      432.02
12536172  0357      432.02
12536549  0357      493.36
1257983   0357      550.93
1258658   0357      551.88
1261562   0357      549.96
1262953   0357      657.97
1263302   0357      549.96
1263303   0357      551.88
12638103  0357      402.71
1265436   0357      551.88
1266723   0357      379.89
12691465  0357      432.02
1269356   0357     1101.85
12698409  0357      402.71
12698965  0357      402.71
12700553  0357      402.71
12701276  0357      432.02
12701301  0357     1006.78
12702273  0357      402.71
12704473  0357      402.71
12704482  0357      922.79
12704649  0357      432.02
12704927  0357      432.02
12705860  0357      432.02
12706171  0357      432.02
12706774  0357      922.79
12707136  0357      432.02
1272390   0357      549.96
1273369   0357      551.88
1277938   0357      549.96
1278407   0357      551.88
12848719  0357      432.02
12849330  0357      493.36
12851330  0357      432.02
12852888  0357      432.02
12858616  0357      648.03
12878256  0357      432.02
12884972  0357      432.02
12934142  0357      402.71
12934525  0357      402.71
12935305  0357      432.02
12935606  0357      432.02
13032012  0357     1006.78
13032033  0357      432.02
13034237  0357      432.02
13035222  0357      528.03
13084488  0357      402.71
13084886  0357      402.71
13179920  0357      402.71
13180551  0357      432.02
1318484   0357      549.96
13187744  0357      864.03
13187816  0357      648.03
13188137  0357      402.71
13188604  0357      604.07
13264411  0357      432.02
13265462  0357      402.71
13265946  0357      648.03
13266369  0357      432.02
13268000  0357      805.42
13268185  0357      805.42
13268457  0357      402.71
13268537  0357      648.03
13343258  0357      402.71
13408041  0357      402.71
13510172  0357      402.71
13510180  0357      402.71
13519440  0357      402.71
13527636  0357      461.39
13566631  0357      528.03
13643981  0357      805.42
13643982  0357      604.07
13644051  0357      432.02
13644555  0357     1006.78
13644665  0357      432.02
13644680  0357     1153.48
13652653  0357      402.71
13674854  0357      461.39
13678214  0357      432.02
13678857  0357      402.71
13679940  0357      432.02
13724134  0357      648.03
13774187  0357      402.71
13774684  0357      432.02
13775452  0357      402.71
13775808  0357      402.71
13777181  0357      604.07
13785046  0357      402.71
13785661  0357      432.02
13785997  0357      402.71
13786181  0357      461.39
13787208  0357      432.02
13787741  0357      402.71
13842354  0357      432.02
13843775  0357      432.02
13856268  0357      432.02
13867427  0357      648.03
13868652  0357      432.02
13880177  0357      432.02
13880981  0357      432.02
13905892  0357      402.71
13986119  0357      432.02
13990906  0357      692.09
14003086  0357      402.71
14030527  0357      402.71
14031045  0357      432.02
14031497  0357     1080.04
14093727  0357      648.03
14094806  0357      461.39
14143188  0357      402.71
14159223  0357      805.42
14176671  0357      432.02
14228153  0357      432.02
14270811  0357     1006.78
14293118  0357      648.03
1431183   0357      551.88
14335445  0357      402.71
14335539  0357      432.02
14372299  0357      461.39
14372545  0357      402.71
14372818  0357     1423.77
14376347  0357      432.02
14398946  0357      432.02
14399267  0357      604.07
14405196  0357      432.02
14405401  0357      432.02
14513487  0357      402.71
14590375  0357      402.71
14607589  0357      604.07
14648947  0357      432.02
14649126  0357      402.71
14825867  0357     1080.04
14877620  0357      432.02
14877805  0357      461.39
14877859  0357      493.36
14879597  0357      864.03
14879704  0357     1006.78
14880827  0357      461.39
14880972  0357      864.03
15170350  0357      402.71
15177340  0357      461.39
15177867  0357      805.42
15229138  0357      432.02
15272372  0357      402.71
15306151  0357     1006.78
15306996  0357      402.71
15351139  0357      432.02
15352095  0357      432.02
15444190  0357      432.02
15444811  0357      461.39
15448608  0357      432.02
15597541  0357      402.71
15598043  0357      402.71
15598319  0357      432.02
15598510  0357      864.03
15598933  0357      402.71
15599928  0357      604.07
15599929  0357      864.03
15668151  0357      864.03
15668851  0357      402.71
15690244  0357      402.71
15729233  0357      648.03
15729536  0357     1006.78
15778630  0357      648.03
15885754  0357      402.71
15959808  0357      402.71
15961650  0357      402.71
16001576  0357      402.71
16137706  0357      402.71
16138119  0357      648.03
1631390   0357      646.96
16324090  0357      432.02
16385667  0357      402.71
16387437  0357      864.03
16594051  0357      402.71
16641426  0357      402.71
16736267  0357      432.02
16770549  0357      432.02
16788972  0357      864.03
16796439  0357      805.42
16796669  0357      402.71
17011869  0357      864.03
17012587  0357     1080.04
17019549  0357      432.02
17033230  0357      402.71
17033256  0357      402.71
17104175  0357      648.03
17104709  0357      432.02
17306742  0357      402.71
1737075   0357      549.96
17379215  0357      604.07
17380736  0357      402.71
17572385  0357      864.03
17574055  0357      402.71
17626132  0357      805.42
1763812   0357      657.97
1764349   0357      549.96
1765295   0357     1099.91
1769938   0357      549.96
17727473  0357      402.71
17859806  0357      402.71
17859921  0357      805.42
17872590  0357      432.02
17942640  0357      432.02
17965237  0357      648.03
18054647  0357      432.02
18058393  0357      402.71
18059918  0357      432.02
18263579  0357      432.02
18263756  0357      432.02
18421508  0357      402.71
18422439  0357      864.03
18618969  0357      402.71
18655916  0357      432.02
18656459  0357      648.03
18785684  0357      402.71
18923581  0357      402.71
18928116  0357      402.71
18950730  0357      402.71
1906129   0357      551.88
19166206  0357     1006.78
19262723  0357      432.02
1926999   0357      550.93
19324610  0357      864.03
19348247  0357      432.02
19424156  0357      864.03
19431369  0357      432.02
19436769  0357      432.02
19827450  0357      432.02
19850185  0357     1006.78
19886649  0357     1080.04
19973112  0357      432.02
20046577  0357      805.42
20046584  0357      805.42
20187870  0357      805.42
20189202  0357      493.36
20235584  0357      805.42
2030572   0357      549.96
2033664   0357      585.75
20348834  0357      604.07
20351464  0357      864.03
2101693   0357      647.44
21140944  0357      604.07
2130876   0357      549.96
21505687  0357     1006.78
2157417   0357     1464.37
2186056   0357      549.96
2189077   0357      549.96
2196831   0357      549.96
2198274   0357      553.01
2198799   0357      549.96
22326349  0357      402.71
2272067   0357      549.96
23156662  0357      551.88
2376223   0357      596.88
2380275   0357      550.93
2384661   0357      551.88
2529886   0357      551.88
2532585   0357      549.96
2533320   0357      549.96
2534786   0357      403.66
2535843   0357      550.93
2536373   0357      550.93
2536795   0357      551.88
2539607   0357      550.93
2539943   0357      549.96
2541142   0357      551.88
2541439   0357      752.66
2541709   0357      551.88
2543654   0357      551.88
2543813   0357      551.88
2543932   0357      549.96
2592064   0357      550.93
2592966   0357      599.47
2593377   0357      551.88
2593686   0357      549.96
2596405   0357      652.09
2597854   0357      551.88
2598033   0357      551.88
2598733   0357      550.93
2598872   0357      549.96
2601437   0357      551.88
2603046   0357      551.88
2605164   0357      551.88
2605823   0357      379.86
2607322   0357      594.38
2608233   0357      579.82
2608304   0357      549.96
2608554   0357      551.88
2684589   0357      551.88
2741170   0357      584.46
2854705   0357      549.96
2870837   0357      549.96
2910376   0357      549.96
2910432   0357      549.96
2911765   0357      549.96
2912407   0357      549.96
2912692   0357      585.75
2913757   0357      549.96
2913809   0357      549.96
2915293   0357      549.96
2915714   0357      551.88
2915780   0357      549.96
2916362   0357      551.88
2916467   0357      549.96
2916786   0357      549.96
2918280   0357     1379.71
2992913   0357      549.96
3035349   0357      551.88
3080057   0357      878.63
3080311   0357      551.88
3080984   0357      804.25
3081351   0357      551.88
3082505   0357      662.11
3083006   0357      551.88
3083065   0357      549.96
3083457   0357      549.96
3083843   0357      549.96
3084868   0357      551.88
3084978   0357      549.96
3085009   0357      549.96
3085276   0357      551.08
3090485   0357      587.43
3156003   0357      627.33
3234299   0357      551.08
3245420   0357      551.88
3314884   0357      411.60
3315121   0357      549.96
3315781   0357      549.96
3317339   0357      585.87
3318589   0357      637.20
3318694   0357      664.68
3318719   0357      551.88
3320986   0357      551.88
3322128   0357      584.93
3322284   0357      549.96
3322381   0357      550.93
3324084   0357      767.13
3324110   0357      827.33
3329806   0357      551.88
3353242   0357      627.33
3528540   0357      599.66
3533360   0357      704.54
3535445   0357      549.96
3535838   0357      549.96
3538837   0357      598.75
3539352   0357      551.88
3541739   0357      551.88
3541975   0357      379.89
3542004   0357      461.39
3542015   0357      438.40
3554092   0357      550.93
3593839   0357      549.96
3598528   0357      551.88
3710064   0357      710.90
3759377   0357      549.96
3784066   0357      549.96
3784441   0357      612.72
3785251   0357      551.88
3792247   0357      551.88
3830110   0357      549.96
3855157   0357      379.86
3855577   0357      551.88
3856978   0357      549.96
3857004   0357      549.96
3857220   0357      551.91
3857667   0357      549.96
3857878   0357      550.93
3858323   0357     1103.77
3858856   0357      461.39
3859230   0357      867.77
3864991   0357      641.06
3875055   0357      679.20
3877925   0357     1691.75
3878006   0357      689.42
3963688   0357      653.74
3964093   0357      755.97
3964337   0357      549.96
3965704   0357      549.96
3969513   0357      553.90
4001934   0357      724.54
4064149   0357      592.59
4065177   0357      549.96
4065584   0357      432.02
4065648   0357      714.29
4066245   0357      549.96
4067118   0357      641.26
4067735   0357      635.91
4067795   0357      551.88
4068788   0357      549.96
4071074   0357      784.96
4071241   0357      649.77
4107436   0357      402.71
4191539   0357      549.96
4193094   0357     1377.32
4194671   0357      594.16
4195654   0357      549.96
4199927   0357      379.89
4200911   0357      549.96
4238916   0357      549.96
430240    0357      549.96
4317775   0357      846.45
4373204   0357      870.65
4373479   0357      549.96
4375498   0357      585.75
4375998   0357      563.57
4376813   0357      603.65
4377201   0357      550.93
4378140   0357      549.96
4378236   0357      549.96
4378283   0357      549.96
4378759   0357      802.60
4379154   0357      549.96
4381341   0357      549.96
4381614   0357      627.75
4382400   0357      827.83
4383023   0357      733.65
4383200   0357      549.96
4385047   0357      551.88
4386936   0357      493.36
4387777   0357     1470.39
4409485   0357      812.73
4409788   0357      549.96
4409789   0357     1194.14
4414417   0357      624.66
4414541   0357      583.87
4414909   0357      551.88
4415675   0357      549.96
443869    0357      551.88
4609506   0357      591.66
4610129   0357      549.96
4720170   0357      604.07
4720923   0357      432.02
4721016   0357      402.71
4721639   0357      549.96
4722680   0357      549.96
4722814   0357      442.76
4723168   0357      549.96
4723403   0357      549.96
4724433   0357      551.88
4725919   0357      922.79
4727740   0357      402.71
4728331   0357      549.96
4729448   0357      392.36
4730168   0357      846.99
4730490   0357      549.96
4730823   0357      829.28
4731322   0357      819.44
4731494   0357      597.96
4732090   0357      636.17
4732618   0357      622.17
4734527   0357      402.71
4734940   0357      402.71
4735505   0357      549.96
4738424   0357      551.88
4739546   0357      729.01
4739796   0357      461.39
4754833   0357      743.36
4803744   0357      930.01
4805842   0357      432.02
4827213   0357      621.56
4853128   0357      512.92
4882144   0357      413.27
5017295   0357      402.71
5022967   0357      550.93
5237805   0357      432.02
5238236   0357      549.96
5239261   0357      639.00
5240821   0357      549.96
5242545   0357      619.54
5244302   0357      627.33
5244483   0357      402.71
5244484   0357      597.96
5244765   0357      549.96
5245261   0357      461.39
5248926   0357      631.87
5248954   0357      581.02
5249259   0357      432.02
5249817   0357      461.39
5250965   0357      551.88
5251153   0357      703.35
5251214   0357      633.35
5252606   0357      922.79
5253930   0357      549.96
5254613   0357      715.25
5254952   0357      549.96
5255567   0357      432.02
5255641   0357      461.39
5257069   0357      578.84
5257175   0357      551.88
5257421   0357      493.36
5257727   0357     1080.04
5257774   0357      432.02
5259121   0357      549.96
5259785   0357      549.96
5261116   0357      402.71
5261139   0357      686.19
5261250   0357      549.96
5261418   0357      567.19
5261643   0357      686.43
5263470   0357      616.02
5344986   0357      402.71
5435450   0357      617.74
5436619   0357      461.39
5436795   0357      423.89
5438690   0357      603.79
5439480   0357      432.02
5439865   0357     1233.40
5458236   0357      402.71
5461455   0357      551.90
5605414   0357     1404.83
5658043   0357      687.05
5688352   0357      432.02
5765952   0357      432.02
5779173   0357      432.02
5915261   0357      551.88
5921128   0357      829.86
5921800   0357      402.71
5923624   0357      461.39
5925143   0357      461.39
5925949   0357      379.89
5929492   0357      432.02
5935536   0357     2165.22
5938630   0357      718.45
5938995   0357      432.02
6044716   0357      648.03
6125595   0357     1453.61
6127630   0357      637.66
6238388   0357      528.03
6394853   0357      491.22
6537141   0357      549.96
6573443   0357      714.46
6573855   0357      493.36
6573893   0357      402.71
6575243   0357      402.71
6575301   0357      432.02
6584406   0357     1374.89
6602322   0357      402.71
6634354   0357      432.02
6689708   0357      432.02
6690236   0357      432.02
6701343   0357      432.02
6701344   0357      726.46
6701453   0357      432.02
673822    0357      549.96
6841910   0357      402.71
7211860   0357      461.39
7240399   0357      432.02
7300376   0357      603.79
7301470   0357      549.96
7305494   0357      551.88
7305781   0357      549.96
7308623   0357      645.96
7309317   0357      402.71
7309375   0357      402.71
7310425   0357      493.36
7310959   0357      551.88
7311233   0357      589.09
7311255   0357      713.14
7312149   0357      693.72
7313189   0357      549.96
7314050   0357      650.56
7314987   0357      493.36
7315048   0357      461.39
7315058   0357     1668.24
7315331   0357      432.02
7316059   0357      493.36
7316139   0357      461.39
7316607   0357      752.66
7316959   0357     1101.85
7317744   0357     1099.91
7318041   0357      600.92
7319649   0357      922.79
7321787   0357      402.71
7322304   0357      402.71
7322780   0357      402.71
7322794   0357      776.25
7324725   0357      550.93
7325664   0357      546.80
7325721   0357      551.88
7325722   0357      801.95
7325778   0357      379.89
7328421   0357      402.71
7330948   0357      432.02
7331943   0357     1009.87
7332202   0357      686.39
7332734   0357      827.83
7333145   0357      856.74
7333526   0357     1372.78
7335642   0357      432.02
7337422   0357      540.21
7337778   0357      402.71
7338055   0357      493.36
7340200   0357      549.96
7340742   0357      584.93
7340989   0357      646.01
7342107   0357      402.71
7342680   0357      551.88
7343605   0357      402.71
7344290   0357      402.71
7344465   0357      805.42
7347856   0357      551.88
7348137   0357      402.71
7348986   0357      700.69
7349428   0357     1320.08
7349843   0357      402.71
7350162   0357      564.97
7350273   0357      402.71
7351297   0357      475.44
7352317   0357      402.71
7353377   0357      432.02
7354064   0357      402.71
7354848   0357      379.89
7355928   0357      549.96
7359478   0357      461.39
7360346   0357      402.71
7360517   0357      432.02
7363171   0357      526.53
7363652   0357      432.02
7365166   0357      690.88
7365545   0357      402.71
7367276   0357      402.71
7368710   0357      805.42
7369018   0357      432.02
7371154   0357      432.02
7372156   0357      402.71
7372973   0357      613.78
7373089   0357      402.71
7373215   0357      493.36
7374243   0357      614.99
7374616   0357      551.88
7377030   0357      402.71
7377579   0357      432.02
7379256   0357      805.42
7380616   0357      402.71
7381553   0357      432.02
7382148   0357      608.58
7382532   0357      402.71
7384964   0357      432.02
7387544   0357      864.03
7388038   0357      402.71
7388080   0357      432.02
7388125   0357      461.39
7388199   0357      922.49
7389581   0357      432.02
7391472   0357      402.71
7392153   0357     1153.48
7393061   0357      402.71
7393144   0357      805.42
7395742   0357      379.86
7396051   0357      648.03
7398038   0357      489.50
7400031   0357      432.02
7401094   0357      432.02
7401380   0357      655.31
7401853   0357      402.71
7403123   0357      402.71
7403188   0357      402.71
7403563   0357      402.71
7406353   0357      432.02
7408531   0357      432.02
7409730   0357      402.71
7410177   0357      528.03
7412535   0357      461.39
7412738   0357      402.71
7415285   0357      528.03
7415448   0357      432.02
7416870   0357      402.71
7417289   0357      805.42
7417791   0357      864.03
7418898   0357      402.71
7418939   0357      432.02
7419340   0357      402.71
7419740   0357      676.91
7419800   0357      432.02
7419866   0357     1006.78
7420316   0357      432.02
7420429   0357      461.39
7423108   0357      461.39
7423415   0357      432.02
7423444   0357      768.46
7425063   0357      402.71
7425430   0357      432.02
7425900   0357      402.71
7426046   0357      432.02
7427359   0357      402.71
7427520   0357      432.02
7429274   0357      432.02
7432253   0357      461.39
7434591   0357     1080.04
7435158   0357     1541.52
7436077   0357      805.42
7436996   0357      432.02
7437806   0357      402.71
7437808   0357      402.71
7438450   0357      432.02
7439597   0357      986.72
7439617   0357      432.02
7439629   0357      432.02
7440809   0357      413.24
7442445   0357      432.02
7444497   0357      604.07
7444651   0357      461.39
7444842   0357      432.02
7444889   0357      986.72
7445661   0357      402.71
7446382   0357      461.39
7446644   0357      432.02
7447067   0357     1080.04
7447334   0357      493.36
7447992   0357      402.71
7449457   0357      402.71
7455429   0357      724.93
7455588   0357      655.31
7461704   0357      432.02
7465820   0357     1080.04
7465910   0357      432.02
7466779   0357      818.75
7466870   0357      772.24
7502836   0357      633.37
7548386   0357      519.61
7548420   0357      656.84
770342    0357      551.88
7917981   0357      432.02
7981510   0357      821.17
7982728   0357      402.71
7982865   0357      461.39
7983170   0357      402.71
7984159   0357      432.02
7985605   0357      437.14
7988969   0357      863.26
8054279   0357      597.10
8064487   0357     1032.01
8069571   0357      648.16
8140450   0357      417.83
8594315   0357      432.02
8718789   0357      864.03
8734286   0357      461.39
9066082   0357      549.96
9100619   0357      863.26
9211039   0357      402.71
9261804   0357      461.39
9317884   0357      922.79
9433060   0357      432.02
9540404   0357      461.39
9540845   0357      740.04
9542018   0357     1153.48
9542237   0357      402.71
9543174   0357      690.88
9543530   0357      700.44
9544179   0357      432.02
9544345   0357      402.71
9544429   0357      750.02
9544827   0357      461.39
9545198   0357      549.96
9545952   0357      701.64
9546474   0357      432.02
9547148   0357      748.40
9551389   0357      432.02
9552709   0357      597.77
9553039   0357     1075.64
9553047   0357      402.71
9553149   0357      402.71
9555077   0357      598.91
9555609   0357      402.71
9555641   0357      432.02
9557148   0357      986.72
9557803   0357      402.71
9557875   0357      402.71
9557894   0357      694.75
9558628   0357      402.71
9560453   0357      402.71
9570736   0357      725.79
9572755   0357      432.02
9577605   0357      771.61
9601343   0357     1080.04
9603154   0357      721.71
9603683   0357      432.02
9603870   0357      379.89
9604166   0357      402.71
9604592   0357      792.05
9607091   0357      549.96
9608547   0357      432.02
9609337   0357      402.71
9609338   0357      864.03
9612117   0357      864.26
9612530   0357     2024.91
9612692   0357      432.02
9614364   0357      805.42
9615563   0357      432.02
9615964   0357      432.02
9617493   0357      805.42
9620242   0357      922.79
9620248   0357      986.72
9620376   0357      432.02
9620599   0357      461.39
9620701   0357      402.71
9620720   0357      402.71
9621777   0357      432.02
9622347   0357      432.02
9624370   0357      528.03
9624596   0357      402.71
9625361   0357      432.02
9625933   0357      864.03
9626082   0357      432.02
9626215   0357      402.71
9627150   0357     1153.48
9627523   0357      864.03
9627724   0357      402.71
9629963   0357      461.39
9631462   0357      461.39
9634554   0357      789.38
9634674   0357      432.02
9636806   0357      402.71
9638320   0357      432.02
9639201   0357      402.71
9845319   0357      402.71
9846320   0357      461.39
9847068   0357      402.71
9847350   0357      836.21
9848693   0357      657.66
9850403   0357      432.02
9851111   0357      432.02
9851993   0357      776.18
10107724  3357      528.03
10120357  3357      432.02
10121866  3357      461.39
10125466  3357      402.71
10126656  3357      432.02
10141786  3357      461.39
10312414  3357      402.71
10373550  3357      432.02
10639752  3357      402.71
10726693  3357      432.02
10760806  3357      402.71
10764554  3357      461.39
10770124  3357      432.02
10772668  3357      402.71
10774121  3357      461.39
10775520  3357      402.71
10776516  3357      528.03
10776915  3357      402.71
10777645  3357      432.02
10778464  3357      402.71
10779723  3357      734.27
10784623  3357      432.02
10820078  3357      461.39
10840266  3357      432.02
10841061  3357      402.71
10841823  3357      528.03
10842205  3357      432.02
10843324  3357      432.02
10844575  3357      528.03
10844947  3357      432.02
10845717  3357      402.71
10845943  3357      528.03
10846474  3357      432.02
10846532  3357      461.39
10846629  3357      432.02
10846940  3357      432.02
10846985  3357      432.02
10847648  3357      402.71
10848158  3357      848.77
10849906  3357      432.02
10849907  3357      461.39
10860593  3357      432.02
10903693  3357      402.71
10959957  3357      432.02
10960021  3357      432.02
10963442  3357      461.39
10963957  3357      461.39
10964062  3357      432.02
1108218   3357      549.96
1112379   3357      551.88
1115136   3357      725.13
11163187  3357      402.71
11177533  3357      402.71
11260715  3357      432.02
11261772  3357      528.03
11262378  3357      432.02
11263756  3357      402.71
11264465  3357      432.02
11264550  3357      402.71
11265496  3357      432.02
11265527  3357      461.39
11266390  3357      432.02
11267811  3357      402.71
11267932  3357      402.71
11268437  3357      528.03
11269196  3357      493.36
1129535   3357      550.93
11414487  3357      461.39
11425214  3357      432.02
11425449  3357      432.02
11426462  3357      402.71
11428034  3357      402.71
11428889  3357      432.02
11429539  3357      432.02
11429792  3357      402.71
11429991  3357      432.02
11430700  3357      432.02
11433167  3357      432.02
11433865  3357      432.02
11433968  3357      432.02
11434350  3357      432.02
11546168  3357      402.71
11580362  3357      461.39
11584952  3357      432.02
11586448  3357      461.39
11589730  3357      432.02
11594236  3357      528.03
11594524  3357      402.71
11596252  3357      432.02
11597667  3357      432.02
11598121  3357      402.71
11598207  3357      402.71
11598956  3357      402.71
11633896  3357      402.71
11645810  3357      432.02
11651035  3357      432.02
11651090  3357      432.02
11652405  3357      432.02
11653864  3357      432.02
11694358  3357      402.71
11694758  3357      432.02
11695394  3357      402.71
11749469  3357      432.02
11783201  3357      461.39
11783366  3357      528.03
11784637  3357      402.71
11786325  3357      528.03
11786432  3357      402.71
11787653  3357      432.02
11787807  3357      432.02
11788587  3357      461.39
11788630  3357      461.39
11790273  3357      432.02
11790818  3357      432.02
11791177  3357      432.02
11792127  3357      432.02
11792506  3357      402.71
11792846  3357      432.02
11878930  3357      432.02
11879419  3357      461.39
11879750  3357      528.03
11881224  3357      528.03
11881668  3357      402.71
11881669  3357      721.71
11882080  3357      402.71
11882720  3357      528.03
11883300  3357      432.02
11949766  3357      528.03
12011761  3357      528.03
12018571  3357      402.71
12018729  3357      402.71
12018852  3357      432.02
12019816  3357      402.71
12020535  3357      493.36
12021559  3357      461.39
12021966  3357      432.02
12022428  3357      461.39
12023306  3357      493.36
12023981  3357      432.02
12024178  3357      432.02
12024179  3357      432.02
12025294  3357      432.02
12025488  3357      402.71
12025491  3357      402.71
12026565  3357      432.02
12027093  3357      432.02
12027260  3357      763.25
12027527  3357      402.71
12027928  3357      402.71
12027973  3357      461.39
12080554  3357      432.02
12241212  3357      402.71
12242270  3357      432.02
12243077  3357      402.71
12244707  3357      402.71
12247738  3357      432.02
12248400  3357      402.71
12248745  3357      432.02
12248755  3357      461.39
12248784  3357      402.71
12248960  3357      432.02
12249178  3357      528.03
12279667  3357      432.02
12314254  3357      493.36
1232375   3357      550.93
12369466  3357      432.02
12370670  3357      493.36
1239070   3357      549.96
12434895  3357      402.71
12435304  3357      432.02
12435757  3357      402.71
12435759  3357      432.02
12527456  3357      402.71
12534356  3357      432.02
12536172  3357      432.02
12536549  3357      493.36
1257983   3357      550.93
1258658   3357      551.88
1261562   3357      549.96
1262953   3357      657.97
1263302   3357      549.96
1263303   3357      551.88
12638103  3357      402.71
1265436   3357      551.88
1266723   3357      379.89
12691465  3357      432.02
1269356   3357      550.93
12698409  3357      402.71
12698965  3357      402.71
12700553  3357      402.71
12701276  3357      432.02
12701301  3357      402.71
12702273  3357      402.71
12704473  3357      402.71
12704482  3357      461.39
12704649  3357      432.02
12704927  3357      432.02
12705860  3357      432.02
12706171  3357      432.02
12706774  3357      461.39
12707136  3357      432.02
1272390   3357      549.96
1273369   3357      551.88
1277938   3357      549.96
1278407   3357      551.88
12848719  3357      432.02
12849330  3357      493.36
12851330  3357      432.02
12852888  3357      432.02
12858616  3357      432.02
12878256  3357      432.02
12884972  3357      432.02
12934142  3357      402.71
12934525  3357      402.71
12935305  3357      432.02
12935606  3357      432.02
13032012  3357      402.71
13032033  3357      432.02
13034237  3357      432.02
13035222  3357      528.03
13084488  3357      402.71
13084886  3357      402.71
13179920  3357      402.71
13180551  3357      432.02
1318484   3357      549.96
13187744  3357      432.02
13187816  3357      432.02
13188137  3357      402.71
13188604  3357      402.71
13264411  3357      432.02
13265462  3357      402.71
13265946  3357      432.02
13266369  3357      432.02
13268000  3357      402.71
13268185  3357      402.71
13268457  3357      402.71
13268537  3357      432.02
13343258  3357      402.71
13408041  3357      402.71
13510172  3357      402.71
13510180  3357      402.71
13519440  3357      402.71
13527636  3357      461.39
13566631  3357      528.03
13643981  3357      402.71
13643982  3357      402.71
13644051  3357      432.02
13644555  3357      402.71
13644665  3357      432.02
13644680  3357      461.39
13652653  3357      402.71
13674854  3357      461.39
13678214  3357      432.02
13678857  3357      402.71
13679940  3357      432.02
13724134  3357      432.02
13774187  3357      402.71
13774684  3357      432.02
13775452  3357      402.71
13775808  3357      402.71
13777181  3357      402.71
13785046  3357      402.71
13785661  3357      432.02
13785997  3357      402.71
13786181  3357      461.39
13787208  3357      432.02
13787741  3357      402.71
13842354  3357      432.02
13843775  3357      432.02
13856268  3357      432.02
13867427  3357      432.02
13868652  3357      432.02
13880177  3357      432.02
13880981  3357      432.02
13905892  3357      402.71
13986119  3357      432.02
13990906  3357      461.39
14003086  3357      402.71
14030527  3357      402.71
14031045  3357      432.02
14031497  3357      432.02
14093727  3357      432.02
14094806  3357      461.39
14143188  3357      402.71
14159223  3357      402.71
14176671  3357      432.02
14228153  3357      432.02
14270811  3357      402.71
14293118  3357      432.02
1431183   3357      551.88
14335445  3357      402.71
14335539  3357      432.02
14372299  3357      461.39
14372545  3357      402.71
14372818  3357      569.51
14376347  3357      432.02
14398946  3357      432.02
14399267  3357      402.71
14405196  3357      432.02
14405401  3357      432.02
14513487  3357      402.71
14590375  3357      402.71
14607589  3357      402.71
14648947  3357      432.02
14649126  3357      402.71
14825867  3357      432.02
14877620  3357      432.02
14877805  3357      461.39
14877859  3357      493.36
14879597  3357      432.02
14879704  3357      402.71
14880827  3357      461.39
14880972  3357      432.02
15170350  3357      402.71
15177340  3357      461.39
15177867  3357      402.71
15229138  3357      432.02
15272372  3357      402.71
15306151  3357      402.71
15306996  3357      402.71
15351139  3357      432.02
15352095  3357      432.02
15444190  3357      432.02
15444811  3357      461.39
15448608  3357      432.02
15597541  3357      402.71
15598043  3357      402.71
15598319  3357      432.02
15598510  3357      432.02
15598933  3357      402.71
15599928  3357      402.71
15599929  3357      432.02
15668151  3357      432.02
15668851  3357      402.71
15690244  3357      402.71
15729233  3357      432.02
15729536  3357      402.71
15778630  3357      432.02
15885754  3357      402.71
15959808  3357      402.71
15961650  3357      402.71
16001576  3357      402.71
16137706  3357      402.71
16138119  3357      432.02
1631390   3357      646.96
16324090  3357      432.02
16385667  3357      402.71
16387437  3357      432.02
16594051  3357      402.71
16641426  3357      402.71
16736267  3357      432.02
16770549  3357      432.02
16788972  3357      432.02
16796439  3357      402.71
16796669  3357      402.71
17011869  3357      432.02
17012587  3357      432.02
17019549  3357      432.02
17033230  3357      402.71
17033256  3357      402.71
17104175  3357      432.02
17104709  3357      432.02
17306742  3357      402.71
1737075   3357      549.96
17379215  3357      402.71
17380736  3357      402.71
17572385  3357      432.02
17574055  3357      402.71
17626132  3357      402.71
1763812   3357      657.97
1764349   3357      549.96
1765295   3357      549.96
1769938   3357      549.96
17727473  3357      402.71
17859806  3357      402.71
17859921  3357      402.71
17872590  3357      432.02
17942640  3357      432.02
17965237  3357      432.02
18054647  3357      432.02
18058393  3357      402.71
18059918  3357      432.02
18263579  3357      432.02
18263756  3357      432.02
18421508  3357      402.71
18422439  3357      432.02
18618969  3357      402.71
18655916  3357      432.02
18656459  3357      432.02
18785684  3357      402.71
18923581  3357      402.71
18928116  3357      402.71
18950730  3357      402.71
1906129   3357      551.88
19166206  3357      402.71
19262723  3357      432.02
1926999   3357      550.93
19324610  3357      432.02
19348247  3357      432.02
19424156  3357      432.02
19431369  3357      432.02
19436769  3357      432.02
19827450  3357      432.02
19850185  3357      402.71
19886649  3357      432.02
19973112  3357      432.02
20046577  3357      402.71
20046584  3357      402.71
20187870  3357      402.71
20189202  3357      493.36
20235584  3357      402.71
2030572   3357      549.96
2033664   3357      585.75
20348834  3357      402.71
20351464  3357      432.02
2101693   3357      647.44
21140944  3357      402.71
2130876   3357      549.96
21505687  3357      402.71
2157417   3357      585.75
2186056   3357      549.96
2189077   3357      549.96
2196831   3357      549.96
2198274   3357      553.01
2198799   3357      549.96
22326349  3357      402.71
2272067   3357      549.96
23156662  3357      551.88
2376223   3357      596.88
2380275   3357      550.93
2384661   3357      551.88
2529886   3357      551.88
2532585   3357      549.96
2533320   3357      549.96
2534786   3357      403.66
2535843   3357      550.93
2536373   3357      550.93
2536795   3357      551.88
2539607   3357      550.93
2539943   3357      549.96
2541142   3357      551.88
2541439   3357      752.66
2541709   3357      551.88
2543654   3357      551.88
2543813   3357      551.88
2543932   3357      549.96
2592064   3357      550.93
2592966   3357      599.47
2593377   3357      551.88
2593686   3357      549.96
2596405   3357      652.09
2597854   3357      551.88
2598033   3357      551.88
2598733   3357      550.93
2598872   3357      549.96
2601437   3357      551.88
2603046   3357      551.88
2605164   3357      551.88
2605823   3357      379.86
2607322   3357      594.38
2608233   3357      579.82
2608304   3357      549.96
2608554   3357      551.88
2684589   3357      551.88
2741170   3357      584.46
2854705   3357      549.96
2870837   3357      549.96
2910376   3357      549.96
2910432   3357      549.96
2911765   3357      549.96
2912407   3357      549.96
2912692   3357      585.75
2913757   3357      549.96
2913809   3357      549.96
2915293   3357      549.96
2915714   3357      551.88
2915780   3357      549.96
2916362   3357      551.88
2916467   3357      549.96
2916786   3357      549.96
2918280   3357      551.88
2992913   3357      549.96
3035349   3357      551.88
3080057   3357      585.75
3080311   3357      551.88
3080984   3357      804.25
3081351   3357      551.88
3082505   3357      662.11
3083006   3357      551.88
3083065   3357      549.96
3083457   3357      549.96
3083843   3357      549.96
3084868   3357      551.88
3084978   3357      549.96
3085009   3357      549.96
3085276   3357      551.08
3090485   3357      587.43
3156003   3357      627.33
3234299   3357      551.08
3245420   3357      551.88
3314884   3357      411.60
3315121   3357      549.96
3315781   3357      549.96
3317339   3357      585.87
3318589   3357      637.20
3318694   3357      664.68
3318719   3357      551.88
3320986   3357      551.88
3322128   3357      584.93
3322284   3357      549.96
3322381   3357      550.93
3324084   3357      767.13
3324110   3357      827.33
3329806   3357      551.88
3353242   3357      627.33
3528540   3357      599.66
3533360   3357      704.54
3535445   3357      549.96
3535838   3357      549.96
3538837   3357      598.75
3539352   3357      551.88
3541739   3357      551.88
3541975   3357      379.89
3542004   3357      461.39
3542015   3357      438.40
3554092   3357      550.93
3593839   3357      549.96
3598528   3357      551.88
3710064   3357      710.90
3759377   3357      549.96
3784066   3357      549.96
3784441   3357      612.72
3785251   3357      551.88
3792247   3357      551.88
3830110   3357      549.96
3855157   3357      379.86
3855577   3357      551.88
3856978   3357      549.96
3857004   3357      549.96
3857220   3357      551.91
3857667   3357      549.96
3857878   3357      550.93
3858323   3357      551.88
3858856   3357      461.39
3859230   3357      578.52
3864991   3357      641.06
3875055   3357      679.20
3877925   3357      845.87
3878006   3357      689.42
3963688   3357      653.74
3964093   3357      755.97
3964337   3357      549.96
3965704   3357      549.96
3969513   3357      553.90
4001934   3357      724.54
4064149   3357      592.59
4065177   3357      549.96
4065584   3357      432.02
4065648   3357      714.29
4066245   3357      549.96
4067118   3357      641.26
4067735   3357      635.91
4067795   3357      551.88
4068788   3357      549.96
4071074   3357      784.96
4071241   3357      649.77
4107436   3357      402.71
4191539   3357      549.96
4193094   3357      550.93
4194671   3357      594.16
4195654   3357      549.96
4199927   3357      379.89
4200911   3357      549.96
4238916   3357      549.96
430240    3357      549.96
4317775   3357      846.45
4373204   3357      870.65
4373479   3357      549.96
4375498   3357      585.75
4375998   3357      563.57
4376813   3357      603.65
4377201   3357      550.93
4378140   3357      549.96
4378236   3357      549.96
4378283   3357      549.96
4378759   3357      802.60
4379154   3357      549.96
4381341   3357      549.96
4381614   3357      627.75
4382400   3357      551.88
4383023   3357      733.65
4383200   3357      549.96
4385047   3357      551.88
4386936   3357      493.36
4387777   3357      588.15
4409485   3357      812.73
4409788   3357      549.96
4409789   3357      597.07
4414417   3357      624.66
4414541   3357      583.87
4414909   3357      551.88
4415675   3357      549.96
443869    3357      551.88
4609506   3357      591.66
4610129   3357      549.96
4720170   3357      402.71
4720923   3357      432.02
4721016   3357      402.71
4721639   3357      549.96
4722680   3357      549.96
4722814   3357      442.76
4723168   3357      549.96
4723403   3357      549.96
4724433   3357      551.88
4725919   3357      461.39
4727740   3357      402.71
4728331   3357      549.96
4729448   3357      392.36
4730168   3357      846.99
4730490   3357      549.96
4730823   3357      829.28
4731322   3357      819.44
4731494   3357      597.96
4732090   3357      636.17
4732618   3357      622.17
4734527   3357      402.71
4734940   3357      402.71
4735505   3357      549.96
4738424   3357      551.88
4739546   3357      729.01
4739796   3357      461.39
4754833   3357      743.36
4803744   3357      930.01
4805842   3357      432.02
4827213   3357      621.56
4853128   3357      512.92
4882144   3357      413.27
5017295   3357      402.71
5022967   3357      550.93
5237805   3357      432.02
5238236   3357      549.96
5239261   3357      639.00
5240821   3357      549.96
5242545   3357      619.54
5244302   3357      627.33
5244483   3357      402.71
5244484   3357      597.96
5244765   3357      549.96
5245261   3357      461.39
5248926   3357      631.87
5248954   3357      581.02
5249259   3357      432.02
5249817   3357      461.39
5250965   3357      551.88
5251153   3357      703.35
5251214   3357      633.35
5252606   3357      461.39
5253930   3357      549.96
5254613   3357      715.25
5254952   3357      549.96
5255567   3357      432.02
5255641   3357      461.39
5257069   3357      578.84
5257175   3357      551.88
5257421   3357      493.36
5257727   3357      432.02
5257774   3357      432.02
5259121   3357      549.96
5259785   3357      549.96
5261116   3357      402.71
5261139   3357      686.19
5261250   3357      549.96
5261418   3357      567.19
5261643   3357      686.43
5263470   3357      616.02
5344986   3357      402.71
5435450   3357      617.74
5436619   3357      461.39
5436795   3357      423.89
5438690   3357      603.79
5439480   3357      432.02
5439865   3357      493.36
5458236   3357      402.71
5461455   3357      551.90
5605414   3357      702.41
5658043   3357      687.05
5688352   3357      432.02
5765952   3357      432.02
5779173   3357      432.02
5915261   3357      551.88
5921128   3357      829.86
5921800   3357      402.71
5923624   3357      461.39
5925143   3357      461.39
5925949   3357      379.89
5929492   3357      432.02
5935536   3357      866.09
5938630   3357      718.45
5938995   3357      432.02
6044716   3357      432.02
6125595   3357      581.45
6127630   3357      637.66
6238388   3357      528.03
6394853   3357      491.22
6537141   3357      549.96
6573443   3357      714.46
6573855   3357      493.36
6573893   3357      402.71
6575243   3357      402.71
6575301   3357      432.02
6584406   3357      549.96
6602322   3357      402.71
6634354   3357      432.02
6689708   3357      432.02
6690236   3357      432.02
6701343   3357      432.02
6701344   3357      726.46
6701453   3357      432.02
673822    3357      549.96
6841910   3357      402.71
7211860   3357      461.39
7240399   3357      432.02
7300376   3357      603.79
7301470   3357      549.96
7305494   3357      551.88
7305781   3357      549.96
7308623   3357      645.96
7309317   3357      402.71
7309375   3357      402.71
7310425   3357      493.36
7310959   3357      551.88
7311233   3357      589.09
7311255   3357      713.14
7312149   3357      693.72
7313189   3357      549.96
7314050   3357      650.56
7314987   3357      493.36
7315048   3357      461.39
7315058   3357      667.30
7315331   3357      432.02
7316059   3357      493.36
7316139   3357      461.39
7316607   3357      752.66
7316959   3357      550.93
7317744   3357      549.96
7318041   3357      600.92
7319649   3357      461.39
7321787   3357      402.71
7322304   3357      402.71
7322780   3357      402.71
7322794   3357      776.25
7324725   3357      550.93
7325664   3357      546.80
7325721   3357      551.88
7325722   3357      801.95
7325778   3357      379.89
7328421   3357      402.71
7330948   3357      432.02
7331943   3357     1009.87
7332202   3357      686.39
7332734   3357      551.88
7333145   3357      856.74
7333526   3357      686.39
7335642   3357      432.02
7337422   3357      540.21
7337778   3357      402.71
7338055   3357      493.36
7340200   3357      549.96
7340742   3357      584.93
7340989   3357      646.01
7342107   3357      402.71
7342680   3357      551.88
7343605   3357      402.71
7344290   3357      402.71
7344465   3357      402.71
7347856   3357      551.88
7348137   3357      402.71
7348986   3357      700.69
7349428   3357      528.03
7349843   3357      402.71
7350162   3357      564.97
7350273   3357      402.71
7351297   3357      475.44
7352317   3357      402.71
7353377   3357      432.02
7354064   3357      402.71
7354848   3357      379.89
7355928   3357      549.96
7359478   3357      461.39
7360346   3357      402.71
7360517   3357      432.02
7363171   3357      526.53
7363652   3357      432.02
7365166   3357      690.88
7365545   3357      402.71
7367276   3357      402.71
7368710   3357      402.71
7369018   3357      432.02
7371154   3357      432.02
7372156   3357      402.71
7372973   3357      613.78
7373089   3357      402.71
7373215   3357      493.36
7374243   3357      614.99
7374616   3357      551.88
7377030   3357      402.71
7377579   3357      432.02
7379256   3357      402.71
7380616   3357      402.71
7381553   3357      432.02
7382148   3357      608.58
7382532   3357      402.71
7384964   3357      432.02
7387544   3357      432.02
7388038   3357      402.71
7388080   3357      432.02
7388125   3357      461.39
7388199   3357      614.99
7389581   3357      432.02
7391472   3357      402.71
7392153   3357      461.39
7393061   3357      402.71
7393144   3357      402.71
7395742   3357      379.86
7396051   3357      432.02
7398038   3357      489.50
7400031   3357      432.02
7401094   3357      432.02
7401380   3357      655.31
7401853   3357      402.71
7403123   3357      402.71
7403188   3357      402.71
7403563   3357      402.71
7406353   3357      432.02
7408531   3357      432.02
7409730   3357      402.71
7410177   3357      528.03
7412535   3357      461.39
7412738   3357      402.71
7415285   3357      528.03
7415448   3357      432.02
7416870   3357      402.71
7417289   3357      402.71
7417791   3357      432.02
7418898   3357      402.71
7418939   3357      432.02
7419340   3357      402.71
7419740   3357      676.91
7419800   3357      432.02
7419866   3357      402.71
7420316   3357      432.02
7420429   3357      461.39
7423108   3357      461.39
7423415   3357      432.02
7423444   3357      768.46
7425063   3357      402.71
7425430   3357      432.02
7425900   3357      402.71
7426046   3357      432.02
7427359   3357      402.71
7427520   3357      432.02
7429274   3357      432.02
7432253   3357      461.39
7434591   3357      432.02
7435158   3357      616.61
7436077   3357      402.71
7436996   3357      432.02
7437806   3357      402.71
7437808   3357      402.71
7438450   3357      432.02
7439597   3357      493.36
7439617   3357      432.02
7439629   3357      432.02
7440809   3357      413.24
7442445   3357      432.02
7444497   3357      402.71
7444651   3357      461.39
7444842   3357      432.02
7444889   3357      493.36
7445661   3357      402.71
7446382   3357      461.39
7446644   3357      432.02
7447067   3357      432.02
7447334   3357      493.36
7447992   3357      402.71
7449457   3357      402.71
7455429   3357      724.93
7455588   3357      655.31
7461704   3357      432.02
7465820   3357      432.02
7465910   3357      432.02
7466779   3357      818.75
7466870   3357      772.24
7502836   3357      633.37
7548386   3357      519.61
7548420   3357      656.84
770342    3357      551.88
7917981   3357      432.02
7981510   3357      821.17
7982728   3357      402.71
7982865   3357      461.39
7983170   3357      402.71
7984159   3357      432.02
7985605   3357      437.14
7988969   3357      863.26
8054279   3357      597.10
8064487   3357      516.01
8069571   3357      648.16
8140450   3357      417.83
8594315   3357      432.02
8718789   3357      432.02
8734286   3357      461.39
9066082   3357      549.96
9100619   3357      863.26
9211039   3357      402.71
9261804   3357      461.39
9317884   3357      461.39
9433060   3357      432.02
9540404   3357      461.39
9540845   3357      493.36
9542018   3357      461.39
9542237   3357      402.71
9543174   3357      690.88
9543530   3357      700.44
9544179   3357      432.02
9544345   3357      402.71
9544429   3357      750.02
9544827   3357      461.39
9545198   3357      549.96
9545952   3357      701.64
9546474   3357      432.02
9547148   3357      748.40
9551389   3357      432.02
9552709   3357      597.77
9553039   3357     1075.64
9553047   3357      402.71
9553149   3357      402.71
9555077   3357      598.91
9555609   3357      402.71
9555641   3357      432.02
9557148   3357      493.36
9557803   3357      402.71
9557875   3357      402.71
9557894   3357      694.75
9558628   3357      402.71
9560453   3357      402.71
9570736   3357      725.79
9572755   3357      432.02
9577605   3357      771.61
9601343   3357      432.02
9603154   3357      721.71
9603683   3357      432.02
9603870   3357      379.89
9604166   3357      402.71
9604592   3357      528.03
9607091   3357      549.96
9608547   3357      432.02
9609337   3357      402.71
9609338   3357      432.02
9612117   3357      864.26
9612530   3357      809.96
9612692   3357      432.02
9614364   3357      402.71
9615563   3357      432.02
9615964   3357      432.02
9617493   3357      402.71
9620242   3357      461.39
9620248   3357      493.36
9620376   3357      432.02
9620599   3357      461.39
9620701   3357      402.71
9620720   3357      402.71
9621777   3357      432.02
9622347   3357      432.02
9624370   3357      528.03
9624596   3357      402.71
9625361   3357      432.02
9625933   3357      432.02
9626082   3357      432.02
9626215   3357      402.71
9627150   3357      461.39
9627523   3357      432.02
9627724   3357      402.71
9629963   3357      461.39
9631462   3357      461.39
9634554   3357      789.38
9634674   3357      432.02
9636806   3357      402.71
9638320   3357      432.02
9639201   3357      402.71
9845319   3357      402.71
9846320   3357      461.39
9847068   3357      402.71
9847350   3357      836.21
9848693   3357      657.66
9850403   3357      432.02
9851111   3357      432.02
9851993   3357      776.18
