10107724  0357      203.56
10120357  0357      270.77
10121866  0357      469.70
10125466  0357      159.99
10126656  0357      180.52
10141786  0357      187.88
10312414  0357      173.32
10373550  0357      361.03
10639752  0357      159.99
10726693  0357      180.52
10760806  0357      159.99
10764554  0357      187.88
10770124  0357      180.52
10772668  0357      159.99
10774121  0357      187.88
10775520  0357      346.64
10776516  0357      203.56
10776915  0357      159.99
10777482  0357      159.99
10777645  0357      270.77
10778464  0357      159.99
10779723  0357      180.52
10784623  0357      180.52
10820078  0357      187.88
10840266  0357      180.52
10841061  0357      166.52
10841823  0357      203.56
10842205  0357      180.52
10843324  0357      451.29
10844575  0357      407.12
10844947  0357      180.52
10845717  0357      159.99
10845943  0357      203.56
10846474  0357      180.52
10846532  0357      187.88
10846629  0357      180.52
10846940  0357      361.03
10846985  0357      180.52
10847648  0357      159.99
10848158  0357      195.55
10849906  0357      180.52
10849907  0357      187.88
10860593  0357      180.52
10903693  0357      159.99
10959957  0357      180.52
10960021  0357      180.52
10963442  0357      187.88
10963957  0357      187.88
10964062  0357      361.03
1108218   0357      222.33
1112379   0357      229.53
1115136   0357      354.57
11163187  0357      159.99
11177533  0357      159.99
11260715  0357      180.52
11261772  0357      203.56
11262378  0357      180.52
11263756  0357      159.99
11264465  0357      180.52
11264550  0357      173.32
11265496  0357      180.52
11265527  0357      187.88
11266390  0357      361.03
11267811  0357      346.64
11267932  0357      319.98
11268437  0357      203.56
11269196  0357      195.55
1129535   0357      238.23
11414487  0357      187.88
11425214  0357      180.52
11425449  0357      180.52
11426462  0357      173.32
11428034  0357      173.32
11428889  0357      451.29
11429539  0357      361.03
11429792  0357      159.99
11429991  0357      270.77
11430700  0357      180.52
11433167  0357      180.52
11433865  0357      361.03
11434350  0357      180.52
11546168  0357      173.32
11580362  0357      187.88
11584952  0357      180.52
11586448  0357      180.52
11589730  0357      361.03
11594236  0357      203.56
11594524  0357      159.99
11596252  0357      180.52
11597667  0357      180.52
11598121  0357      166.52
11598207  0357      159.99
11598956  0357      166.52
11633896  0357      166.52
11645810  0357      180.52
11651035  0357      180.52
11651090  0357      180.52
11652405  0357      180.52
11653864  0357      180.52
11694358  0357      159.99
11694758  0357      180.52
11695394  0357      319.98
11749469  0357      180.52
11783201  0357      187.88
11783366  0357      203.56
11784637  0357      159.99
11786325  0357      203.56
11786432  0357      166.52
11787653  0357      361.03
11787807  0357      180.52
11788587  0357      375.76
11788630  0357      187.88
11790273  0357      180.52
11790818  0357      270.77
11791177  0357      180.52
11792506  0357      159.99
11792846  0357      180.52
118087    0357      131.92
11878930  0357      180.52
11879419  0357      187.88
11879750  0357      187.88
11881224  0357      203.56
11881668  0357      399.98
11881669  0357      159.99
11882080  0357      173.32
11882720  0357      203.56
11883300  0357      361.03
11949766  0357      203.56
12011761  0357      407.12
12018571  0357      259.98
12018729  0357      159.99
12018852  0357      180.52
12019816  0357      173.32
12020535  0357      195.55
12021559  0357      187.88
12021966  0357      180.52
12022428  0357      187.88
12023306  0357      195.55
12023981  0357      270.77
12024178  0357      180.52
12024179  0357      180.52
12025294  0357      270.77
12025488  0357      159.99
12025491  0357      159.99
12026565  0357      180.52
12027093  0357      180.52
12027260  0357      180.52
12027527  0357      159.99
12027928  0357      159.99
12027973  0357      375.76
12080554  0357      180.52
1218058   0357      243.72
12241212  0357      239.99
12242270  0357      180.52
12243077  0357      159.99
12244707  0357      159.99
12247738  0357      270.77
12248400  0357      399.98
12248755  0357      187.88
12248784  0357      333.03
12248960  0357      180.52
12249178  0357      203.56
12279667  0357      180.52
12314254  0357      488.88
1232375   0357      174.89
12369466  0357      180.52
12370670  0357      195.55
1239070   0357      222.33
12434895  0357      166.52
12435304  0357      180.52
12435757  0357      239.99
12435759  0357      451.29
12527456  0357      173.32
12534356  0357      180.52
12536172  0357      180.52
12536549  0357      195.55
1254062   0357      215.53
1257983   0357      236.89
1258658   0357      229.53
1259324   0357      215.53
1261562   0357      215.53
1262953   0357      332.37
1263302   0357      209.00
1263303   0357      229.53
1263991   0357      180.53
1265436   0357      229.53
1266723   0357      177.00
12691465  0357      180.52
1269356   0357      473.78
12698409  0357      159.99
12698965  0357      159.99
12700553  0357      173.32
12701276  0357      180.52
12701301  0357      399.98
12702273  0357      173.32
12704473  0357      166.52
12704482  0357      375.76
12704649  0357      180.52
12704927  0357      180.52
12705860  0357      180.52
12706171  0357      180.52
12706774  0357      375.76
12707136  0357      180.52
1272390   0357      215.53
1273369   0357      240.63
1277938   0357      215.53
1278407   0357      229.53
12848719  0357      180.52
12849330  0357      195.55
12851330  0357      180.52
12852888  0357      180.52
12858616  0357      270.77
12878256  0357      180.52
12884972  0357      180.52
12934142  0357      173.32
12934525  0357      159.99
12935305  0357      180.52
12935606  0357      180.52
13032012  0357      319.98
13032033  0357      180.52
13034237  0357      180.52
13035222  0357      203.56
13084886  0357      173.32
13180551  0357      180.52
1318484   0357      222.33
13187744  0357      361.03
13187816  0357      270.77
13188137  0357      166.52
13188604  0357      249.77
13264411  0357      180.52
13265462  0357      159.99
13265946  0357      270.77
13266369  0357      180.52
13268000  0357      319.98
13268185  0357      319.98
13268457  0357      173.32
13268537  0357      270.77
13343258  0357      159.99
13346269  0357      399.98
13408041  0357      166.52
13510172  0357      166.52
13510180  0357      159.99
13527636  0357      187.88
13566631  0357      203.56
13643981  0357      319.98
13643982  0357      239.99
13644051  0357      180.52
13644555  0357      399.98
13644665  0357      180.52
13644680  0357      469.70
13652653  0357      159.99
13674854  0357      187.88
13678214  0357      180.52
13678857  0357      159.99
13679940  0357      180.52
13724134  0357      270.77
13774187  0357      159.99
13774684  0357      180.52
13775452  0357      159.99
13775808  0357      159.99
13777181  0357      239.99
13785046  0357      159.99
13785661  0357      180.52
13785997  0357      173.32
13786181  0357      180.52
13787208  0357      180.52
13787741  0357      159.99
13842354  0357      180.52
13843775  0357      180.52
13856268  0357      180.52
13867427  0357      270.77
13868652  0357      180.52
13880177  0357      159.99
13880981  0357      180.52
13905892  0357      159.99
13986119  0357      180.52
13990906  0357      281.82
14003086  0357      173.32
14030527  0357      159.99
14031045  0357      180.52
14031497  0357      451.29
1404429   0357      270.77
14093727  0357      270.77
14094806  0357      187.88
14143188  0357      173.32
14159223  0357      319.98
14176129  0357      180.52
14176671  0357      180.52
14270811  0357      399.98
14293118  0357      270.77
1431183   0357      229.53
14335445  0357      173.32
14335539  0357      180.52
14372299  0357      187.88
14372818  0357      667.96
14376347  0357      180.52
14398946  0357      180.52
14399267  0357      249.77
14405196  0357      180.52
14405401  0357      180.52
14513487  0357      159.99
14590375  0357      166.52
14607589  0357      249.77
14648947  0357      180.52
14649126  0357      159.99
14810540  0357      270.77
14825867  0357      180.52
14877620  0357      180.52
14877805  0357      187.88
14877859  0357      195.55
14879704  0357      239.99
14880827  0357      187.88
15170350  0357      166.52
15177340  0357      187.88
15177867  0357      319.98
15306151  0357      433.30
15306996  0357      173.32
15352095  0357      180.52
15444811  0357      187.88
15448608  0357      180.52
15597541  0357      159.99
15598043  0357      159.99
15598319  0357      180.52
15598510  0357      361.03
15598933  0357      159.99
15599928  0357      249.77
15668151  0357      361.03
15668851  0357      166.52
15690244  0357      159.99
15729233  0357      270.77
15729536  0357      416.29
15778630  0357      270.77
15827139  0357      187.88
15959808  0357      159.99
16001576  0357      159.99
16137706  0357      173.32
16138119  0357      270.77
1631390   0357      314.73
16324090  0357      180.52
16594051  0357      166.52
16641426  0357      173.32
16736267  0357      180.52
16770549  0357      180.52
16788972  0357      361.03
16796439  0357      319.98
17011869  0357      361.03
17012587  0357      451.29
17019549  0357      180.52
17033230  0357      159.99
17033256  0357      159.99
17104175  0357      180.52
17306742  0357      159.99
1737075   0357      222.33
17379215  0357      249.77
17380736  0357      159.99
17504786  0357      166.52
17572385  0357      361.03
17574055  0357      416.29
17626132  0357      333.03
1763812   0357      332.37
1764349   0357      209.00
1765295   0357      264.96
1769938   0357      225.22
17727473  0357      166.52
17859806  0357      159.99
17965237  0357      270.77
18058393  0357      159.99
18059918  0357      180.52
18263579  0357      180.52
18263756  0357      180.52
1834693   0357      177.00
18471327  0357      180.52
18618969  0357      159.99
18656459  0357      270.77
18785684  0357      159.99
18950730  0357      159.99
1906129   0357      229.53
19166206  0357      399.98
19262723  0357      180.52
1926999   0357      236.89
19324610  0357      361.03
19827450  0357      159.99
19850185  0357      399.98
19886649  0357      451.29
19973112  0357      180.52
20187870  0357      333.03
20189202  0357      195.55
20235584  0357      333.03
2030572   0357      222.33
2033664   0357      252.57
20348834  0357      239.99
20351464  0357      361.03
21140944  0357      239.99
2130876   0357      209.00
2157417   0357      631.43
2186056   0357      222.33
2189077   0357      165.58
2196831   0357      215.53
2198274   0357      247.99
2198799   0357      222.33
2199826   0357      215.53
22326349  0357      166.52
2272067   0357      209.00
23156662  0357      257.68
2376223   0357      253.91
2380275   0357      236.89
2384661   0357      229.53
2529886   0357      229.53
2532585   0357      209.00
2533320   0357      246.16
2533977   0357      218.40
2534786   0357      193.42
2535843   0357      236.89
2536373   0357      236.89
2536795   0357      240.86
2538821   0357      233.43
2539607   0357      236.89
2539943   0357      209.00
2541142   0357      229.53
2541439   0357      355.41
2541709   0357      231.12
2543654   0357      229.53
2543932   0357      215.53
2592064   0357      236.88
2592966   0357      264.10
2593377   0357      242.58
2593686   0357      222.33
2596405   0357      261.00
2597854   0357      216.60
2598033   0357      202.41
2598872   0357      218.24
2601437   0357      230.87
2603046   0357      207.82
2605117   0357      251.47
2605164   0357      218.96
2605539   0357      163.96
2605823   0357      176.95
2607322   0357      307.92
2608233   0357      301.57
2608304   0357      227.25
2608554   0357      216.60
2684589   0357      229.53
2741170   0357      243.83
2854705   0357      222.33
2870837   0357      214.00
2910376   0357      209.00
2910432   0357      225.22
2911765   0357      222.33
2912407   0357      209.00
2912692   0357      252.57
2913757   0357      225.12
2913809   0357      209.00
2914272   0357      231.98
2915293   0357      209.00
2915714   0357      229.53
2915780   0357      209.60
2916102   0357      193.42
2916362   0357      213.28
2916467   0357      215.53
2916786   0357      222.33
2918280   0357      573.82
2992913   0357      209.00
3035349   0357      229.53
3039370   0357      237.59
3080057   0357      378.86
3080311   0357      229.53
3080984   0357      180.52
3081351   0357      240.63
3082505   0357      333.86
3083006   0357      229.53
3083065   0357      209.00
3083457   0357      190.52
3083843   0357      215.53
3084868   0357      228.00
3084978   0357      237.65
3085009   0357      244.05
3085276   0357      244.56
3090485   0357      305.85
3156003   0357      311.84
3234299   0357      244.56
3245420   0357      229.53
3314884   0357      193.35
3315121   0357      209.00
3315781   0357      209.00
3317339   0357      306.84
3317520   0357      246.58
3318589   0357      339.74
3318694   0357      303.11
3318719   0357      228.00
3319659   0357      215.53
3320986   0357      229.53
3322128   0357      238.80
3322284   0357      222.33
3322381   0357      225.50
3324084   0357      362.70
3324110   0357      391.96
3324403   0357      252.57
3329806   0357      207.82
3353242   0357      325.17
3457632   0357      285.00
3528540   0357      310.63
3533360   0357      323.65
3535445   0357      225.91
3535676   0357      226.56
3535838   0357      211.29
3538837   0357      310.90
3539352   0357      217.18
3541739   0357      251.91
3541975   0357      176.96
3542004   0357      187.88
3542015   0357      202.84
3554092   0357      236.89
3593839   0357      242.43
3598528   0357      224.06
3710064   0357      317.73
3759377   0357      204.40
3784066   0357      271.31
3784441   0357      319.38
3785251   0357      252.78
3792247   0357      243.72
3830110   0357      195.50
3855157   0357      176.95
3855577   0357      229.53
3856978   0357      210.30
3857004   0357      244.05
3857220   0357      253.68
3857667   0357      207.42
3857878   0357      214.14
3858323   0357      507.28
3858856   0357      187.88
3859230   0357      449.70
3864991   0357      281.08
3875055   0357      180.52
3877925   0357      375.76
3878006   0357      173.32
3963688   0357      306.64
3964093   0357      353.05
3964337   0357      184.95
3965704   0357      238.35
3969513   0357      289.17
4001934   0357      333.89
4064149   0357      278.67
4065177   0357      215.53
4065584   0357      180.52
4065648   0357      375.14
4066245   0357      217.02
4067118   0357      288.67
4067735   0357      304.82
4067795   0357      218.94
4068788   0357      287.48
4071074   0357      338.83
4071241   0357      295.55
4107436   0357      173.32
4191539   0357      262.86
4193094   0357      656.75
4194671   0357      308.94
4195654   0357      212.46
4199927   0357      182.18
4200911   0357      223.67
4238916   0357      186.66
430240    0357      209.00
4317775   0357      338.56
4373204   0357      347.35
4373479   0357      287.48
4375498   0357      221.97
4375998   0357      211.81
4376813   0357      282.54
4377201   0357      208.60
437803    0357      229.53
4378140   0357      284.63
4378236   0357      209.57
4378283   0357      252.78
4378759   0357      187.88
4379154   0357      197.66
4381341   0357      235.82
4381614   0357      159.99
4382400   0357      394.52
4383023   0357      187.88
4383200   0357      197.04
4385047   0357      202.03
4386936   0357      195.55
4387777   0357      433.30
439023    0357      211.89
4409485   0357      187.88
4409788   0357      219.64
4409789   0357      319.98
4414417   0357      325.99
4414541   0357      241.15
4414909   0357      207.86
4415675   0357      226.55
443869    0357      229.53
4609506   0357      307.81
4610129   0357      218.24
4720170   0357      239.99
4720923   0357      180.52
4721016   0357      159.99
4721639   0357      209.00
4722680   0357      212.72
4722814   0357      184.00
4723168   0357      226.60
4723276   0357      297.18
4723403   0357      212.07
4724433   0357      202.41
4725919   0357      375.76
4727740   0357      173.32
4728331   0357      223.56
4729448   0357      183.39
4729575   0357      246.28
4730168   0357      187.88
4730490   0357      235.06
4730823   0357      366.21
4731322   0357      327.29
4731494   0357      271.02
4732090   0357      295.12
4732618   0357      166.52
4734527   0357      166.52
4734940   0357      159.99
4735505   0357      209.00
4738424   0357      229.53
4739546   0357      293.28
4739796   0357      187.88
4754833   0357      283.71
4803744   0357      187.88
4805842   0357      180.52
4827213   0357      290.79
4853128   0357      235.78
4882144   0357      198.80
5017295   0357      173.32
5022967   0357      208.13
5237805   0357      180.52
5238236   0357      204.40
5239261   0357      280.02
5240821   0357      255.15
5242545   0357      239.38
5244302   0357      318.37
5244483   0357      173.32
5244484   0357      271.02
5244765   0357      277.85
5245261   0357      187.88
5248926   0357      330.73
5248954   0357      269.63
5249259   0357      180.52
5249817   0357      187.88
5250965   0357      227.43
5251153   0357      355.62
5251214   0357      283.05
5252606   0357      375.76
5253930   0357      187.60
5254613   0357      378.20
5254952   0357      228.67
5255567   0357      180.52
5255641   0357      187.88
5257069   0357      301.58
5257175   0357      216.60
5257421   0357      195.55
5257727   0357      451.29
5257774   0357      180.52
5259121   0357      196.32
5259785   0357      245.41
5261116   0357      166.52
5261139   0357      320.37
5261250   0357      260.98
5261418   0357      295.04
5261643   0357      159.99
5263470   0357      242.50
5344986   0357      159.99
5435450   0357      166.52
5436619   0357      187.88
5436795   0357      200.23
5438690   0357      273.96
5439480   0357      180.52
5439865   0357      488.88
5458236   0357      166.52
5461455   0357      216.64
5605414   0357      641.02
5658043   0357      180.52
5688352   0357      180.52
5765952   0357      180.52
5779173   0357      180.52
5915261   0357      229.53
5921128   0357      180.52
5921800   0357      159.99
5923624   0357      187.88
5925143   0357      187.88
5925949   0357      177.00
5929492   0357      180.52
5935536   0357      469.70
5938630   0357      180.52
5938995   0357      180.52
6044716   0357      270.77
6125595   0357      399.98
6127630   0357      332.83
6238388   0357      203.56
6394853   0357      235.31
64800     0357      244.56
6537141   0357      223.72
6573443   0357      382.35
6573855   0357      195.55
6573893   0357      166.52
6575243   0357      173.32
6575301   0357      180.52
6584406   0357      608.39
6602322   0357      159.99
6634354   0357      180.52
6689708   0357      180.52
6690236   0357      180.52
6701343   0357      180.52
6701344   0357      180.52
6701453   0357      180.52
673822    0357      215.53
6841910   0357      159.99
7076647   0357      180.52
7211860   0357      187.88
7240399   0357      180.52
7300376   0357      273.96
7301470   0357      209.13
7305494   0357      216.22
7305781   0357      238.35
7308623   0357      351.72
7309317   0357      159.99
7309375   0357      173.32
7310425   0357      195.55
7310959   0357      252.78
7311233   0357      305.22
7311255   0357      311.82
7312149   0357      323.81
7313189   0357      227.25
7314050   0357      159.99
7314987   0357      195.55
7315048   0357      187.88
7315058   0357      451.29
7315331   0357      180.52
7316059   0357      195.55
7316139   0357      187.88
7316607   0357      355.41
7316959   0357      519.84
7317744   0357      418.01
7318041   0357      274.11
7319649   0357      375.76
7321787   0357      173.32
7322304   0357      173.32
7322780   0357      166.52
7322794   0357      412.76
7324725   0357      225.50
7325664   0357      285.02
7325721   0357      214.27
7325722   0357      421.86
7325778   0357      178.24
7328421   0357      159.99
7330948   0357      180.52
7331943   0357      173.32
7332202   0357      159.99
7332734   0357      324.91
7333145   0357      187.88
7333526   0357      319.98
7335642   0357      180.52
7337422   0357      264.41
7337778   0357      159.99
7338055   0357      195.55
7340200   0357      222.33
7340742   0357      238.80
7340989   0357      286.89
7342107   0357      173.32
7342680   0357      229.53
7343605   0357      159.99
7344290   0357      173.32
7344465   0357      346.64
7347856   0357      253.64
7348137   0357      159.99
7348986   0357      180.52
7349428   0357      508.90
7349843   0357      159.99
7350162   0357      295.46
7350273   0357      173.32
7351297   0357      239.05
7352317   0357      173.32
7353364   0357      319.98
7353377   0357      180.52
7354064   0357      159.99
7354848   0357      178.24
7355928   0357      246.16
7359478   0357      187.88
7360346   0357      166.52
7360517   0357      180.52
7363171   0357      258.15
7363652   0357      180.52
7365166   0357      180.52
7365545   0357      173.32
7367276   0357      159.99
7368710   0357      319.98
7369018   0357      180.52
7371154   0357      180.52
7372156   0357      159.99
7372973   0357      281.52
7373089   0357      166.52
7373215   0357      195.55
7374243   0357      166.52
7374616   0357      263.88
7377030   0357      166.52
7377579   0357      180.52
7379256   0357      346.64
7380616   0357      159.99
7381553   0357      180.52
7382148   0357      315.69
7382532   0357      159.99
7384964   0357      180.52
7387544   0357      361.03
7388038   0357      159.99
7388080   0357      180.52
7388125   0357      187.88
7388199   0357      249.77
7389581   0357      180.52
7391472   0357      173.32
7392153   0357      469.70
7393061   0357      173.32
7393144   0357      319.98
7395742   0357      176.97
7396051   0357      270.77
7398038   0357      225.16
7400031   0357      180.52
7401094   0357      180.52
7401380   0357      180.52
7401853   0357      159.99
7403123   0357      159.99
7403188   0357      173.32
7403563   0357      173.32
7406353   0357      180.52
7408531   0357      180.52
7409730   0357      173.32
7410177   0357      203.56
7412535   0357      187.88
7412738   0357      166.52
7415285   0357      203.56
7415448   0357      180.52
7416870   0357      159.99
7417289   0357      319.98
7417791   0357      361.03
7418898   0357      159.99
7418939   0357      159.99
7419340   0357      173.32
7419740   0357      159.99
7419800   0357      180.52
7419866   0357      433.30
7420316   0357      180.52
7420429   0357      187.88
7423108   0357      187.88
7423415   0357      180.52
7423444   0357      180.52
7425063   0357      159.99
7425430   0357      180.52
7425900   0357      173.32
7426046   0357      180.52
7427359   0357      159.99
7427520   0357      180.52
7429274   0357      180.52
7432253   0357      187.88
7434591   0357      451.29
7435158   0357      399.98
7436077   0357      346.64
7436996   0357      180.52
7437806   0357      159.99
7437808   0357      159.99
7438450   0357      180.52
7439597   0357      391.10
7439617   0357      180.52
7439629   0357      180.52
7440809   0357      188.05
7442445   0357      180.52
7444497   0357      239.99
7444651   0357      187.88
7444842   0357      180.52
7444889   0357      391.10
7445661   0357      166.52
7446382   0357      187.88
7446644   0357      180.52
7447067   0357      451.29
7447334   0357      195.55
7447992   0357      159.99
7449457   0357      166.52
7455429   0357      331.92
7455588   0357      180.52
7461704   0357      180.52
7465820   0357      451.29
7465910   0357      180.52
7466779   0357      362.20
7466870   0357      348.68
7502836   0357      283.08
7548386   0357      246.01
7548420   0357      173.32
770342    0357      229.53
7917981   0357      180.52
7981510   0357      187.88
7982728   0357      159.99
7982865   0357      187.88
7983170   0357      159.99
7984159   0357      180.52
7985605   0357      175.01
7988969   0357      379.20
8054279   0357      166.52
8064487   0357      503.63
8068577   0357      289.79
8069571   0357      180.52
8140450   0357      201.78
8594315   0357      180.52
8718789   0357      361.03
8734286   0357      187.88
9066082   0357      245.41
9100619   0357      379.20
9211039   0357      173.32
9261804   0357      187.88
9317884   0357      375.76
9433060   0357      180.52
9540404   0357      187.88
9540845   0357      293.33
9542018   0357      187.88
9542237   0357      173.32
9543174   0357      180.52
9543530   0357      311.32
9544179   0357      180.52
9544345   0357      166.52
9544429   0357      187.88
9544827   0357      187.88
9545198   0357      235.06
9545952   0357      310.56
9546474   0357      180.52
9547148   0357      173.32
9551389   0357      180.52
9552709   0357      251.36
9553039   0357      180.52
9553047   0357      173.32
9553149   0357      159.99
9553310   0357      319.98
9555077   0357      269.22
9555609   0357      159.99
9555641   0357      180.52
9557148   0357      391.10
9557803   0357      166.52
9557875   0357      159.99
9557894   0357      340.49
9558628   0357      166.52
9560453   0357      159.99
9570736   0357      333.42
9572755   0357      180.52
9577605   0357      348.68
9601343   0357      451.29
9603154   0357      166.52
9603683   0357      180.52
9603870   0357      176.96
9604166   0357      173.32
9604592   0357      305.34
9607091   0357      244.05
9608547   0357      180.52
9609337   0357      159.99
9609338   0357      361.03
9612117   0357      389.99
9612530   0357      451.29
9612692   0357      180.52
9614364   0357      346.64
9615563   0357      180.52
9615964   0357      180.52
9617493   0357      346.64
9620242   0357      375.76
9620248   0357      391.10
9620376   0357      180.52
9620599   0357      187.88
9620701   0357      173.32
9620720   0357      173.32
9621777   0357      159.99
9622347   0357      180.52
9624370   0357      203.56
9624596   0357      159.99
9625361   0357      180.52
9625933   0357      361.03
9626082   0357      180.52
9626215   0357      173.32
9627150   0357      469.70
9627523   0357      361.03
9627724   0357      159.99
9629963   0357      187.88
9631462   0357      187.88
9634554   0357      180.52
9634674   0357      180.52
9636806   0357      159.99
9638320   0357      180.52
9639201   0357      173.32
9845319   0357      166.52
9846320   0357      187.88
9847068   0357      173.32
9847350   0357      180.52
9848693   0357      173.32
9850403   0357      180.52
9851111   0357      180.52
9851993   0357      180.52
10107724  3357      203.56
10120357  3357      180.52
10121866  3357      187.88
10125466  3357      159.99
10126656  3357      180.52
10141786  3357      187.88
10312414  3357      173.32
10373550  3357      180.52
10639752  3357      159.99
10726693  3357      180.52
10760806  3357      159.99
10764554  3357      187.88
10770124  3357      180.52
10772668  3357      159.99
10774121  3357      187.88
10775520  3357      173.32
10776516  3357      203.56
10776915  3357      159.99
10777482  3357      159.99
10777645  3357      180.52
10778464  3357      159.99
10779723  3357      180.52
10784623  3357      180.52
10820078  3357      187.88
10840266  3357      180.52
10841061  3357      166.52
10841823  3357      203.56
10842205  3357      180.52
10843324  3357      180.52
10844575  3357      203.56
10844947  3357      180.52
10845717  3357      159.99
10845943  3357      203.56
10846474  3357      180.52
10846532  3357      187.88
10846629  3357      180.52
10846940  3357      180.52
10846985  3357      180.52
10847648  3357      159.99
10848158  3357      195.55
10849906  3357      180.52
10849907  3357      187.88
10860593  3357      180.52
10903693  3357      159.99
10959957  3357      180.52
10960021  3357      180.52
10963442  3357      187.88
10963957  3357      187.88
10964062  3357      180.52
1108218   3357      222.33
1112379   3357      229.53
1115136   3357      354.57
11163187  3357      159.99
11177533  3357      159.99
11260715  3357      180.52
11261772  3357      203.56
11262378  3357      180.52
11263756  3357      159.99
11264465  3357      180.52
11264550  3357      173.32
11265496  3357      180.52
11265527  3357      187.88
11266390  3357      180.52
11267811  3357      173.32
11267932  3357      159.99
11268437  3357      203.56
11269196  3357      195.55
1129535   3357      238.23
11414487  3357      187.88
11425214  3357      180.52
11425449  3357      180.52
11426462  3357      173.32
11428034  3357      173.32
11428889  3357      180.52
11429539  3357      180.52
11429792  3357      159.99
11429991  3357      180.52
11430700  3357      180.52
11433167  3357      180.52
11433865  3357      180.52
11434350  3357      180.52
11546168  3357      173.32
11580362  3357      187.88
11584952  3357      180.52
11586448  3357      180.52
11589730  3357      180.52
11594236  3357      203.56
11594524  3357      159.99
11596252  3357      180.52
11597667  3357      180.52
11598121  3357      166.52
11598207  3357      159.99
11598956  3357      166.52
11633896  3357      166.52
11645810  3357      180.52
11651035  3357      180.52
11651090  3357      180.52
11652405  3357      180.52
11653864  3357      180.52
11694358  3357      159.99
11694758  3357      180.52
11695394  3357      159.99
11749469  3357      180.52
11783201  3357      187.88
11783366  3357      203.56
11784637  3357      159.99
11786325  3357      203.56
11786432  3357      166.52
11787653  3357      180.52
11787807  3357      180.52
11788587  3357      187.88
11788630  3357      187.88
11790273  3357      180.52
11790818  3357      180.52
11791177  3357      180.52
11792506  3357      159.99
11792846  3357      180.52
118087    3357      131.92
11878930  3357      180.52
11879419  3357      187.88
11879750  3357      187.88
11881224  3357      203.56
11881668  3357      159.99
11881669  3357      159.99
11882080  3357      173.32
11882720  3357      203.56
11883300  3357      180.52
11949766  3357      203.56
12011761  3357      203.56
12018571  3357      173.32
12018729  3357      159.99
12018852  3357      180.52
12019816  3357      173.32
12020535  3357      195.55
12021559  3357      187.88
12021966  3357      180.52
12022428  3357      187.88
12023306  3357      195.55
12023981  3357      180.52
12024178  3357      180.52
12024179  3357      180.52
12025294  3357      180.52
12025488  3357      159.99
12025491  3357      159.99
12026565  3357      180.52
12027093  3357      180.52
12027260  3357      180.52
12027527  3357      159.99
12027928  3357      159.99
12027973  3357      187.88
12080554  3357      180.52
1218058   3357      243.72
12241212  3357      159.99
12242270  3357      180.52
12243077  3357      159.99
12244707  3357      159.99
12247738  3357      180.52
12248400  3357      159.99
12248755  3357      187.88
12248784  3357      166.52
12248960  3357      180.52
12249178  3357      203.56
12279667  3357      180.52
12314254  3357      195.55
1232375   3357      174.89
12369466  3357      180.52
12370670  3357      195.55
1239070   3357      222.33
12434895  3357      166.52
12435304  3357      180.52
12435757  3357      159.99
12435759  3357      180.52
12527456  3357      173.32
12534356  3357      180.52
12536172  3357      180.52
12536549  3357      195.55
1254062   3357      215.53
1257983   3357      236.89
1258658   3357      229.53
1259324   3357      215.53
1261562   3357      215.53
1262953   3357      332.37
1263302   3357      209.00
1263303   3357      229.53
1263991   3357      180.53
1265436   3357      229.53
1266723   3357      177.00
12691465  3357      180.52
1269356   3357      236.89
12698409  3357      159.99
12698965  3357      159.99
12700553  3357      173.32
12701276  3357      180.52
12701301  3357      159.99
12702273  3357      173.32
12704473  3357      166.52
12704482  3357      187.88
12704649  3357      180.52
12704927  3357      180.52
12705860  3357      180.52
12706171  3357      180.52
12706774  3357      187.88
12707136  3357      180.52
1272390   3357      215.53
1273369   3357      240.63
1277938   3357      215.53
1278407   3357      229.53
12848719  3357      180.52
12849330  3357      195.55
12851330  3357      180.52
12852888  3357      180.52
12858616  3357      180.52
12878256  3357      180.52
12884972  3357      180.52
12934142  3357      173.32
12934525  3357      159.99
12935305  3357      180.52
12935606  3357      180.52
13032012  3357      159.99
13032033  3357      180.52
13034237  3357      180.52
13035222  3357      203.56
13084886  3357      173.32
13180551  3357      180.52
1318484   3357      222.33
13187744  3357      180.52
13187816  3357      180.52
13188137  3357      166.52
13188604  3357      166.52
13264411  3357      180.52
13265462  3357      159.99
13265946  3357      180.52
13266369  3357      180.52
13268000  3357      159.99
13268185  3357      159.99
13268457  3357      173.32
13268537  3357      180.52
13343258  3357      159.99
13346269  3357      159.99
13408041  3357      166.52
13510172  3357      166.52
13510180  3357      159.99
13527636  3357      187.88
13566631  3357      203.56
13643981  3357      159.99
13643982  3357      159.99
13644051  3357      180.52
13644555  3357      159.99
13644665  3357      180.52
13644680  3357      187.88
13652653  3357      159.99
13674854  3357      187.88
13678214  3357      180.52
13678857  3357      159.99
13679940  3357      180.52
13724134  3357      180.52
13774187  3357      159.99
13774684  3357      180.52
13775452  3357      159.99
13775808  3357      159.99
13777181  3357      159.99
13785046  3357      159.99
13785661  3357      180.52
13785997  3357      173.32
13786181  3357      180.52
13787208  3357      180.52
13787741  3357      159.99
13842354  3357      180.52
13843775  3357      180.52
13856268  3357      180.52
13867427  3357      180.52
13868652  3357      180.52
13880177  3357      159.99
13880981  3357      180.52
13905892  3357      159.99
13986119  3357      180.52
13990906  3357      187.88
14003086  3357      173.32
14030527  3357      159.99
14031045  3357      180.52
14031497  3357      180.52
1404429   3357      270.77
14093727  3357      180.52
14094806  3357      187.88
14143188  3357      173.32
14159223  3357      159.99
14176129  3357      180.52
14176671  3357      180.52
14270811  3357      159.99
14293118  3357      180.52
1431183   3357      229.53
14335445  3357      173.32
14335539  3357      180.52
14372299  3357      187.88
14372818  3357      267.18
14376347  3357      180.52
14398946  3357      180.52
14399267  3357      166.52
14405196  3357      180.52
14405401  3357      180.52
14513487  3357      159.99
14590375  3357      166.52
14607589  3357      166.52
14648947  3357      180.52
14649126  3357      159.99
14810540  3357      180.52
14825867  3357      180.52
14877620  3357      180.52
14877805  3357      187.88
14877859  3357      195.55
14879704  3357      159.99
14880827  3357      187.88
15170350  3357      166.52
15177340  3357      187.88
15177867  3357      159.99
15306151  3357      173.32
15306996  3357      173.32
15352095  3357      180.52
15444811  3357      187.88
15448608  3357      180.52
15597541  3357      159.99
15598043  3357      159.99
15598319  3357      180.52
15598510  3357      180.52
15598933  3357      159.99
15599928  3357      166.52
15668151  3357      180.52
15668851  3357      166.52
15690244  3357      159.99
15729233  3357      180.52
15729536  3357      166.52
15778630  3357      180.52
15827139  3357      187.88
15959808  3357      159.99
16001576  3357      159.99
16137706  3357      173.32
16138119  3357      180.52
1631390   3357      314.73
16324090  3357      180.52
16594051  3357      166.52
16641426  3357      173.32
16736267  3357      180.52
16770549  3357      180.52
16788972  3357      180.52
16796439  3357      159.99
17011869  3357      180.52
17012587  3357      180.52
17019549  3357      180.52
17033230  3357      159.99
17033256  3357      159.99
17104175  3357      180.52
17306742  3357      159.99
1737075   3357      222.33
17379215  3357      166.52
17380736  3357      159.99
17504786  3357      166.52
17572385  3357      180.52
17574055  3357      166.52
17626132  3357      166.52
1763812   3357      332.37
1764349   3357      209.00
1765295   3357      132.48
1769938   3357      225.22
17727473  3357      166.52
17859806  3357      159.99
17965237  3357      180.52
18058393  3357      159.99
18059918  3357      180.52
18263579  3357      180.52
18263756  3357      180.52
1834693   3357      177.00
18471327  3357      180.52
18618969  3357      159.99
18656459  3357      180.52
18785684  3357      159.99
18950730  3357      159.99
1906129   3357      229.53
19166206  3357      159.99
19262723  3357      180.52
1926999   3357      236.89
19324610  3357      180.52
19827450  3357      159.99
19850185  3357      159.99
19886649  3357      180.52
19973112  3357      180.52
20187870  3357      166.52
20189202  3357      195.55
20235584  3357      166.52
2030572   3357      222.33
2033664   3357      252.57
20348834  3357      159.99
20351464  3357      180.52
21140944  3357      159.99
2130876   3357      209.00
2157417   3357      252.57
2186056   3357      222.33
2189077   3357      165.58
2196831   3357      215.53
2198274   3357      247.99
2198799   3357      222.33
2199826   3357      215.53
22326349  3357      166.52
2272067   3357      209.00
23156662  3357      257.68
2376223   3357      253.91
2380275   3357      236.89
2384661   3357      229.53
2529886   3357      229.53
2532585   3357      209.00
2533320   3357      246.16
2533977   3357      218.40
2534786   3357      193.42
2535843   3357      236.89
2536373   3357      236.89
2536795   3357      240.86
2538821   3357      233.43
2539607   3357      236.89
2539943   3357      209.00
2541142   3357      229.53
2541439   3357      355.41
2541709   3357      231.12
2543654   3357      229.53
2543932   3357      215.53
2592064   3357      236.88
2592966   3357      264.10
2593377   3357      242.58
2593686   3357      222.33
2596405   3357      261.00
2597854   3357      216.60
2598033   3357      202.41
2598872   3357      218.24
2601437   3357      230.87
2603046   3357      207.82
2605117   3357      251.47
2605164   3357      218.96
2605539   3357      163.96
2605823   3357      176.95
2607322   3357      307.92
2608233   3357      301.57
2608304   3357      227.25
2608554   3357      216.60
2684589   3357      229.53
2741170   3357      243.83
2854705   3357      222.33
2870837   3357      214.00
2910376   3357      209.00
2910432   3357      225.22
2911765   3357      222.33
2912407   3357      209.00
2912692   3357      252.57
2913757   3357      225.12
2913809   3357      209.00
2914272   3357      231.98
2915293   3357      209.00
2915714   3357      229.53
2915780   3357      209.60
2916102   3357      193.42
2916362   3357      213.28
2916467   3357      215.53
2916786   3357      222.33
2918280   3357      229.53
2992913   3357      209.00
3035349   3357      229.53
3039370   3357      237.59
3080057   3357      252.57
3080311   3357      229.53
3080984   3357      180.52
3081351   3357      240.63
3082505   3357      333.86
3083006   3357      229.53
3083065   3357      209.00
3083457   3357      190.52
3083843   3357      215.53
3084868   3357      228.00
3084978   3357      237.65
3085009   3357      244.05
3085276   3357      244.56
3090485   3357      305.85
3156003   3357      311.84
3234299   3357      244.56
3245420   3357      229.53
3314884   3357      193.35
3315121   3357      209.00
3315781   3357      209.00
3317339   3357      306.84
3317520   3357      246.58
3318589   3357      339.74
3318694   3357      303.11
3318719   3357      228.00
3319659   3357      215.53
3320986   3357      229.53
3322128   3357      238.80
3322284   3357      222.33
3322381   3357      225.50
3324084   3357      362.70
3324110   3357      391.96
3324403   3357      252.57
3329806   3357      207.82
3353242   3357      325.17
3457632   3357      285.00
3528540   3357      310.63
3533360   3357      323.65
3535445   3357      225.91
3535676   3357      226.56
3535838   3357      211.29
3538837   3357      310.90
3539352   3357      217.18
3541739   3357      251.91
3541975   3357      176.96
3542004   3357      187.88
3542015   3357      202.84
3554092   3357      236.89
3593839   3357      242.43
3598528   3357      224.06
3710064   3357      317.73
3759377   3357      204.40
3784066   3357      271.31
3784441   3357      319.38
3785251   3357      252.78
3792247   3357      243.72
3830110   3357      195.50
3855157   3357      176.95
3855577   3357      229.53
3856978   3357      210.30
3857004   3357      244.05
3857220   3357      253.68
3857667   3357      207.42
3857878   3357      214.14
3858323   3357      253.64
3858856   3357      187.88
3859230   3357      299.80
3864991   3357      281.08
3875055   3357      180.52
3877925   3357      187.88
3878006   3357      173.32
3963688   3357      306.64
3964093   3357      353.05
3964337   3357      184.95
3965704   3357      238.35
3969513   3357      289.17
4001934   3357      333.89
4064149   3357      278.67
4065177   3357      215.53
4065584   3357      180.52
4065648   3357      375.14
4066245   3357      217.02
4067118   3357      288.67
4067735   3357      304.82
4067795   3357      218.94
4068788   3357      287.48
4071074   3357      338.83
4071241   3357      295.55
4107436   3357      173.32
4191539   3357      262.86
4193094   3357      262.70
4194671   3357      308.94
4195654   3357      212.46
4199927   3357      182.18
4200911   3357      223.67
4238916   3357      186.66
430240    3357      209.00
4317775   3357      338.56
4373204   3357      347.35
4373479   3357      287.48
4375498   3357      221.97
4375998   3357      211.81
4376813   3357      282.54
4377201   3357      208.60
437803    3357      229.53
4378140   3357      284.63
4378236   3357      209.57
4378283   3357      252.78
4378759   3357      187.88
4379154   3357      197.66
4381341   3357      235.82
4381614   3357      159.99
4382400   3357      263.01
4383023   3357      187.88
4383200   3357      197.04
4385047   3357      202.03
4386936   3357      195.55
4387777   3357      173.32
439023    3357      211.89
4409485   3357      187.88
4409788   3357      219.64
4409789   3357      159.99
4414417   3357      325.99
4414541   3357      241.15
4414909   3357      207.86
4415675   3357      226.55
443869    3357      229.53
4609506   3357      307.81
4610129   3357      218.24
4720170   3357      159.99
4720923   3357      180.52
4721016   3357      159.99
4721639   3357      209.00
4722680   3357      212.72
4722814   3357      184.00
4723168   3357      226.60
4723276   3357      297.18
4723403   3357      212.07
4724433   3357      202.41
4725919   3357      187.88
4727740   3357      173.32
4728331   3357      223.56
4729448   3357      183.39
4729575   3357      246.28
4730168   3357      187.88
4730490   3357      235.06
4730823   3357      366.21
4731322   3357      327.29
4731494   3357      271.02
4732090   3357      295.12
4732618   3357      166.52
4734527   3357      166.52
4734940   3357      159.99
4735505   3357      209.00
4738424   3357      229.53
4739546   3357      293.28
4739796   3357      187.88
4754833   3357      283.71
4803744   3357      187.88
4805842   3357      180.52
4827213   3357      290.79
4853128   3357      235.78
4882144   3357      198.80
5017295   3357      173.32
5022967   3357      208.13
5237805   3357      180.52
5238236   3357      204.40
5239261   3357      280.02
5240821   3357      255.15
5242545   3357      239.38
5244302   3357      318.37
5244483   3357      173.32
5244484   3357      271.02
5244765   3357      277.85
5245261   3357      187.88
5248926   3357      330.73
5248954   3357      269.63
5249259   3357      180.52
5249817   3357      187.88
5250965   3357      227.43
5251153   3357      355.62
5251214   3357      283.05
5252606   3357      187.88
5253930   3357      187.60
5254613   3357      378.20
5254952   3357      228.67
5255567   3357      180.52
5255641   3357      187.88
5257069   3357      301.58
5257175   3357      216.60
5257421   3357      195.55
5257727   3357      180.52
5257774   3357      180.52
5259121   3357      196.32
5259785   3357      245.41
5261116   3357      166.52
5261139   3357      320.37
5261250   3357      260.98
5261418   3357      295.04
5261643   3357      159.99
5263470   3357      242.50
5344986   3357      159.99
5435450   3357      166.52
5436619   3357      187.88
5436795   3357      200.23
5438690   3357      273.96
5439480   3357      180.52
5439865   3357      195.55
5458236   3357      166.52
5461455   3357      216.64
5605414   3357      320.51
5658043   3357      180.52
5688352   3357      180.52
5765952   3357      180.52
5779173   3357      180.52
5915261   3357      229.53
5921128   3357      180.52
5921800   3357      159.99
5923624   3357      187.88
5925143   3357      187.88
5925949   3357      177.00
5929492   3357      180.52
5935536   3357      187.88
5938630   3357      180.52
5938995   3357      180.52
6044716   3357      180.52
6125595   3357      159.99
6127630   3357      332.83
6238388   3357      203.56
6394853   3357      235.31
64800     3357      244.56
6537141   3357      223.72
6573443   3357      382.35
6573855   3357      195.55
6573893   3357      166.52
6575243   3357      173.32
6575301   3357      180.52
6584406   3357      243.36
6602322   3357      159.99
6634354   3357      180.52
6689708   3357      180.52
6690236   3357      180.52
6701343   3357      180.52
6701344   3357      180.52
6701453   3357      180.52
673822    3357      215.53
6841910   3357      159.99
7076647   3357      180.52
7211860   3357      187.88
7240399   3357      180.52
7300376   3357      273.96
7301470   3357      209.13
7305494   3357      216.22
7305781   3357      238.35
7308623   3357      351.72
7309317   3357      159.99
7309375   3357      173.32
7310425   3357      195.55
7310959   3357      252.78
7311233   3357      305.22
7311255   3357      311.82
7312149   3357      323.81
7313189   3357      227.25
7314050   3357      159.99
7314987   3357      195.55
7315048   3357      187.88
7315058   3357      180.52
7315331   3357      180.52
7316059   3357      195.55
7316139   3357      187.88
7316607   3357      355.41
7316959   3357      259.92
7317744   3357      209.00
7318041   3357      274.11
7319649   3357      187.88
7321787   3357      173.32
7322304   3357      173.32
7322780   3357      166.52
7322794   3357      412.76
7324725   3357      225.50
7325664   3357      285.02
7325721   3357      214.27
7325722   3357      421.86
7325778   3357      178.24
7328421   3357      159.99
7330948   3357      180.52
7331943   3357      173.32
7332202   3357      159.99
7332734   3357      216.60
7333145   3357      187.88
7333526   3357      159.99
7335642   3357      180.52
7337422   3357      264.41
7337778   3357      159.99
7338055   3357      195.55
7340200   3357      222.33
7340742   3357      238.80
7340989   3357      286.89
7342107   3357      173.32
7342680   3357      229.53
7343605   3357      159.99
7344290   3357      173.32
7344465   3357      173.32
7347856   3357      253.64
7348137   3357      159.99
7348986   3357      180.52
7349428   3357      203.56
7349843   3357      159.99
7350162   3357      295.46
7350273   3357      173.32
7351297   3357      239.05
7352317   3357      173.32
7353364   3357      159.99
7353377   3357      180.52
7354064   3357      159.99
7354848   3357      178.24
7355928   3357      246.16
7359478   3357      187.88
7360346   3357      166.52
7360517   3357      180.52
7363171   3357      258.15
7363652   3357      180.52
7365166   3357      180.52
7365545   3357      173.32
7367276   3357      159.99
7368710   3357      159.99
7369018   3357      180.52
7371154   3357      180.52
7372156   3357      159.99
7372973   3357      281.52
7373089   3357      166.52
7373215   3357      195.55
7374243   3357      166.52
7374616   3357      263.88
7377030   3357      166.52
7377579   3357      180.52
7379256   3357      173.32
7380616   3357      159.99
7381553   3357      180.52
7382148   3357      315.69
7382532   3357      159.99
7384964   3357      180.52
7387544   3357      180.52
7388038   3357      159.99
7388080   3357      180.52
7388125   3357      187.88
7388199   3357      166.52
7389581   3357      180.52
7391472   3357      173.32
7392153   3357      187.88
7393061   3357      173.32
7393144   3357      159.99
7395742   3357      176.97
7396051   3357      180.52
7398038   3357      225.16
7400031   3357      180.52
7401094   3357      180.52
7401380   3357      180.52
7401853   3357      159.99
7403123   3357      159.99
7403188   3357      173.32
7403563   3357      173.32
7406353   3357      180.52
7408531   3357      180.52
7409730   3357      173.32
7410177   3357      203.56
7412535   3357      187.88
7412738   3357      166.52
7415285   3357      203.56
7415448   3357      180.52
7416870   3357      159.99
7417289   3357      159.99
7417791   3357      180.52
7418898   3357      159.99
7418939   3357      159.99
7419340   3357      173.32
7419740   3357      159.99
7419800   3357      180.52
7419866   3357      173.32
7420316   3357      180.52
7420429   3357      187.88
7423108   3357      187.88
7423415   3357      180.52
7423444   3357      180.52
7425063   3357      159.99
7425430   3357      180.52
7425900   3357      173.32
7426046   3357      180.52
7427359   3357      159.99
7427520   3357      180.52
7429274   3357      180.52
7432253   3357      187.88
7434591   3357      180.52
7435158   3357      159.99
7436077   3357      173.32
7436996   3357      180.52
7437806   3357      159.99
7437808   3357      159.99
7438450   3357      180.52
7439597   3357      195.55
7439617   3357      180.52
7439629   3357      180.52
7440809   3357      188.05
7442445   3357      180.52
7444497   3357      159.99
7444651   3357      187.88
7444842   3357      180.52
7444889   3357      195.55
7445661   3357      166.52
7446382   3357      187.88
7446644   3357      180.52
7447067   3357      180.52
7447334   3357      195.55
7447992   3357      159.99
7449457   3357      166.52
7455429   3357      331.92
7455588   3357      180.52
7461704   3357      180.52
7465820   3357      180.52
7465910   3357      180.52
7466779   3357      362.20
7466870   3357      348.68
7502836   3357      283.08
7548386   3357      246.01
7548420   3357      173.32
770342    3357      229.53
7917981   3357      180.52
7981510   3357      187.88
7982728   3357      159.99
7982865   3357      187.88
7983170   3357      159.99
7984159   3357      180.52
7985605   3357      175.01
7988969   3357      379.20
8054279   3357      166.52
8064487   3357      251.81
8068577   3357      289.79
8069571   3357      180.52
8140450   3357      201.78
8594315   3357      180.52
8718789   3357      180.52
8734286   3357      187.88
9066082   3357      245.41
9100619   3357      379.20
9211039   3357      173.32
9261804   3357      187.88
9317884   3357      187.88
9433060   3357      180.52
9540404   3357      187.88
9540845   3357      195.55
9542018   3357      187.88
9542237   3357      173.32
9543174   3357      180.52
9543530   3357      311.32
9544179   3357      180.52
9544345   3357      166.52
9544429   3357      187.88
9544827   3357      187.88
9545198   3357      235.06
9545952   3357      310.56
9546474   3357      180.52
9547148   3357      173.32
9551389   3357      180.52
9552709   3357      251.36
9553039   3357      180.52
9553047   3357      173.32
9553149   3357      159.99
9553310   3357      159.99
9555077   3357      269.22
9555609   3357      159.99
9555641   3357      180.52
9557148   3357      195.55
9557803   3357      166.52
9557875   3357      159.99
9557894   3357      340.49
9558628   3357      166.52
9560453   3357      159.99
9570736   3357      333.42
9572755   3357      180.52
9577605   3357      348.68
9601343   3357      180.52
9603154   3357      166.52
9603683   3357      180.52
9603870   3357      176.96
9604166   3357      173.32
9604592   3357      203.56
9607091   3357      244.05
9608547   3357      180.52
9609337   3357      159.99
9609338   3357      180.52
9612117   3357      389.99
9612530   3357      180.52
9612692   3357      180.52
9614364   3357      173.32
9615563   3357      180.52
9615964   3357      180.52
9617493   3357      173.32
9620242   3357      187.88
9620248   3357      195.55
9620376   3357      180.52
9620599   3357      187.88
9620701   3357      173.32
9620720   3357      173.32
9621777   3357      159.99
9622347   3357      180.52
9624370   3357      203.56
9624596   3357      159.99
9625361   3357      180.52
9625933   3357      180.52
9626082   3357      180.52
9626215   3357      173.32
9627150   3357      187.88
9627523   3357      180.52
9627724   3357      159.99
9629963   3357      187.88
9631462   3357      187.88
9634554   3357      180.52
9634674   3357      180.52
9636806   3357      159.99
9638320   3357      180.52
9639201   3357      173.32
9845319   3357      166.52
9846320   3357      187.88
9847068   3357      173.32
9847350   3357      180.52
9848693   3357      173.32
9850403   3357      180.52
9851111   3357      180.52
9851993   3357      180.52
