10107724  0357      543.12
10120357  0357      666.56
10121866  0357     1186.45
10125466  0357      414.22
10126656  0357      444.37
10141786  0357      474.58
10312414  0357      414.22
10373550  0357      888.75
10639752  0357      612.69
10726693  0357      444.37
10760806  0357      414.22
10764554  0357      474.58
10770124  0357      444.37
10772668  0357      414.22
10774121  0357      474.58
10775520  0357      828.44
10776516  0357      543.12
10776915  0357      414.22
10777645  0357      666.56
10778464  0357      414.22
10779723  0357      755.25
10784623  0357      444.37
10820078  0357      474.58
10840266  0357      444.37
10841061  0357      414.22
10841823  0357      543.12
10842205  0357      444.37
10843324  0357     1110.94
10844947  0357     1110.94
10845717  0357      414.22
10845943  0357      543.12
10846474  0357      444.37
10846532  0357      474.58
10846629  0357      444.37
10846940  0357      888.75
10846985  0357      444.37
10847648  0357      414.22
10848158  0357      873.02
10849906  0357      444.37
10849907  0357      474.58
10860593  0357      444.37
10903693  0357      596.85
10959957  0357      444.37
10960021  0357      444.37
10963442  0357      474.58
10963957  0357      474.58
10964062  0357      888.75
1108218   0357      565.67
1112379   0357      567.65
1115136   0357      745.85
11163187  0357      414.22
11177533  0357      414.22
11260715  0357      444.37
11261772  0357      543.12
11262378  0357      444.37
11263756  0357      414.22
11264465  0357      444.37
11264550  0357      414.22
11265496  0357      444.37
11265527  0357      474.58
11266390  0357      888.75
11267811  0357      828.44
11267932  0357      828.44
11268437  0357      543.12
11269196  0357      507.46
1129535   0357      566.67
11414487  0357      474.58
11425214  0357      444.37
11425449  0357      444.37
11426462  0357      414.22
11428034  0357      414.22
11428889  0357     1110.94
11429539  0357      888.75
11429792  0357      414.22
11429991  0357      666.56
11430700  0357      444.37
11433167  0357      444.37
11433865  0357      888.75
11433968  0357      888.75
11434350  0357      444.37
11546168  0357      414.22
11584952  0357      444.37
11586448  0357      474.58
11589730  0357      888.75
11594236  0357      543.12
11594524  0357      414.22
11596252  0357      444.37
11597667  0357      444.37
11598121  0357      414.22
11598207  0357      414.22
11633896  0357      414.22
11645810  0357      444.37
11651035  0357      444.37
11651090  0357      444.37
11652405  0357      444.37
11653864  0357      444.37
11694358  0357      414.22
11694758  0357      444.37
11695394  0357      828.44
11749469  0357      444.37
11783201  0357      474.58
11783366  0357      543.12
11784637  0357      414.22
11786325  0357      543.12
11786432  0357      414.22
11787653  0357      888.75
11788587  0357      949.16
11788630  0357      474.58
11790273  0357      444.37
11790818  0357      666.56
11791177  0357      444.37
11792127  0357      444.37
11792506  0357      414.22
11792846  0357      444.37
11878930  0357      444.37
11879419  0357      474.58
11879750  0357      543.12
11881224  0357      543.12
11881668  0357     1035.55
11881669  0357      742.33
11882080  0357      640.40
11883300  0357      888.75
12011761  0357     1086.25
12018571  0357      621.33
12018729  0357      414.22
12018852  0357      444.37
12019816  0357      414.22
12020535  0357      507.46
12021559  0357      474.58
12021966  0357      444.37
12022428  0357      474.58
12023306  0357      507.46
12023981  0357      666.56
12024178  0357      444.37
12024179  0357      444.37
12025294  0357      666.56
12025488  0357      414.22
12025491  0357      414.22
12026565  0357      444.37
12027093  0357      444.37
12027260  0357      785.06
12027527  0357      414.22
12027928  0357      414.22
12027973  0357      949.16
12080554  0357      444.37
12241212  0357      621.33
12242270  0357      444.37
12243077  0357      414.22
12244707  0357      414.22
12247738  0357      666.56
12248400  0357     1035.55
12248745  0357      444.37
12248755  0357      474.58
12248784  0357      828.44
12248960  0357      444.37
12249178  0357      543.12
12314254  0357     1268.65
12369466  0357      444.37
12370670  0357      772.55
1239070   0357      565.67
12434895  0357      613.80
12435304  0357      444.37
12435757  0357      621.33
12435759  0357     1110.94
12527456  0357      414.22
12534356  0357      444.37
12536172  0357      444.37
12536549  0357      507.46
1257983   0357      566.67
1258658   0357      567.65
1261562   0357      565.67
1262953   0357      676.77
1263302   0357      565.67
1263303   0357      567.65
12638103  0357      414.22
1265436   0357      567.65
1266723   0357      390.74
12691465  0357      444.37
1269356   0357     1133.33
12698409  0357      414.22
12698965  0357      414.22
12701276  0357      686.47
12701301  0357     1035.55
12702273  0357      414.22
12704473  0357      414.22
12704482  0357      949.16
12704649  0357      444.37
12704927  0357      444.37
12705860  0357      444.37
12706171  0357      444.37
12706774  0357      949.16
12707136  0357      444.37
1272390   0357      565.67
1273369   0357      567.65
1277938   0357      565.67
1278407   0357      567.65
12848719  0357      444.37
12849330  0357      507.46
12851330  0357      444.37
12852888  0357      444.37
12858616  0357      666.56
12878256  0357      444.37
12884972  0357      444.37
12934142  0357      414.22
12934525  0357      414.22
12935305  0357      444.37
12935606  0357      444.37
13032012  0357     1035.55
13032033  0357      444.37
13034237  0357      444.37
13035222  0357      543.12
13084488  0357      414.22
13084886  0357      414.22
13179920  0357      414.22
13180551  0357      444.37
1318484   0357      565.67
13187744  0357      888.75
13187816  0357      666.56
13188137  0357      414.22
13188604  0357      621.33
13264411  0357      444.37
13265462  0357      414.22
13265946  0357     1029.70
13266369  0357      444.37
13268000  0357      828.44
13268185  0357      828.44
13268457  0357      414.22
13268537  0357      666.56
13343258  0357      414.22
13408041  0357      414.22
13510172  0357      414.22
13510180  0357      414.22
13519440  0357      414.22
13527636  0357      474.58
13566631  0357      543.12
13643981  0357      828.44
13643982  0357      621.33
13644051  0357      444.37
13644555  0357     1035.55
13644665  0357      444.37
13644680  0357     1186.45
13652653  0357      414.22
13674854  0357      474.58
13678214  0357      444.37
13678857  0357      414.22
13679940  0357      444.37
13724134  0357      666.56
13774187  0357      414.22
13774684  0357      444.37
13775452  0357      414.22
13775808  0357      414.22
13777181  0357      621.33
13785046  0357      414.22
13785661  0357      444.37
13785997  0357      414.22
13786181  0357      474.58
13787208  0357      444.37
13787741  0357      414.22
13842354  0357      444.37
13843775  0357      444.37
13856268  0357      444.37
13867427  0357      666.56
13868652  0357      444.37
13880177  0357      444.37
13880981  0357      444.37
13905892  0357      414.22
13986119  0357      444.37
14003086  0357      414.22
14030527  0357      414.22
14031045  0357      444.37
14031497  0357     1110.94
14093727  0357      666.56
14094806  0357      474.58
14143188  0357      414.22
14159223  0357      828.44
14176671  0357      444.37
14228153  0357      444.37
14270811  0357     1035.55
14293118  0357      666.56
1431183   0357      567.65
14335445  0357      414.22
14335539  0357      444.37
14372299  0357      474.58
14372545  0357      414.22
14372818  0357     1464.45
14376347  0357      444.37
14398946  0357      444.37
14399267  0357      621.33
14405196  0357      444.37
14405401  0357      444.37
14513487  0357      414.22
14590375  0357      414.22
14607589  0357      621.33
14648947  0357      444.37
14649126  0357      414.22
14825867  0357     1110.94
14877620  0357      444.37
14877805  0357      474.58
14877859  0357      507.46
14879597  0357      888.75
14879704  0357     1035.55
14880827  0357      474.58
14880972  0357      888.75
15056332  0357      474.58
15170350  0357      414.22
15177340  0357      474.58
15177867  0357      828.44
15229138  0357      444.37
15272372  0357      414.22
15306996  0357      414.22
15351139  0357      444.37
15352095  0357      444.37
15444190  0357      444.37
15448608  0357      444.37
15597541  0357      414.22
15598043  0357      414.22
15598319  0357      444.37
15598510  0357      888.75
15598933  0357      414.22
15599928  0357      621.33
15599929  0357      888.75
15668151  0357      888.75
15668851  0357      414.22
15690244  0357      414.22
15729233  0357      666.56
15729536  0357     1035.55
15778630  0357      666.56
15885754  0357      414.22
15959808  0357      414.22
15961650  0357      414.22
16001576  0357      414.22
16137706  0357      414.22
16138119  0357      666.56
1631390   0357      665.45
16385667  0357      414.22
16387437  0357      888.75
16594051  0357      414.22
16641426  0357      414.22
16736267  0357      444.37
16770549  0357      444.37
16788972  0357      888.75
16796439  0357      828.44
16796669  0357      414.22
17011869  0357      888.75
17012587  0357     1110.94
17019549  0357      444.37
17033230  0357      414.22
17033256  0357      414.22
17104709  0357      444.37
17306742  0357      414.22
1737075   0357      565.67
17379215  0357      621.33
17380736  0357      414.22
17572385  0357      888.75
17574055  0357      414.22
17626132  0357      828.44
1763812   0357      676.77
1764349   0357      565.67
1765295   0357     1131.34
1769938   0357      565.67
17727438  0357     1110.94
17727473  0357      414.22
17853683  0357     1110.94
17859806  0357      414.22
17859921  0357      828.44
17872590  0357      444.37
17942424  0357      414.22
17942640  0357      444.37
17965237  0357      666.56
18054647  0357      444.37
18058393  0357      414.22
18059918  0357      444.37
18263579  0357      444.37
18263756  0357      444.37
18332814  0357      444.37
18421508  0357      414.22
18422439  0357      888.75
18618969  0357      414.22
18655916  0357      444.37
18656459  0357      666.56
18785684  0357      414.22
18923581  0357      414.22
18928116  0357      414.22
18950730  0357      414.22
18998089  0357      828.44
1906129   0357      567.65
19262723  0357      444.37
1926999   0357      566.67
19324610  0357      888.75
19348247  0357      444.37
19431369  0357      444.37
19436769  0357      444.37
19827450  0357      444.37
19850185  0357     1035.55
19886649  0357     1110.94
19973112  0357      444.37
20046577  0357      828.44
20046584  0357      828.44
20187870  0357      828.44
20189202  0357      507.46
20235584  0357      828.44
2030572   0357      565.67
2033664   0357      602.49
20348834  0357      621.33
20351464  0357     1372.93
2101693   0357      665.93
21140944  0357      621.33
2130876   0357      565.67
21505687  0357     1035.55
2157417   0357     1506.21
2186056   0357      565.67
2189077   0357      565.67
2196831   0357      565.67
2198274   0357      568.81
2198799   0357      565.67
22326349  0357      414.22
2272067   0357      565.67
23156662  0357      567.65
23573778  0357      414.22
2376223   0357      613.93
2380275   0357      566.67
2384661   0357      567.65
23851459  0357      414.22
2529886   0357      567.65
2532585   0357      565.67
2533320   0357      565.67
2534786   0357      415.19
2535843   0357      566.67
2536373   0357      566.67
2536795   0357      567.65
2539607   0357      566.67
2539943   0357      565.67
2541142   0357      567.65
2541439   0357      774.17
2541709   0357      567.65
2543654   0357      567.65
2543813   0357      567.65
2543932   0357      565.67
2592064   0357      566.67
2592966   0357      616.60
2593377   0357      567.65
2593686   0357      565.67
2596405   0357      670.73
2598033   0357      567.65
2598733   0357      566.67
2598872   0357      565.67
2601437   0357      567.65
2603046   0357      567.65
2605164   0357      567.65
2605823   0357      390.71
2607322   0357      611.36
2608233   0357      596.39
2608304   0357      565.67
2608554   0357      567.65
2684589   0357      567.65
2741170   0357      601.15
2854705   0357      565.67
2870837   0357      565.67
2910376   0357      565.67
2910432   0357      565.67
2911765   0357      565.67
2912407   0357      565.67
2912692   0357      602.49
2913757   0357      565.67
2913809   0357      565.67
2915293   0357      565.67
2915714   0357      567.65
2915780   0357      565.67
2916362   0357      567.65
2916467   0357      565.67
2916786   0357      565.67
2918280   0357     1419.13
2992913   0357      565.67
3035349   0357      567.65
3080057   0357      903.73
3080311   0357      567.65
3080984   0357      827.23
3081351   0357      567.65
3082505   0357      681.02
3083006   0357      567.65
3083065   0357      565.67
3083457   0357      565.67
3083843   0357      565.67
3084868   0357      567.65
3084978   0357      565.67
3085009   0357      565.67
3085276   0357      566.82
3090485   0357      604.21
3156003   0357      645.25
3234299   0357      566.82
3245420   0357      567.65
3314884   0357      423.36
3315121   0357      565.67
3315781   0357      565.67
3317339   0357      602.61
3318589   0357      655.40
3318694   0357      683.67
3318719   0357      567.65
3320986   0357      567.65
3322128   0357      601.65
3322284   0357      565.67
3322381   0357      566.67
3324084   0357      789.05
3324110   0357      850.97
3329806   0357      567.65
3353242   0357      645.25
3528540   0357      616.79
3533360   0357      724.67
3535445   0357      565.67
3535838   0357      565.67
3538837   0357      615.85
3539352   0357      567.65
3541739   0357      567.65
3541975   0357      390.74
3542004   0357      474.58
3542015   0357      450.93
3554092   0357      566.67
3593839   0357      565.67
3598528   0357      567.65
3710064   0357      731.22
3759377   0357      565.67
3784066   0357      565.67
3784441   0357      630.23
3785251   0357      567.65
3792247   0357      567.65
3830110   0357      565.67
3855157   0357      390.71
3855577   0357      567.65
3856978   0357      565.67
3857004   0357      565.67
3857220   0357      567.68
3857667   0357      565.67
3857878   0357      566.67
3858323   0357     1135.30
3858856   0357      474.58
3859230   0357      892.57
3864991   0357      659.38
3875055   0357      698.60
3877925   0357     1740.08
3878006   0357      709.11
3963688   0357      672.42
3964093   0357      777.56
3964337   0357      565.67
3965704   0357      565.67
3969513   0357      569.73
4001934   0357      745.25
4064149   0357      609.52
4065177   0357      565.67
4065584   0357      444.37
4065648   0357      734.70
4066245   0357      565.67
4067118   0357      659.58
4067735   0357      654.08
4067795   0357      567.65
4068788   0357      565.67
4071074   0357      807.38
4071241   0357      668.33
4107436   0357      590.33
4191539   0357      565.67
4193094   0357     1416.67
4194671   0357      611.14
4195654   0357      565.67
4199927   0357      390.74
4200911   0357      565.67
4238916   0357      565.67
430240    0357      565.67
4317775   0357      870.63
4373204   0357      895.52
4373479   0357      565.67
4375498   0357      602.49
4375998   0357      579.67
4376813   0357      620.90
4377201   0357      566.67
4378140   0357      565.67
4378236   0357      565.67
4378283   0357      565.67
4378759   0357      825.53
4379154   0357      565.67
4381341   0357      565.67
4381614   0357      645.68
4382400   0357      851.48
4383023   0357      754.62
4383200   0357      565.67
4385047   0357      567.65
4386936   0357      507.46
4387777   0357     1512.40
4409485   0357      835.95
4409788   0357      565.67
4409789   0357     1228.26
4414417   0357      642.51
4414541   0357      600.55
4414909   0357      567.65
4415675   0357      565.67
443869    0357      567.65
4609506   0357      608.57
4610129   0357      565.67
4720170   0357      621.33
4720923   0357      444.37
4721016   0357      414.22
4721639   0357      565.67
4722680   0357      565.67
4722814   0357      455.41
4723168   0357      565.67
4723403   0357      565.67
4724433   0357      567.65
4725919   0357      949.16
4727740   0357      414.22
4728331   0357      565.67
4729448   0357      403.57
4730168   0357      871.19
4730490   0357      565.67
4730823   0357      852.98
4731322   0357      842.85
4731494   0357      615.05
4732090   0357      654.35
4732618   0357      639.95
4734527   0357      414.22
4734940   0357      414.22
4735505   0357      565.67
4738424   0357      567.65
4739546   0357      749.83
4739796   0357      474.58
4754833   0357      764.60
4803744   0357      956.58
4805842   0357      444.37
4827213   0357      639.32
4853128   0357      527.58
4882144   0357      425.08
5017295   0357      414.22
5022967   0357      566.67
5237805   0357      444.37
5238236   0357      565.67
5239261   0357      657.26
5240821   0357      565.67
5242545   0357      637.24
5244302   0357      645.25
5244483   0357      414.22
5244484   0357      615.05
5244765   0357      565.67
5245261   0357      474.58
5248926   0357      649.93
5248954   0357      597.62
5249259   0357      444.37
5249817   0357      474.58
5250965   0357      567.65
5251153   0357      723.45
5251214   0357      651.45
5252606   0357      949.16
5253930   0357      565.67
5254613   0357      735.69
5254952   0357      565.67
5255567   0357      444.37
5255641   0357      704.02
5257069   0357      595.38
5257175   0357      567.65
5257421   0357      507.46
5257727   0357     1110.94
5257774   0357      444.37
5259121   0357      565.67
5259785   0357      565.67
5261116   0357      414.22
5261139   0357      705.80
5261250   0357      565.67
5261418   0357      583.40
5261643   0357      706.04
5263470   0357      633.62
5344986   0357      596.85
5435450   0357      635.39
5436619   0357      474.58
5436795   0357      436.00
5438690   0357      621.05
5439480   0357      444.37
5439865   0357     1268.65
5458236   0357      414.22
5461455   0357      567.67
5605414   0357     1444.97
5658043   0357      706.68
5688352   0357      638.29
5765952   0357      444.37
5779173   0357      444.37
5915261   0357      567.65
5921128   0357      853.57
5921800   0357      414.22
5923624   0357      474.58
5925143   0357      474.58
5925949   0357      390.74
5929492   0357      444.37
5935536   0357     2227.08
5938630   0357      738.97
5938995   0357      444.37
6044716   0357      666.56
6125595   0357     1495.15
6127630   0357      655.88
6238388   0357      543.12
6394853   0357      505.25
6537141   0357      565.67
6573443   0357      734.87
6573855   0357      507.46
6573893   0357      414.22
6575243   0357      414.22
6575301   0357      444.37
6584406   0357     1414.18
6602322   0357      414.22
6634354   0357      444.37
6689708   0357      444.37
6690236   0357      444.37
6701343   0357      444.37
6701344   0357      747.21
6701453   0357      444.37
673822    0357      565.67
6841910   0357      414.22
7211860   0357      474.58
7240399   0357      444.37
7300376   0357      621.05
7301470   0357      565.67
7305494   0357      567.65
7305781   0357      565.67
7308623   0357      664.42
7309317   0357      414.22
7309375   0357      414.22
7310425   0357      507.46
7310959   0357      567.65
7311233   0357      605.91
7311255   0357      733.51
7312149   0357      713.54
7313189   0357      565.67
7314050   0357      669.15
7314987   0357      507.46
7315048   0357      474.58
7315058   0357     1715.90
7315331   0357      444.37
7316059   0357      507.46
7316139   0357      474.58
7316607   0357      774.17
7316959   0357     1133.33
7317744   0357     1131.34
7318041   0357      618.10
7319649   0357      949.16
7321787   0357      414.22
7322304   0357      414.22
7322780   0357      414.22
7322794   0357      798.43
7324725   0357      566.67
7325664   0357      562.42
7325721   0357      567.65
7325722   0357      824.86
7325778   0357      390.74
7328421   0357      414.22
7330948   0357      444.37
7331943   0357     1038.72
7332202   0357      706.00
7332734   0357      851.48
7333145   0357      881.22
7333526   0357     1412.00
7335642   0357      444.37
7337422   0357      555.65
7337778   0357      414.22
7338055   0357      507.46
7340200   0357      565.67
7340742   0357      601.65
7340989   0357      664.47
7342107   0357      414.22
7342680   0357      567.65
7343605   0357      596.85
7344290   0357      414.22
7344465   0357      828.44
7347856   0357      567.65
7348137   0357      577.31
7348986   0357      720.71
7349428   0357     1357.81
7349843   0357      414.22
7350162   0357      581.11
7350273   0357      414.22
7351297   0357      489.03
7352317   0357      414.22
7353377   0357      444.37
7354064   0357      414.22
7354848   0357      390.74
7355928   0357      565.67
7359478   0357      474.58
7360346   0357      414.22
7360517   0357      444.37
7363171   0357      541.57
7363652   0357      444.37
7365166   0357      710.62
7365545   0357      414.22
7367276   0357      414.22
7368710   0357      828.44
7369018   0357      444.37
7371154   0357      444.37
7372156   0357      414.22
7372973   0357      631.31
7373089   0357      414.22
7373215   0357      507.46
7374243   0357      632.56
7374616   0357      567.65
7377030   0357      414.22
7377579   0357      444.37
7379256   0357      828.44
7380616   0357      414.22
7381553   0357      444.37
7382148   0357      625.97
7382532   0357      414.22
7384964   0357      444.37
7387544   0357      888.75
7388038   0357      414.22
7388080   0357      444.37
7388125   0357      474.58
7388199   0357      948.84
7389581   0357      444.37
7391472   0357      414.22
7392153   0357     1186.45
7393061   0357      414.22
7393144   0357      828.44
7395742   0357      390.71
7396051   0357      666.56
7398038   0357      503.49
7400031   0357      444.37
7401094   0357      444.37
7401380   0357      674.03
7401853   0357      414.22
7403123   0357      414.22
7403188   0357      414.22
7403563   0357      414.22
7406353   0357      444.37
7408531   0357      444.37
7409730   0357      414.22
7410177   0357      543.12
7412535   0357      474.58
7412738   0357      414.22
7415285   0357      543.12
7415448   0357      444.37
7416870   0357      596.85
7417289   0357      828.44
7417791   0357      888.75
7418898   0357      414.22
7418939   0357      444.37
7419340   0357      414.22
7419740   0357      696.25
7419800   0357      444.37
7419866   0357     1035.55
7420316   0357      444.37
7420429   0357      474.58
7423108   0357      474.58
7423415   0357      444.37
7423444   0357      790.42
7425063   0357      414.22
7425430   0357      444.37
7425900   0357      414.22
7426046   0357      444.37
7427359   0357      414.22
7427520   0357      444.37
7429274   0357      444.37
7432253   0357      474.58
7434591   0357     1110.94
7435158   0357     1585.57
7436077   0357      828.44
7436996   0357      444.37
7437806   0357      414.22
7437808   0357      414.22
7438450   0357      444.37
7439597   0357     1014.92
7439617   0357      444.37
7439629   0357      444.37
7440809   0357      425.05
7442445   0357      444.37
7444497   0357      621.33
7444651   0357      474.58
7444842   0357      444.37
7444889   0357     1014.92
7445661   0357      414.22
7446382   0357      474.58
7446644   0357      444.37
7447067   0357     1110.94
7447334   0357      507.46
7447992   0357      414.22
7449457   0357      414.22
7455429   0357      745.65
7455588   0357      674.03
7461704   0357      658.45
7465820   0357     1110.94
7465910   0357      444.37
7466779   0357      842.15
7466870   0357      794.31
7502836   0357      651.46
7548386   0357      534.46
7548420   0357      675.61
770342    0357      567.65
7917981   0357      654.13
7981510   0357      844.63
7982728   0357      414.22
7982865   0357      474.58
7983170   0357      414.22
7984159   0357      444.37
7985605   0357      449.63
7988969   0357      887.92
8054279   0357      614.16
8064487   0357     1061.50
8069571   0357      666.68
8140450   0357      429.77
8594315   0357      444.37
8718789   0357      888.75
8734286   0357      474.58
9066082   0357      565.67
9100619   0357      887.92
9211039   0357      414.22
9261804   0357      474.58
9317884   0357      949.16
9433060   0357      444.37
9540404   0357      474.58
9540845   0357      761.19
9542018   0357     1186.45
9542237   0357      414.22
9543174   0357      710.62
9543530   0357      720.45
9544179   0357      444.37
9544345   0357      414.22
9544429   0357      771.45
9544827   0357      474.58
9545198   0357      565.67
9545952   0357      721.69
9546474   0357      444.37
9547148   0357      769.78
9551389   0357      444.37
9552709   0357      614.85
9553039   0357     1106.37
9553047   0357      414.22
9553149   0357      414.22
9555077   0357      616.02
9555609   0357      414.22
9555641   0357      444.37
9557148   0357     1014.92
9557803   0357      414.22
9557875   0357      414.22
9557894   0357      714.60
9558628   0357      414.22
9560453   0357      414.22
9570736   0357      746.52
9572755   0357      767.58
9577605   0357      793.66
9601343   0357     1110.94
9603154   0357      742.33
9603683   0357      444.37
9603870   0357      390.74
9604166   0357      414.22
9604592   0357      814.68
9607091   0357      565.67
9608547   0357      444.37
9609337   0357      414.22
9609338   0357      888.75
9612117   0357      888.96
9612692   0357      444.37
9614364   0357      828.44
9615563   0357      444.37
9615964   0357      444.37
9617493   0357      828.44
9620242   0357      949.16
9620248   0357     1014.92
9620376   0357      444.37
9620599   0357      474.58
9620701   0357      414.22
9620720   0357      644.36
9621777   0357      444.37
9622347   0357      444.37
9624370   0357      543.12
9624596   0357      414.22
9625361   0357      444.37
9625933   0357      888.75
9626082   0357      444.37
9626215   0357      414.22
9627150   0357     1186.45
9627523   0357      888.75
9627724   0357      414.22
9629963   0357      474.58
9631462   0357      724.18
9634554   0357      811.93
9634674   0357      444.37
9636806   0357      414.22
9638320   0357      444.37
9639201   0357      414.22
9845319   0357      414.22
9846320   0357      474.58
9847068   0357      414.22
9847350   0357      860.10
9848693   0357      676.45
9850403   0357      444.37
9851111   0357      444.37
9851993   0357      798.35
10107724  3357      543.12
10120357  3357      444.37
10121866  3357      474.58
10125466  3357      414.22
10126656  3357      444.37
10141786  3357      474.58
10312414  3357      414.22
10373550  3357      444.37
10639752  3357      612.69
10726693  3357      444.37
10760806  3357      414.22
10764554  3357      474.58
10770124  3357      444.37
10772668  3357      414.22
10774121  3357      474.58
10775520  3357      414.22
10776516  3357      543.12
10776915  3357      414.22
10777645  3357      444.37
10778464  3357      414.22
10779723  3357      755.25
10784623  3357      444.37
10820078  3357      474.58
10840266  3357      444.37
10841061  3357      414.22
10841823  3357      543.12
10842205  3357      444.37
10843324  3357      444.37
10844947  3357      444.37
10845717  3357      414.22
10845943  3357      543.12
10846474  3357      444.37
10846532  3357      474.58
10846629  3357      444.37
10846940  3357      444.37
10846985  3357      444.37
10847648  3357      414.22
10848158  3357      873.02
10849906  3357      444.37
10849907  3357      474.58
10860593  3357      444.37
10903693  3357      596.85
10959957  3357      444.37
10960021  3357      444.37
10963442  3357      474.58
10963957  3357      474.58
10964062  3357      444.37
1108218   3357      565.67
1112379   3357      567.65
1115136   3357      745.85
11163187  3357      414.22
11177533  3357      414.22
11260715  3357      444.37
11261772  3357      543.12
11262378  3357      444.37
11263756  3357      414.22
11264465  3357      444.37
11264550  3357      414.22
11265496  3357      444.37
11265527  3357      474.58
11266390  3357      444.37
11267811  3357      414.22
11267932  3357      414.22
11268437  3357      543.12
11269196  3357      507.46
1129535   3357      566.67
11414487  3357      474.58
11425214  3357      444.37
11425449  3357      444.37
11426462  3357      414.22
11428034  3357      414.22
11428889  3357      444.37
11429539  3357      444.37
11429792  3357      414.22
11429991  3357      444.37
11430700  3357      444.37
11433167  3357      444.37
11433865  3357      444.37
11433968  3357      444.37
11434350  3357      444.37
11546168  3357      414.22
11584952  3357      444.37
11586448  3357      474.58
11589730  3357      444.37
11594236  3357      543.12
11594524  3357      414.22
11596252  3357      444.37
11597667  3357      444.37
11598121  3357      414.22
11598207  3357      414.22
11633896  3357      414.22
11645810  3357      444.37
11651035  3357      444.37
11651090  3357      444.37
11652405  3357      444.37
11653864  3357      444.37
11694358  3357      414.22
11694758  3357      444.37
11695394  3357      414.22
11749469  3357      444.37
11783201  3357      474.58
11783366  3357      543.12
11784637  3357      414.22
11786325  3357      543.12
11786432  3357      414.22
11787653  3357      444.37
11788587  3357      474.58
11788630  3357      474.58
11790273  3357      444.37
11790818  3357      444.37
11791177  3357      444.37
11792127  3357      444.37
11792506  3357      414.22
11792846  3357      444.37
11878930  3357      444.37
11879419  3357      474.58
11879750  3357      543.12
11881224  3357      543.12
11881668  3357      414.22
11881669  3357      742.33
11882080  3357      640.40
11883300  3357      444.37
12011761  3357      543.12
12018571  3357      414.22
12018729  3357      414.22
12018852  3357      444.37
12019816  3357      414.22
12020535  3357      507.46
12021559  3357      474.58
12021966  3357      444.37
12022428  3357      474.58
12023306  3357      507.46
12023981  3357      444.37
12024178  3357      444.37
12024179  3357      444.37
12025294  3357      444.37
12025488  3357      414.22
12025491  3357      414.22
12026565  3357      444.37
12027093  3357      444.37
12027260  3357      785.06
12027527  3357      414.22
12027928  3357      414.22
12027973  3357      474.58
12080554  3357      444.37
12241212  3357      414.22
12242270  3357      444.37
12243077  3357      414.22
12244707  3357      414.22
12247738  3357      444.37
12248400  3357      414.22
12248745  3357      444.37
12248755  3357      474.58
12248784  3357      414.22
12248960  3357      444.37
12249178  3357      543.12
12314254  3357      507.46
12369466  3357      444.37
12370670  3357      772.55
1239070   3357      565.67
12434895  3357      613.80
12435304  3357      444.37
12435757  3357      414.22
12435759  3357      444.37
12527456  3357      414.22
12534356  3357      444.37
12536172  3357      444.37
12536549  3357      507.46
1257983   3357      566.67
1258658   3357      567.65
1261562   3357      565.67
1262953   3357      676.77
1263302   3357      565.67
1263303   3357      567.65
12638103  3357      414.22
1265436   3357      567.65
1266723   3357      390.74
12691465  3357      444.37
1269356   3357      566.67
12698409  3357      414.22
12698965  3357      414.22
12701276  3357      686.47
12701301  3357      414.22
12702273  3357      414.22
12704473  3357      414.22
12704482  3357      474.58
12704649  3357      444.37
12704927  3357      444.37
12705860  3357      444.37
12706171  3357      444.37
12706774  3357      474.58
12707136  3357      444.37
1272390   3357      565.67
1273369   3357      567.65
1277938   3357      565.67
1278407   3357      567.65
12848719  3357      444.37
12849330  3357      507.46
12851330  3357      444.37
12852888  3357      444.37
12858616  3357      444.37
12878256  3357      444.37
12884972  3357      444.37
12934142  3357      414.22
12934525  3357      414.22
12935305  3357      444.37
12935606  3357      444.37
13032012  3357      414.22
13032033  3357      444.37
13034237  3357      444.37
13035222  3357      543.12
13084488  3357      414.22
13084886  3357      414.22
13179920  3357      414.22
13180551  3357      444.37
1318484   3357      565.67
13187744  3357      444.37
13187816  3357      444.37
13188137  3357      414.22
13188604  3357      414.22
13264411  3357      444.37
13265462  3357      414.22
13265946  3357      686.47
13266369  3357      444.37
13268000  3357      414.22
13268185  3357      414.22
13268457  3357      414.22
13268537  3357      444.37
13343258  3357      414.22
13408041  3357      414.22
13510172  3357      414.22
13510180  3357      414.22
13519440  3357      414.22
13527636  3357      474.58
13566631  3357      543.12
13643981  3357      414.22
13643982  3357      414.22
13644051  3357      444.37
13644555  3357      414.22
13644665  3357      444.37
13644680  3357      474.58
13652653  3357      414.22
13674854  3357      474.58
13678214  3357      444.37
13678857  3357      414.22
13679940  3357      444.37
13724134  3357      444.37
13774187  3357      414.22
13774684  3357      444.37
13775452  3357      414.22
13775808  3357      414.22
13777181  3357      414.22
13785046  3357      414.22
13785661  3357      444.37
13785997  3357      414.22
13786181  3357      474.58
13787208  3357      444.37
13787741  3357      414.22
13842354  3357      444.37
13843775  3357      444.37
13856268  3357      444.37
13867427  3357      444.37
13868652  3357      444.37
13880177  3357      444.37
13880981  3357      444.37
13905892  3357      414.22
13986119  3357      444.37
14003086  3357      414.22
14030527  3357      414.22
14031045  3357      444.37
14031497  3357      444.37
14093727  3357      444.37
14094806  3357      474.58
14143188  3357      414.22
14159223  3357      414.22
14176671  3357      444.37
14228153  3357      444.37
14270811  3357      414.22
14293118  3357      444.37
1431183   3357      567.65
14335445  3357      414.22
14335539  3357      444.37
14372299  3357      474.58
14372545  3357      414.22
14372818  3357      585.78
14376347  3357      444.37
14398946  3357      444.37
14399267  3357      414.22
14405196  3357      444.37
14405401  3357      444.37
14513487  3357      414.22
14590375  3357      414.22
14607589  3357      414.22
14648947  3357      444.37
14649126  3357      414.22
14825867  3357      444.37
14877620  3357      444.37
14877805  3357      474.58
14877859  3357      507.46
14879597  3357      444.37
14879704  3357      414.22
14880827  3357      474.58
14880972  3357      444.37
15056332  3357      474.58
15170350  3357      414.22
15177340  3357      474.58
15177867  3357      414.22
15229138  3357      444.37
15272372  3357      414.22
15306996  3357      414.22
15351139  3357      444.37
15352095  3357      444.37
15444190  3357      444.37
15448608  3357      444.37
15597541  3357      414.22
15598043  3357      414.22
15598319  3357      444.37
15598510  3357      444.37
15598933  3357      414.22
15599928  3357      414.22
15599929  3357      444.37
15668151  3357      444.37
15668851  3357      414.22
15690244  3357      414.22
15729233  3357      444.37
15729536  3357      414.22
15778630  3357      444.37
15885754  3357      414.22
15959808  3357      414.22
15961650  3357      414.22
16001576  3357      414.22
16137706  3357      414.22
16138119  3357      444.37
1631390   3357      665.45
16385667  3357      414.22
16387437  3357      444.37
16594051  3357      414.22
16641426  3357      414.22
16736267  3357      444.37
16770549  3357      444.37
16788972  3357      444.37
16796439  3357      414.22
16796669  3357      414.22
17011869  3357      444.37
17012587  3357      444.37
17019549  3357      444.37
17033230  3357      414.22
17033256  3357      414.22
17104709  3357      444.37
17306742  3357      414.22
1737075   3357      565.67
17379215  3357      414.22
17380736  3357      414.22
17572385  3357      444.37
17574055  3357      414.22
17626132  3357      414.22
1763812   3357      676.77
1764349   3357      565.67
1765295   3357      565.67
1769938   3357      565.67
17727438  3357      444.37
17727473  3357      414.22
17853683  3357      444.37
17859806  3357      414.22
17859921  3357      414.22
17872590  3357      444.37
17942424  3357      414.22
17942640  3357      444.37
17965237  3357      444.37
18054647  3357      444.37
18058393  3357      414.22
18059918  3357      444.37
18263579  3357      444.37
18263756  3357      444.37
18332814  3357      444.37
18421508  3357      414.22
18422439  3357      444.37
18618969  3357      414.22
18655916  3357      444.37
18656459  3357      444.37
18785684  3357      414.22
18923581  3357      414.22
18928116  3357      414.22
18950730  3357      414.22
18998089  3357      414.22
1906129   3357      567.65
19262723  3357      444.37
1926999   3357      566.67
19324610  3357      444.37
19348247  3357      444.37
19431369  3357      444.37
19436769  3357      444.37
19827450  3357      444.37
19850185  3357      414.22
19886649  3357      444.37
19973112  3357      444.37
20046577  3357      414.22
20046584  3357      414.22
20187870  3357      414.22
20189202  3357      507.46
20235584  3357      414.22
2030572   3357      565.67
2033664   3357      602.49
20348834  3357      414.22
20351464  3357      686.47
2101693   3357      665.93
21140944  3357      414.22
2130876   3357      565.67
21505687  3357      414.22
2157417   3357      602.49
2186056   3357      565.67
2189077   3357      565.67
2196831   3357      565.67
2198274   3357      568.81
2198799   3357      565.67
22326349  3357      414.22
2272067   3357      565.67
23156662  3357      567.65
23573778  3357      414.22
2376223   3357      613.93
2380275   3357      566.67
2384661   3357      567.65
23851459  3357      414.22
2529886   3357      567.65
2532585   3357      565.67
2533320   3357      565.67
2534786   3357      415.19
2535843   3357      566.67
2536373   3357      566.67
2536795   3357      567.65
2539607   3357      566.67
2539943   3357      565.67
2541142   3357      567.65
2541439   3357      774.17
2541709   3357      567.65
2543654   3357      567.65
2543813   3357      567.65
2543932   3357      565.67
2592064   3357      566.67
2592966   3357      616.60
2593377   3357      567.65
2593686   3357      565.67
2596405   3357      670.73
2598033   3357      567.65
2598733   3357      566.67
2598872   3357      565.67
2601437   3357      567.65
2603046   3357      567.65
2605164   3357      567.65
2605823   3357      390.71
2607322   3357      611.36
2608233   3357      596.39
2608304   3357      565.67
2608554   3357      567.65
2684589   3357      567.65
2741170   3357      601.15
2854705   3357      565.67
2870837   3357      565.67
2910376   3357      565.67
2910432   3357      565.67
2911765   3357      565.67
2912407   3357      565.67
2912692   3357      602.49
2913757   3357      565.67
2913809   3357      565.67
2915293   3357      565.67
2915714   3357      567.65
2915780   3357      565.67
2916362   3357      567.65
2916467   3357      565.67
2916786   3357      565.67
2918280   3357      567.65
2992913   3357      565.67
3035349   3357      567.65
3080057   3357      602.49
3080311   3357      567.65
3080984   3357      827.23
3081351   3357      567.65
3082505   3357      681.02
3083006   3357      567.65
3083065   3357      565.67
3083457   3357      565.67
3083843   3357      565.67
3084868   3357      567.65
3084978   3357      565.67
3085009   3357      565.67
3085276   3357      566.82
3090485   3357      604.21
3156003   3357      645.25
3234299   3357      566.82
3245420   3357      567.65
3314884   3357      423.36
3315121   3357      565.67
3315781   3357      565.67
3317339   3357      602.61
3318589   3357      655.40
3318694   3357      683.67
3318719   3357      567.65
3320986   3357      567.65
3322128   3357      601.65
3322284   3357      565.67
3322381   3357      566.67
3324084   3357      789.05
3324110   3357      850.97
3329806   3357      567.65
3353242   3357      645.25
3528540   3357      616.79
3533360   3357      724.67
3535445   3357      565.67
3535838   3357      565.67
3538837   3357      615.85
3539352   3357      567.65
3541739   3357      567.65
3541975   3357      390.74
3542004   3357      474.58
3542015   3357      450.93
3554092   3357      566.67
3593839   3357      565.67
3598528   3357      567.65
3710064   3357      731.22
3759377   3357      565.67
3784066   3357      565.67
3784441   3357      630.23
3785251   3357      567.65
3792247   3357      567.65
3830110   3357      565.67
3855157   3357      390.71
3855577   3357      567.65
3856978   3357      565.67
3857004   3357      565.67
3857220   3357      567.68
3857667   3357      565.67
3857878   3357      566.67
3858323   3357      567.65
3858856   3357      474.58
3859230   3357      595.05
3864991   3357      659.38
3875055   3357      698.60
3877925   3357      870.04
3878006   3357      709.11
3963688   3357      672.42
3964093   3357      777.56
3964337   3357      565.67
3965704   3357      565.67
3969513   3357      569.73
4001934   3357      745.25
4064149   3357      609.52
4065177   3357      565.67
4065584   3357      444.37
4065648   3357      734.70
4066245   3357      565.67
4067118   3357      659.58
4067735   3357      654.08
4067795   3357      567.65
4068788   3357      565.67
4071074   3357      807.38
4071241   3357      668.33
4107436   3357      590.33
4191539   3357      565.67
4193094   3357      566.67
4194671   3357      611.14
4195654   3357      565.67
4199927   3357      390.74
4200911   3357      565.67
4238916   3357      565.67
430240    3357      565.67
4317775   3357      870.63
4373204   3357      895.52
4373479   3357      565.67
4375498   3357      602.49
4375998   3357      579.67
4376813   3357      620.90
4377201   3357      566.67
4378140   3357      565.67
4378236   3357      565.67
4378283   3357      565.67
4378759   3357      825.53
4379154   3357      565.67
4381341   3357      565.67
4381614   3357      645.68
4382400   3357      567.65
4383023   3357      754.62
4383200   3357      565.67
4385047   3357      567.65
4386936   3357      507.46
4387777   3357      604.96
4409485   3357      835.95
4409788   3357      565.67
4409789   3357      614.13
4414417   3357      642.51
4414541   3357      600.55
4414909   3357      567.65
4415675   3357      565.67
443869    3357      567.65
4609506   3357      608.57
4610129   3357      565.67
4720170   3357      414.22
4720923   3357      444.37
4721016   3357      414.22
4721639   3357      565.67
4722680   3357      565.67
4722814   3357      455.41
4723168   3357      565.67
4723403   3357      565.67
4724433   3357      567.65
4725919   3357      474.58
4727740   3357      414.22
4728331   3357      565.67
4729448   3357      403.57
4730168   3357      871.19
4730490   3357      565.67
4730823   3357      852.98
4731322   3357      842.85
4731494   3357      615.05
4732090   3357      654.35
4732618   3357      639.95
4734527   3357      414.22
4734940   3357      414.22
4735505   3357      565.67
4738424   3357      567.65
4739546   3357      749.83
4739796   3357      474.58
4754833   3357      764.60
4803744   3357      956.58
4805842   3357      444.37
4827213   3357      639.32
4853128   3357      527.58
4882144   3357      425.08
5017295   3357      414.22
5022967   3357      566.67
5237805   3357      444.37
5238236   3357      565.67
5239261   3357      657.26
5240821   3357      565.67
5242545   3357      637.24
5244302   3357      645.25
5244483   3357      414.22
5244484   3357      615.05
5244765   3357      565.67
5245261   3357      474.58
5248926   3357      649.93
5248954   3357      597.62
5249259   3357      444.37
5249817   3357      474.58
5250965   3357      567.65
5251153   3357      723.45
5251214   3357      651.45
5252606   3357      474.58
5253930   3357      565.67
5254613   3357      735.69
5254952   3357      565.67
5255567   3357      444.37
5255641   3357      704.02
5257069   3357      595.38
5257175   3357      567.65
5257421   3357      507.46
5257727   3357      444.37
5257774   3357      444.37
5259121   3357      565.67
5259785   3357      565.67
5261116   3357      414.22
5261139   3357      705.80
5261250   3357      565.67
5261418   3357      583.40
5261643   3357      706.04
5263470   3357      633.62
5344986   3357      596.85
5435450   3357      635.39
5436619   3357      474.58
5436795   3357      436.00
5438690   3357      621.05
5439480   3357      444.37
5439865   3357      507.46
5458236   3357      414.22
5461455   3357      567.67
5605414   3357      722.48
5658043   3357      706.68
5688352   3357      638.29
5765952   3357      444.37
5779173   3357      444.37
5915261   3357      567.65
5921128   3357      853.57
5921800   3357      414.22
5923624   3357      474.58
5925143   3357      474.58
5925949   3357      390.74
5929492   3357      444.37
5935536   3357      890.83
5938630   3357      738.97
5938995   3357      444.37
6044716   3357      444.37
6125595   3357      598.06
6127630   3357      655.88
6238388   3357      543.12
6394853   3357      505.25
6537141   3357      565.67
6573443   3357      734.87
6573855   3357      507.46
6573893   3357      414.22
6575243   3357      414.22
6575301   3357      444.37
6584406   3357      565.67
6602322   3357      414.22
6634354   3357      444.37
6689708   3357      444.37
6690236   3357      444.37
6701343   3357      444.37
6701344   3357      747.21
6701453   3357      444.37
673822    3357      565.67
6841910   3357      414.22
7211860   3357      474.58
7240399   3357      444.37
7300376   3357      621.05
7301470   3357      565.67
7305494   3357      567.65
7305781   3357      565.67
7308623   3357      664.42
7309317   3357      414.22
7309375   3357      414.22
7310425   3357      507.46
7310959   3357      567.65
7311233   3357      605.91
7311255   3357      733.51
7312149   3357      713.54
7313189   3357      565.67
7314050   3357      669.15
7314987   3357      507.46
7315048   3357      474.58
7315058   3357      686.36
7315331   3357      444.37
7316059   3357      507.46
7316139   3357      474.58
7316607   3357      774.17
7316959   3357      566.67
7317744   3357      565.67
7318041   3357      618.10
7319649   3357      474.58
7321787   3357      414.22
7322304   3357      414.22
7322780   3357      414.22
7322794   3357      798.43
7324725   3357      566.67
7325664   3357      562.42
7325721   3357      567.65
7325722   3357      824.86
7325778   3357      390.74
7328421   3357      414.22
7330948   3357      444.37
7331943   3357     1038.72
7332202   3357      706.00
7332734   3357      567.65
7333145   3357      881.22
7333526   3357      706.00
7335642   3357      444.37
7337422   3357      555.65
7337778   3357      414.22
7338055   3357      507.46
7340200   3357      565.67
7340742   3357      601.65
7340989   3357      664.47
7342107   3357      414.22
7342680   3357      567.65
7343605   3357      596.85
7344290   3357      414.22
7344465   3357      414.22
7347856   3357      567.65
7348137   3357      577.31
7348986   3357      720.71
7349428   3357      543.12
7349843   3357      414.22
7350162   3357      581.11
7350273   3357      414.22
7351297   3357      489.03
7352317   3357      414.22
7353377   3357      444.37
7354064   3357      414.22
7354848   3357      390.74
7355928   3357      565.67
7359478   3357      474.58
7360346   3357      414.22
7360517   3357      444.37
7363171   3357      541.57
7363652   3357      444.37
7365166   3357      710.62
7365545   3357      414.22
7367276   3357      414.22
7368710   3357      414.22
7369018   3357      444.37
7371154   3357      444.37
7372156   3357      414.22
7372973   3357      631.31
7373089   3357      414.22
7373215   3357      507.46
7374243   3357      632.56
7374616   3357      567.65
7377030   3357      414.22
7377579   3357      444.37
7379256   3357      414.22
7380616   3357      414.22
7381553   3357      444.37
7382148   3357      625.97
7382532   3357      414.22
7384964   3357      444.37
7387544   3357      444.37
7388038   3357      414.22
7388080   3357      444.37
7388125   3357      474.58
7388199   3357      632.56
7389581   3357      444.37
7391472   3357      414.22
7392153   3357      474.58
7393061   3357      414.22
7393144   3357      414.22
7395742   3357      390.71
7396051   3357      444.37
7398038   3357      503.49
7400031   3357      444.37
7401094   3357      444.37
7401380   3357      674.03
7401853   3357      414.22
7403123   3357      414.22
7403188   3357      414.22
7403563   3357      414.22
7406353   3357      444.37
7408531   3357      444.37
7409730   3357      414.22
7410177   3357      543.12
7412535   3357      474.58
7412738   3357      414.22
7415285   3357      543.12
7415448   3357      444.37
7416870   3357      596.85
7417289   3357      414.22
7417791   3357      444.37
7418898   3357      414.22
7418939   3357      444.37
7419340   3357      414.22
7419740   3357      696.25
7419800   3357      444.37
7419866   3357      414.22
7420316   3357      444.37
7420429   3357      474.58
7423108   3357      474.58
7423415   3357      444.37
7423444   3357      790.42
7425063   3357      414.22
7425430   3357      444.37
7425900   3357      414.22
7426046   3357      444.37
7427359   3357      414.22
7427520   3357      444.37
7429274   3357      444.37
7432253   3357      474.58
7434591   3357      444.37
7435158   3357      634.23
7436077   3357      414.22
7436996   3357      444.37
7437806   3357      414.22
7437808   3357      414.22
7438450   3357      444.37
7439597   3357      507.46
7439617   3357      444.37
7439629   3357      444.37
7440809   3357      425.05
7442445   3357      444.37
7444497   3357      414.22
7444651   3357      474.58
7444842   3357      444.37
7444889   3357      507.46
7445661   3357      414.22
7446382   3357      474.58
7446644   3357      444.37
7447067   3357      444.37
7447334   3357      507.46
7447992   3357      414.22
7449457   3357      414.22
7455429   3357      745.65
7455588   3357      674.03
7461704   3357      658.45
7465820   3357      444.37
7465910   3357      444.37
7466779   3357      842.15
7466870   3357      794.31
7502836   3357      651.46
7548386   3357      534.46
7548420   3357      675.61
770342    3357      567.65
7917981   3357      654.13
7981510   3357      844.63
7982728   3357      414.22
7982865   3357      474.58
7983170   3357      414.22
7984159   3357      444.37
7985605   3357      449.63
7988969   3357      887.92
8054279   3357      614.16
8064487   3357      530.75
8069571   3357      666.68
8140450   3357      429.77
8594315   3357      444.37
8718789   3357      444.37
8734286   3357      474.58
9066082   3357      565.67
9100619   3357      887.92
9211039   3357      414.22
9261804   3357      474.58
9317884   3357      474.58
9433060   3357      444.37
9540404   3357      474.58
9540845   3357      507.46
9542018   3357      474.58
9542237   3357      414.22
9543174   3357      710.62
9543530   3357      720.45
9544179   3357      444.37
9544345   3357      414.22
9544429   3357      771.45
9544827   3357      474.58
9545198   3357      565.67
9545952   3357      721.69
9546474   3357      444.37
9547148   3357      769.78
9551389   3357      444.37
9552709   3357      614.85
9553039   3357     1106.37
9553047   3357      414.22
9553149   3357      414.22
9555077   3357      616.02
9555609   3357      414.22
9555641   3357      444.37
9557148   3357      507.46
9557803   3357      414.22
9557875   3357      414.22
9557894   3357      714.60
9558628   3357      414.22
9560453   3357      414.22
9570736   3357      746.52
9572755   3357      767.58
9577605   3357      793.66
9601343   3357      444.37
9603154   3357      742.33
9603683   3357      444.37
9603870   3357      390.74
9604166   3357      414.22
9604592   3357      543.12
9607091   3357      565.67
9608547   3357      444.37
9609337   3357      414.22
9609338   3357      444.37
9612117   3357      888.96
9612692   3357      444.37
9614364   3357      414.22
9615563   3357      444.37
9615964   3357      444.37
9617493   3357      414.22
9620242   3357      474.58
9620248   3357      507.46
9620376   3357      444.37
9620599   3357      474.58
9620701   3357      414.22
9620720   3357      644.36
9621777   3357      444.37
9622347   3357      444.37
9624370   3357      543.12
9624596   3357      414.22
9625361   3357      444.37
9625933   3357      444.37
9626082   3357      444.37
9626215   3357      414.22
9627150   3357      474.58
9627523   3357      444.37
9627724   3357      414.22
9629963   3357      474.58
9631462   3357      724.18
9634554   3357      811.93
9634674   3357      444.37
9636806   3357      414.22
9638320   3357      444.37
9639201   3357      414.22
9845319   3357      414.22
9846320   3357      474.58
9847068   3357      414.22
9847350   3357      860.10
9848693   3357      676.45
9850403   3357      444.37
9851111   3357      444.37
9851993   3357      798.35
