10107724  0357     1018.36
10120357  0357     1249.79
10121866  0357     2224.60
10125466  0357      776.68
10126656  0357      833.20
10141786  0357      889.84
10312414  0357      776.68
10373550  0357     1666.39
10639752  0357     1148.79
10726693  0357      833.20
10760806  0357      776.68
10764554  0357      889.84
10770124  0357      833.20
10772668  0357      776.68
10774121  0357      889.84
10775520  0357     1553.36
10776516  0357     1018.36
10776915  0357      776.68
10777645  0357     1249.79
10778464  0357      776.68
10779723  0357     1416.10
10784623  0357      833.20
10820078  0357      889.84
10840266  0357      833.20
10841061  0357      776.68
10841823  0357     1018.36
10842205  0357      833.20
10843324  0357     2082.99
10844947  0357     2082.99
10845717  0357      776.68
10845943  0357     1018.36
10846474  0357      833.20
10846532  0357      889.84
10846629  0357     1198.06
10846940  0357     1666.39
10846985  0357      833.20
10847648  0357      776.68
10848158  0357     1636.92
10849906  0357      833.20
10849907  0357      889.84
10860593  0357      833.20
10903693  0357     1119.09
10959957  0357      833.20
10960021  0357      833.20
10963442  0357      889.84
10963957  0357      889.84
10964062  0357     1666.39
1108218   0357     1060.63
1112379   0357     1064.35
1115136   0357     1398.46
11163187  0357      776.68
11177533  0357      776.68
11260715  0357      833.20
11261772  0357     1018.36
11262378  0357      833.20
11263756  0357      776.68
11264465  0357      833.20
11264550  0357      776.68
11265496  0357      833.20
11265527  0357      889.84
11266390  0357     1666.39
11267811  0357     1553.36
11267932  0357     1553.36
11268437  0357     1018.36
11269196  0357      951.48
1129535   0357     1062.50
11414487  0357      889.84
11425214  0357      833.20
11425449  0357      833.20
11426462  0357     1133.36
11428034  0357      776.68
11428889  0357     2082.99
11429539  0357     1666.39
11429792  0357      776.68
11429991  0357     1249.79
11430700  0357      833.20
11433167  0357      833.20
11433865  0357     1666.39
11433968  0357     1666.39
11434350  0357      833.20
11546168  0357      776.68
11584952  0357      833.20
11586448  0357      889.84
11589730  0357     1666.39
11594236  0357     1018.36
11594524  0357      776.68
11596252  0357      833.20
11597667  0357      833.20
11598121  0357      776.68
11598207  0357      776.68
11633896  0357      776.68
11645810  0357      833.20
11651035  0357      833.20
11651090  0357      833.20
11652405  0357      833.20
11653864  0357      833.20
11694358  0357      776.68
11694758  0357      833.20
11695394  0357     1553.36
11749469  0357      833.20
11783201  0357      889.84
11783366  0357     1018.36
11784637  0357      776.68
11786325  0357     1018.36
11786432  0357      776.68
11787653  0357     1666.39
11788587  0357     1779.68
11788630  0357      889.84
11790273  0357      833.20
11790818  0357     1249.79
11791177  0357      833.20
11792127  0357      833.20
11792506  0357      776.68
11792846  0357      919.51
11878930  0357      833.20
11879419  0357      889.84
11879750  0357     1018.36
11881224  0357     1018.36
11881668  0357     1941.70
11881669  0357     1391.87
11882080  0357     1200.75
11883300  0357     1666.39
12011761  0357     2036.71
12018571  0357     1165.02
12018729  0357      776.68
12018852  0357      833.20
12019816  0357      776.68
12020535  0357      951.48
12021559  0357      889.84
12021966  0357      833.20
12022428  0357      889.84
12023306  0357      951.48
12023981  0357     1249.79
12024178  0357      833.20
12024179  0357      833.20
12025294  0357     1249.79
12025488  0357      776.68
12025491  0357      776.68
12026565  0357      833.20
12027093  0357      833.20
12027260  0357     1471.99
12027527  0357      776.68
12027928  0357      776.68
12027973  0357     1779.68
12080554  0357      833.20
12241212  0357     1165.02
12242270  0357      833.20
12243077  0357      776.68
12244707  0357      776.68
12247738  0357     1249.79
12248400  0357     1941.70
12248745  0357      833.20
12248755  0357      889.84
12248784  0357     1553.36
12248960  0357      833.20
12249178  0357     1018.36
12314254  0357     2378.71
12369466  0357      833.20
12370670  0357     1448.54
1239070   0357     1060.63
12434895  0357      833.20
12435304  0357      833.20
12435757  0357     1165.02
12435759  0357     2082.99
12527456  0357      776.68
12534356  0357      833.20
12536172  0357      833.20
12536549  0357      951.48
1257983   0357     1062.50
1258658   0357     1064.35
1261562   0357     1060.63
1262953   0357     1268.94
1263302   0357     1060.63
1263303   0357     1064.35
12638103  0357      776.68
1265436   0357     1064.35
1266723   0357      732.64
12691465  0357      833.20
1269356   0357     2125.00
12698409  0357      776.68
12698965  0357      776.68
12701276  0357     1018.36
12701301  0357     1941.70
12702273  0357     1160.05
12704473  0357      776.68
12704482  0357     1779.68
12704649  0357      833.20
12704927  0357      833.20
12705860  0357      833.20
12706171  0357      833.20
12706774  0357     1779.68
12707136  0357      833.20
1272390   0357     1060.63
1273369   0357     1064.35
1277938   0357     1060.63
1278407   0357     1064.35
12848719  0357      833.20
12849330  0357      951.48
12851330  0357      833.20
12852888  0357      833.20
12858616  0357     1249.79
12878256  0357      833.20
12884972  0357      833.20
12934142  0357      776.68
12934525  0357      776.68
12935305  0357      833.20
12935606  0357      833.20
13032012  0357     1941.70
13032033  0357      833.20
13034237  0357      833.20
13035222  0357     1018.36
13084488  0357      776.68
13084886  0357      776.68
13179920  0357      776.68
13180551  0357      833.20
1318484   0357     1060.63
13187744  0357     1666.39
13187816  0357     1249.79
13188137  0357      776.68
13188604  0357     1165.02
13264411  0357      833.20
13265462  0357      776.68
13265946  0357     1527.54
13266369  0357      833.20
13268000  0357     1553.36
13268185  0357     1553.36
13268352  0357      833.20
13268457  0357      776.68
13268537  0357     1249.79
13343258  0357      776.68
13408041  0357      776.68
13510172  0357      776.68
13510180  0357      776.68
13519440  0357      776.68
13527636  0357      889.84
13566631  0357     1018.36
13643981  0357     1553.36
13643982  0357     1165.02
13644051  0357      833.20
13644555  0357     1941.70
13644665  0357      833.20
13644680  0357     2224.60
13652653  0357      776.68
13674854  0357      889.84
13678214  0357      833.20
13678857  0357      776.68
13679940  0357      833.20
13724134  0357     1249.79
13774187  0357     1117.36
13774684  0357      833.20
13775452  0357      776.68
13775808  0357      776.68
13777181  0357     1165.02
13785046  0357      776.68
13785661  0357      833.20
13785997  0357      776.68
13786181  0357      889.84
13787208  0357      833.20
13787741  0357      776.68
13842354  0357      833.20
13843775  0357      833.20
13856268  0357      833.20
13867427  0357     1249.79
13868652  0357      833.20
13880177  0357      833.20
13880981  0357      833.20
13905892  0357      776.68
13986119  0357      833.20
14003086  0357      776.68
14030527  0357      776.68
14031045  0357      833.20
14031497  0357     2082.99
14093727  0357     1249.79
14094806  0357      889.84
14143188  0357      776.68
14159223  0357     1553.36
14176671  0357      833.20
14228153  0357      833.20
14270811  0357     1941.70
14293118  0357     1249.79
1431183   0357     1064.35
14335445  0357      776.68
14335539  0357      833.20
14372299  0357      889.84
14372545  0357      776.68
14372818  0357     2745.85
14376347  0357      833.20
14398946  0357      833.20
14399267  0357     1165.02
14405196  0357      833.20
14405401  0357      833.20
14513487  0357      776.68
14590375  0357      776.68
14607589  0357     1165.02
14648947  0357      833.20
14649126  0357      776.68
14825867  0357     2082.99
14877620  0357      833.20
14877805  0357      889.84
14877859  0357      951.48
14879597  0357     1666.39
14879704  0357     1941.70
14880827  0357      889.84
14880972  0357     1666.39
15056332  0357      889.84
15170350  0357      776.68
15177340  0357      889.84
15177867  0357     1553.36
15229138  0357      833.20
15272372  0357      776.68
15306996  0357      776.68
15351139  0357      833.20
15352095  0357      833.20
15444190  0357      833.20
15448608  0357      833.20
15597541  0357      776.68
15598043  0357      776.68
15598319  0357      833.20
15598510  0357     1666.39
15598933  0357      776.68
15599928  0357     1165.02
15599929  0357     1666.39
15668151  0357     1666.39
15668851  0357      776.68
15690244  0357      776.68
15729233  0357     1249.79
15729536  0357     1941.70
15778630  0357     1249.79
15885754  0357      776.68
15886521  0357      833.20
15959808  0357      776.68
15961650  0357      776.68
16001576  0357      776.68
16137706  0357      776.68
16138119  0357     1249.79
1631390   0357     1247.71
16385667  0357      776.68
16387437  0357     1666.39
16594051  0357      776.68
16641426  0357      776.68
16736267  0357      833.20
16770549  0357      833.20
16788972  0357     1666.39
16796439  0357     1553.36
16796669  0357      776.68
17011869  0357     1666.39
17012587  0357     2082.99
17019549  0357      833.20
17033230  0357      776.68
17033256  0357      776.68
17104709  0357      833.20
17306742  0357      776.68
1737075   0357     1060.63
17379215  0357     1165.02
17380736  0357      776.68
17572385  0357     1666.39
17574055  0357      776.68
17626132  0357     1553.36
1763812   0357     1268.94
1764349   0357     1060.63
1765295   0357     2121.26
1769938   0357     1060.63
17727438  0357     2082.99
17727473  0357      776.68
17853683  0357     2082.99
17859806  0357      776.68
17859921  0357     1553.36
17872590  0357      833.20
17942424  0357      776.68
17942640  0357      833.20
17965237  0357     1249.79
18054647  0357      833.20
18058393  0357      776.68
18059918  0357      833.20
18263579  0357      833.20
18263756  0357      833.20
18332814  0357      833.20
18421508  0357      776.68
18422439  0357     1666.39
18618969  0357      776.68
18655916  0357      833.20
18656459  0357     1249.79
18785684  0357      776.68
18923581  0357      776.68
18928116  0357      776.68
18950730  0357      776.68
18998089  0357     1553.36
1906129   0357     1064.35
19262723  0357      833.20
1926999   0357     1062.50
19324610  0357     1666.39
19348247  0357      833.20
19355607  0357      776.68
19431369  0357      833.20
19436769  0357      833.20
19827450  0357      833.20
19850185  0357     1941.70
19886649  0357     2082.99
19973112  0357      833.20
20015405  0357      776.68
20046577  0357     1553.36
20046584  0357     1553.36
20187838  0357      833.20
20187870  0357     1553.36
20189202  0357      951.48
20235584  0357     1553.36
2030572   0357     1060.63
2033664   0357     1129.66
20348834  0357     1165.02
20351464  0357     2036.71
2101693   0357     1248.63
21140944  0357     1165.02
2130876   0357     1060.63
21505687  0357     1941.70
2157417   0357     2824.15
2186056   0357     1060.63
2189077   0357     1060.63
2196831   0357     1060.63
2198274   0357     1066.53
2198799   0357     1060.63
22326349  0357      776.68
2272067   0357     1060.63
23156662  0357     1064.35
23573778  0357      776.68
2376223   0357     1151.12
2380275   0357     1062.50
2384661   0357     1064.35
23851459  0357      776.68
2529886   0357     1064.35
2532585   0357     1060.63
2533320   0357     1060.63
2534786   0357      778.48
2535843   0357     1062.50
2536795   0357     1064.35
2539607   0357     1062.50
2539943   0357     1060.63
2541142   0357     1064.35
2541439   0357     1451.56
2541709   0357     1064.35
2543654   0357     1064.35
2543813   0357     1064.35
2543932   0357     1060.63
2592064   0357     1062.50
2592966   0357     1156.12
2593377   0357     1064.35
2593686   0357     1060.63
2596405   0357     1257.61
2598033   0357     1064.35
2598733   0357     1062.50
2598872   0357     1060.63
2601437   0357     1064.35
2603046   0357     1064.35
2605164   0357     1064.35
2605823   0357      732.58
2607322   0357     1146.30
2608233   0357     1118.23
2608304   0357     1060.63
2608554   0357     1064.35
2684589   0357     1064.35
2741170   0357     1127.16
2854705   0357     1060.63
2870837   0357     1060.63
2910376   0357     1060.63
2910432   0357     1060.63
2911765   0357     1060.63
2912407   0357     1060.63
2912692   0357     1129.66
2913757   0357     1060.63
2913809   0357     1060.63
2915293   0357     1060.63
2915714   0357     1064.35
2915780   0357     1060.63
2916362   0357     1064.35
2916467   0357     1060.63
2916786   0357     1060.63
2918280   0357     2660.87
2992913   0357     1060.63
3035349   0357     1064.35
3080057   0357     1694.49
3080311   0357     1064.35
3080984   0357     1551.05
3081351   0357     1064.35
3082505   0357     1276.92
3083006   0357     1064.35
3083065   0357     1060.63
3083457   0357     1060.63
3083843   0357     1060.63
3084868   0357     1064.35
3084978   0357     1060.63
3085009   0357     1060.63
3085276   0357     1062.79
3090485   0357     1132.90
3156003   0357     1209.84
3234299   0357     1062.79
3245420   0357     1064.35
3314884   0357      793.79
3315121   0357     1060.63
3315781   0357     1060.63
3317339   0357     1129.90
3318589   0357     1228.88
3318694   0357     1281.88
3318719   0357     1064.35
3320986   0357     1064.35
3322128   0357     1128.09
3322284   0357     1060.63
3322381   0357     1062.50
3324084   0357     1479.46
3324110   0357     1595.57
3329806   0357     1064.35
3353242   0357     1209.84
3528540   0357     1156.48
3533360   0357     1358.75
3535445   0357     1060.63
3535838   0357     1060.63
3538837   0357     1154.73
3539352   0357     1064.35
3541739   0357     1064.35
3541975   0357      732.64
3542004   0357      889.84
3542015   0357      845.49
3554092   0357     1062.50
3593839   0357     1060.63
3598528   0357     1064.35
3710064   0357     1371.03
3759377   0357     1060.63
3784066   0357     1060.63
3784441   0357     1181.68
3785251   0357     1064.35
3792247   0357     1064.35
3830110   0357     1060.63
3855157   0357      732.58
3855577   0357     1064.35
3856978   0357     1060.63
3857004   0357     1060.63
3857220   0357     1064.39
3857667   0357     1060.63
3857878   0357     1062.50
3858323   0357     2128.70
3858856   0357      889.84
3859230   0357     1673.56
3864991   0357     1236.33
3875055   0357     1309.88
3877925   0357     3262.66
3878006   0357     1329.59
3963688   0357     1260.79
3964093   0357     1457.93
3965704   0357     1060.63
3969513   0357     1068.24
4001934   0357     1397.34
4064149   0357     1142.85
4065177   0357     1060.63
4065584   0357     1135.63
4065648   0357     1377.56
4066245   0357     1060.63
4067118   0357     1236.71
4067735   0357     1226.39
4067795   0357     1064.35
4068788   0357     1060.63
4071074   0357     1513.84
4071241   0357     1253.12
4107436   0357     1106.87
4191539   0357     1060.63
4193094   0357     2656.25
4194671   0357     1145.88
4195654   0357     1060.63
4199927   0357      732.64
4200911   0357     1060.63
4238916   0357     1060.63
430240    0357     1060.63
4317775   0357     1632.44
4373204   0357     1679.10
4373479   0357     1060.63
4375498   0357     1129.66
4375998   0357     1086.89
4376813   0357     1164.18
4377201   0357     1062.50
4378140   0357     1060.63
4378236   0357     1060.63
4378283   0357     1060.63
4378759   0357     1547.87
4379154   0357     1060.63
4381341   0357     1060.63
4381614   0357     1210.65
4382400   0357     1596.52
4383023   0357     1414.90
4383200   0357     1060.63
4385047   0357     1064.35
4386936   0357      951.48
4387777   0357     2835.74
4409485   0357     1567.40
4409788   0357     1060.63
4409789   0357     2302.99
4414417   0357     1204.70
4414541   0357     1126.03
4414909   0357     1064.35
4415675   0357     1060.63
443869    0357     1064.35
4609506   0357     1141.06
4610129   0357     1060.63
4720170   0357     1165.02
4720923   0357     1188.28
4721016   0357      776.68
4721639   0357     1060.63
4722680   0357     1060.63
4722814   0357      853.90
4723168   0357     1060.63
4723403   0357     1060.63
4724433   0357     1064.35
4725919   0357     1779.68
4727740   0357     1074.20
4728331   0357     1060.63
4729448   0357      756.70
4730168   0357     1633.49
4730490   0357     1060.63
4730823   0357     1599.33
4731322   0357     1580.34
4731494   0357     1153.21
4732090   0357     1226.90
4732618   0357     1199.91
4734527   0357      776.68
4734940   0357      776.68
4735505   0357     1060.63
4738424   0357     1064.35
4739546   0357     1405.94
4739796   0357      889.84
4754833   0357     1433.62
4803744   0357     1793.59
4805842   0357      833.20
4827213   0357     1198.73
4853128   0357      989.21
4882144   0357      797.02
5017295   0357      776.68
5022967   0357     1062.50
5237805   0357     1174.07
5238236   0357     1060.63
5239261   0357     1232.37
5240821   0357     1060.63
5242545   0357     1194.83
5244302   0357     1209.84
5244483   0357      776.68
5244484   0357     1153.21
5244765   0357     1060.63
5245261   0357     1303.95
5248926   0357     1218.61
5248954   0357     1120.54
5249259   0357      833.20
5249817   0357     1277.14
5250965   0357     1064.35
5251153   0357     1356.46
5251214   0357     1221.46
5252606   0357     1779.68
5253930   0357     1060.63
5254613   0357     1379.42
5254952   0357     1060.63
5255567   0357      833.20
5255641   0357     1320.04
5257069   0357     1116.34
5257175   0357     1064.35
5257421   0357      951.48
5257727   0357     2082.99
5257774   0357     1174.06
5259121   0357     1060.63
5259785   0357     1060.63
5261116   0357     1108.32
5261139   0357     1323.37
5261250   0357     1060.63
5261418   0357     1093.87
5261643   0357     1323.83
5263470   0357     1188.03
5344986   0357     1119.09
5435450   0357     1191.35
5436619   0357      889.84
5436795   0357      817.50
5438690   0357     1164.46
5439480   0357      833.20
5439865   0357     2378.71
5458236   0357      776.68
5461455   0357     1064.39
5605414   0357     2709.31
5658043   0357     1325.03
5688352   0357     1196.79
5765952   0357      833.20
5779173   0357      833.20
5915261   0357     1064.35
5921128   0357     1600.44
5921800   0357      776.68
5923624   0357      889.84
5925143   0357      889.84
5925949   0357      732.64
5929492   0357      833.20
5935536   0357     4175.78
5938630   0357     1385.57
5938995   0357      833.20
6044716   0357     1249.79
6125595   0357     2803.40
6127630   0357     1229.77
6238388   0357     1018.36
6394853   0357      947.35
6537141   0357     1060.63
6573443   0357     1377.89
6573855   0357      951.48
6573893   0357      776.68
6575243   0357      776.68
6575301   0357      833.20
6584406   0357     2651.58
6602322   0357      776.68
6634354   0357      833.20
6689708   0357      833.20
6690236   0357      833.20
6701343   0357     1201.22
6701344   0357     1401.02
6701453   0357      833.20
673822    0357     1060.63
6841910   0357      776.68
7211860   0357      889.84
7240399   0357      833.20
7300376   0357     1164.46
7301470   0357     1060.63
7305494   0357     1064.35
7305781   0357     1060.63
7308623   0357     1245.79
7309317   0357      776.68
7309375   0357     1098.44
7310425   0357      951.48
7310959   0357     1064.35
7311233   0357     1136.09
7311255   0357     1375.33
7312149   0357     1337.89
7313189   0357     1060.63
7314050   0357     1254.66
7314987   0357      951.48
7315048   0357      889.84
7315058   0357     3217.32
7315331   0357      833.20
7316059   0357      951.48
7316139   0357     1310.14
7316607   0357     1451.56
7316959   0357     2125.00
7317744   0357     2121.26
7318041   0357     1158.93
7319649   0357     1779.68
7321787   0357      776.68
7322304   0357      776.68
7322780   0357      776.68
7322794   0357     1497.06
7324725   0357     1062.50
7325664   0357     1054.54
7325721   0357     1064.35
7325722   0357     1546.61
7325778   0357      732.64
7328421   0357      776.68
7330948   0357      833.20
7331943   0357     1947.60
7332202   0357     1323.75
7332734   0357     1596.52
7333145   0357     1652.29
7333526   0357     2647.50
7335642   0357      833.20
7337422   0357     1041.84
7337778   0357      776.68
7338055   0357     1405.32
7340200   0357     1060.63
7340742   0357     1128.09
7340989   0357     1245.88
7342107   0357      776.68
7342680   0357     1064.35
7343605   0357     1119.09
7344290   0357      776.68
7344465   0357     1553.36
7347856   0357     1064.35
7348137   0357     1082.45
7348986   0357     1351.32
7349428   0357     2545.89
7349843   0357      776.68
7350162   0357     1089.58
7350273   0357      776.68
7351297   0357      916.93
7352317   0357      776.68
7353377   0357      833.20
7354064   0357      776.68
7354848   0357      732.64
7355928   0357     1060.63
7359478   0357      889.84
7360346   0357      776.68
7360517   0357      833.20
7363171   0357     1015.44
7363652   0357      833.20
7365166   0357     1332.41
7365545   0357      776.68
7367276   0357      776.68
7368710   0357     1553.36
7369018   0357      833.20
7371154   0357      833.20
7372156   0357      776.68
7372973   0357     1183.71
7373089   0357     1120.93
7373215   0357      951.48
7374243   0357     1186.05
7374616   0357     1064.35
7377030   0357      776.68
7377579   0357      833.20
7379256   0357     1553.36
7380616   0357      776.68
7381553   0357      833.20
7382148   0357     1173.69
7382532   0357      776.68
7384964   0357      833.20
7387544   0357     1666.39
7388038   0357      776.68
7388080   0357      833.20
7388125   0357      889.84
7388199   0357     1779.08
7389581   0357      833.20
7391472   0357     1092.60
7392153   0357     2224.60
7393061   0357      776.68
7393144   0357     2097.02
7395742   0357      732.58
7396051   0357     1785.85
7398038   0357      944.04
7400031   0357      833.20
7401094   0357      833.20
7401380   0357     1263.81
7401853   0357      776.68
7403123   0357      776.68
7403188   0357      776.68
7403563   0357      776.68
7406353   0357      833.20
7408531   0357      833.20
7409730   0357      776.68
7410177   0357     1530.18
7412535   0357      889.84
7412738   0357      776.68
7415285   0357     1480.68
7415448   0357      833.20
7416870   0357     1119.09
7417289   0357     1553.36
7417791   0357     1666.39
7418898   0357      776.68
7418939   0357      833.20
7419340   0357      776.68
7419740   0357     1305.47
7419800   0357      833.20
7419866   0357     1941.70
7420316   0357      833.20
7420429   0357      889.84
7423108   0357      889.84
7423415   0357      833.20
7423444   0357     1482.04
7425063   0357      776.68
7425430   0357      833.20
7425900   0357      776.68
7426046   0357      833.20
7427359   0357      776.68
7427520   0357      833.20
7429274   0357      833.20
7432253   0357      889.84
7434591   0357     2082.99
7435158   0357     2972.94
7436077   0357     1553.36
7436996   0357      833.20
7437806   0357      776.68
7437808   0357     1100.86
7438450   0357     1237.76
7439597   0357     2751.32
7439617   0357      833.20
7439629   0357      833.20
7440809   0357      796.96
7442445   0357      833.20
7444497   0357     1165.02
7444651   0357      889.84
7444842   0357      833.20
7444889   0357     1902.96
7445661   0357      776.68
7446382   0357      889.84
7446644   0357      833.20
7447067   0357     2082.99
7447334   0357      951.48
7447992   0357      776.68
7449457   0357      776.68
7455429   0357     1398.09
7455588   0357     1263.81
7461704   0357     1234.59
7465820   0357     2082.99
7465910   0357      833.20
7466779   0357     1579.02
7466870   0357     1489.33
7502836   0357     1221.49
7548386   0357     1002.11
7548420   0357     1266.77
770342    0357     1064.35
7917981   0357     1226.49
7981510   0357     1583.68
7982728   0357      806.68
7982865   0357      889.84
7983170   0357      776.68
7984159   0357      833.20
7985605   0357      843.06
7988969   0357     1664.85
8054279   0357     1151.56
8064487   0357     1990.31
8069571   0357     1250.02
8140450   0357      805.81
8594315   0357      833.20
8718789   0357     1829.21
8734286   0357      889.84
9066082   0357     1060.63
9100619   0357     1664.85
9211039   0357      776.68
9261804   0357      889.84
9317884   0357     1779.68
9433060   0357      833.20
9540404   0357      889.84
9540845   0357     2005.05
9542018   0357     2224.60
9542237   0357      776.68
9543174   0357     1332.41
9543530   0357     1350.85
9544179   0357      833.20
9544345   0357      776.68
9544429   0357     1446.47
9544827   0357      889.84
9545198   0357     1060.63
9545952   0357     1353.17
9546474   0357      833.20
9547148   0357     1443.34
9551389   0357      833.20
9552709   0357     1152.84
9553039   0357     2074.44
9553047   0357      776.68
9553149   0357      776.68
9555077   0357     1155.04
9555609   0357      776.68
9555641   0357      833.20
9557148   0357     1902.96
9557803   0357      776.68
9557875   0357      776.68
9557894   0357     1339.88
9558628   0357      776.68
9560453   0357     1028.48
9570736   0357     1399.73
9572755   0357     1439.21
9577605   0357     1488.11
9601343   0357     2082.99
9603154   0357     1391.87
9603683   0357      833.20
9603870   0357      732.64
9604166   0357      776.68
9604592   0357     1527.54
9607091   0357     1060.63
9608547   0357      833.20
9609337   0357     1117.31
9609338   0357     1666.39
9612117   0357     1666.79
9612692   0357      833.20
9614364   0357     1553.36
9615563   0357      833.20
9615964   0357      833.20
9617493   0357     1553.36
9620242   0357     1779.68
9620248   0357     1902.96
9620376   0357      833.20
9620599   0357      889.84
9620701   0357      776.68
9620720   0357     1208.17
9621777   0357      833.20
9622347   0357      833.20
9624370   0357     1798.68
9624596   0357      776.68
9625361   0357      833.20
9625933   0357     1666.39
9626082   0357      833.20
9626215   0357      776.68
9627150   0357     2224.60
9627523   0357     1666.39
9627724   0357      776.68
9629963   0357      889.84
9631462   0357     1357.83
9634554   0357     1522.37
9634674   0357      833.20
9636806   0357      776.68
9638320   0357      833.20
9639201   0357      776.68
9845319   0357      776.68
9846320   0357      889.84
9847068   0357      776.68
9847350   0357     1612.69
9848693   0357     1268.35
9850403   0357      833.20
9851111   0357      833.20
9851993   0357     1496.91
10107724  3357     1018.36
10120357  3357      833.20
10121866  3357      889.84
10125466  3357      776.68
10126656  3357      833.20
10141786  3357      889.84
10312414  3357      776.68
10373550  3357      833.20
10639752  3357     1148.79
10726693  3357      833.20
10760806  3357      776.68
10764554  3357      889.84
10770124  3357      833.20
10772668  3357      776.68
10774121  3357      889.84
10775520  3357      776.68
10776516  3357     1018.36
10776915  3357      776.68
10777645  3357      833.20
10778464  3357      776.68
10779723  3357     1416.10
10784623  3357      833.20
10820078  3357      889.84
10840266  3357      833.20
10841061  3357      776.68
10841823  3357     1018.36
10842205  3357      833.20
10843324  3357      833.20
10844947  3357      833.20
10845717  3357      776.68
10845943  3357     1018.36
10846474  3357      833.20
10846532  3357      889.84
10846629  3357     1198.06
10846940  3357      833.20
10846985  3357      833.20
10847648  3357      776.68
10848158  3357     1636.92
10849906  3357      833.20
10849907  3357      889.84
10860593  3357      833.20
10903693  3357     1119.09
10959957  3357      833.20
10960021  3357      833.20
10963442  3357      889.84
10963957  3357      889.84
10964062  3357      833.20
1108218   3357     1060.63
1112379   3357     1064.35
1115136   3357     1398.46
11163187  3357      776.68
11177533  3357      776.68
11260715  3357      833.20
11261772  3357     1018.36
11262378  3357      833.20
11263756  3357      776.68
11264465  3357      833.20
11264550  3357      776.68
11265496  3357      833.20
11265527  3357      889.84
11266390  3357      833.20
11267811  3357      776.68
11267932  3357      776.68
11268437  3357     1018.36
11269196  3357      951.48
1129535   3357     1062.50
11414487  3357      889.84
11425214  3357      833.20
11425449  3357      833.20
11426462  3357     1133.36
11428034  3357      776.68
11428889  3357      833.20
11429539  3357      833.20
11429792  3357      776.68
11429991  3357      833.20
11430700  3357      833.20
11433167  3357      833.20
11433865  3357      833.20
11433968  3357      833.20
11434350  3357      833.20
11546168  3357      776.68
11584952  3357      833.20
11586448  3357      889.84
11589730  3357      833.20
11594236  3357     1018.36
11594524  3357      776.68
11596252  3357      833.20
11597667  3357      833.20
11598121  3357      776.68
11598207  3357      776.68
11633896  3357      776.68
11645810  3357      833.20
11651035  3357      833.20
11651090  3357      833.20
11652405  3357      833.20
11653864  3357      833.20
11694358  3357      776.68
11694758  3357      833.20
11695394  3357      776.68
11749469  3357      833.20
11783201  3357      889.84
11783366  3357     1018.36
11784637  3357      776.68
11786325  3357     1018.36
11786432  3357      776.68
11787653  3357      833.20
11788587  3357      889.84
11788630  3357      889.84
11790273  3357      833.20
11790818  3357      833.20
11791177  3357      833.20
11792127  3357      833.20
11792506  3357      776.68
11792846  3357      919.51
11878930  3357      833.20
11879419  3357      889.84
11879750  3357     1018.36
11881224  3357     1018.36
11881668  3357      776.68
11881669  3357     1391.87
11882080  3357     1200.75
11883300  3357      833.20
12011761  3357     1018.36
12018571  3357      776.68
12018729  3357      776.68
12018852  3357      833.20
12019816  3357      776.68
12020535  3357      951.48
12021559  3357      889.84
12021966  3357      833.20
12022428  3357      889.84
12023306  3357      951.48
12023981  3357      833.20
12024178  3357      833.20
12024179  3357      833.20
12025294  3357      833.20
12025488  3357      776.68
12025491  3357      776.68
12026565  3357      833.20
12027093  3357      833.20
12027260  3357     1471.99
12027527  3357      776.68
12027928  3357      776.68
12027973  3357      889.84
12080554  3357      833.20
12241212  3357      776.68
12242270  3357      833.20
12243077  3357      776.68
12244707  3357      776.68
12247738  3357      833.20
12248400  3357      776.68
12248745  3357      833.20
12248755  3357      889.84
12248784  3357      776.68
12248960  3357      833.20
12249178  3357     1018.36
12314254  3357      951.48
12369466  3357      833.20
12370670  3357     1448.54
1239070   3357     1060.63
12434895  3357      833.20
12435304  3357      833.20
12435757  3357      776.68
12435759  3357      833.20
12527456  3357      776.68
12534356  3357      833.20
12536172  3357      833.20
12536549  3357      951.48
1257983   3357     1062.50
1258658   3357     1064.35
1261562   3357     1060.63
1262953   3357     1268.94
1263302   3357     1060.63
1263303   3357     1064.35
12638103  3357      776.68
1265436   3357     1064.35
1266723   3357      732.64
12691465  3357      833.20
1269356   3357     1062.50
12698409  3357      776.68
12698965  3357      776.68
12701276  3357     1018.36
12701301  3357      776.68
12702273  3357     1160.05
12704473  3357      776.68
12704482  3357      889.84
12704649  3357      833.20
12704927  3357      833.20
12705860  3357      833.20
12706171  3357      833.20
12706774  3357      889.84
12707136  3357      833.20
1272390   3357     1060.63
1273369   3357     1064.35
1277938   3357     1060.63
1278407   3357     1064.35
12848719  3357      833.20
12849330  3357      951.48
12851330  3357      833.20
12852888  3357      833.20
12858616  3357      833.20
12878256  3357      833.20
12884972  3357      833.20
12934142  3357      776.68
12934525  3357      776.68
12935305  3357      833.20
12935606  3357      833.20
13032012  3357      776.68
13032033  3357      833.20
13034237  3357      833.20
13035222  3357     1018.36
13084488  3357      776.68
13084886  3357      776.68
13179920  3357      776.68
13180551  3357      833.20
1318484   3357     1060.63
13187744  3357      833.20
13187816  3357      833.20
13188137  3357      776.68
13188604  3357      776.68
13264411  3357      833.20
13265462  3357      776.68
13265946  3357     1018.36
13266369  3357      833.20
13268000  3357      776.68
13268185  3357      776.68
13268352  3357      833.20
13268457  3357      776.68
13268537  3357      833.20
13343258  3357      776.68
13408041  3357      776.68
13510172  3357      776.68
13510180  3357      776.68
13519440  3357      776.68
13527636  3357      889.84
13566631  3357     1018.36
13643981  3357      776.68
13643982  3357      776.68
13644051  3357      833.20
13644555  3357      776.68
13644665  3357      833.20
13644680  3357      889.84
13652653  3357      776.68
13674854  3357      889.84
13678214  3357      833.20
13678857  3357      776.68
13679940  3357      833.20
13724134  3357      833.20
13774187  3357     1117.36
13774684  3357      833.20
13775452  3357      776.68
13775808  3357      776.68
13777181  3357      776.68
13785046  3357      776.68
13785661  3357      833.20
13785997  3357      776.68
13786181  3357      889.84
13787208  3357      833.20
13787741  3357      776.68
13842354  3357      833.20
13843775  3357      833.20
13856268  3357      833.20
13867427  3357      833.20
13868652  3357      833.20
13880177  3357      833.20
13880981  3357      833.20
13905892  3357      776.68
13986119  3357      833.20
14003086  3357      776.68
14030527  3357      776.68
14031045  3357      833.20
14031497  3357      833.20
14093727  3357      833.20
14094806  3357      889.84
14143188  3357      776.68
14159223  3357      776.68
14176671  3357      833.20
14228153  3357      833.20
14270811  3357      776.68
14293118  3357      833.20
1431183   3357     1064.35
14335445  3357      776.68
14335539  3357      833.20
14372299  3357      889.84
14372545  3357      776.68
14372818  3357     1098.34
14376347  3357      833.20
14398946  3357      833.20
14399267  3357      776.68
14405196  3357      833.20
14405401  3357      833.20
14513487  3357      776.68
14590375  3357      776.68
14607589  3357      776.68
14648947  3357      833.20
14649126  3357      776.68
14825867  3357      833.20
14877620  3357      833.20
14877805  3357      889.84
14877859  3357      951.48
14879597  3357      833.20
14879704  3357      776.68
14880827  3357      889.84
14880972  3357      833.20
15056332  3357      889.84
15170350  3357      776.68
15177340  3357      889.84
15177867  3357      776.68
15229138  3357      833.20
15272372  3357      776.68
15306996  3357      776.68
15351139  3357      833.20
15352095  3357      833.20
15444190  3357      833.20
15448608  3357      833.20
15597541  3357      776.68
15598043  3357      776.68
15598319  3357      833.20
15598510  3357      833.20
15598933  3357      776.68
15599928  3357      776.68
15599929  3357      833.20
15668151  3357      833.20
15668851  3357      776.68
15690244  3357      776.68
15729233  3357      833.20
15729536  3357      776.68
15778630  3357      833.20
15885754  3357      776.68
15886521  3357      833.20
15959808  3357      776.68
15961650  3357      776.68
16001576  3357      776.68
16137706  3357      776.68
16138119  3357      833.20
1631390   3357     1247.71
16385667  3357      776.68
16387437  3357      833.20
16594051  3357      776.68
16641426  3357      776.68
16736267  3357      833.20
16770549  3357      833.20
16788972  3357      833.20
16796439  3357      776.68
16796669  3357      776.68
17011869  3357      833.20
17012587  3357      833.20
17019549  3357      833.20
17033230  3357      776.68
17033256  3357      776.68
17104709  3357      833.20
17306742  3357      776.68
1737075   3357     1060.63
17379215  3357      776.68
17380736  3357      776.68
17572385  3357      833.20
17574055  3357      776.68
17626132  3357      776.68
1763812   3357     1268.94
1764349   3357     1060.63
1765295   3357     1060.63
1769938   3357     1060.63
17727438  3357      833.20
17727473  3357      776.68
17853683  3357      833.20
17859806  3357      776.68
17859921  3357      776.68
17872590  3357      833.20
17942424  3357      776.68
17942640  3357      833.20
17965237  3357      833.20
18054647  3357      833.20
18058393  3357      776.68
18059918  3357      833.20
18263579  3357      833.20
18263756  3357      833.20
18332814  3357      833.20
18421508  3357      776.68
18422439  3357      833.20
18618969  3357      776.68
18655916  3357      833.20
18656459  3357      833.20
18785684  3357      776.68
18923581  3357      776.68
18928116  3357      776.68
18950730  3357      776.68
18998089  3357      776.68
1906129   3357     1064.35
19262723  3357      833.20
1926999   3357     1062.50
19324610  3357      833.20
19348247  3357      833.20
19355607  3357      776.68
19431369  3357      833.20
19436769  3357      833.20
19827450  3357      833.20
19850185  3357      776.68
19886649  3357      833.20
19973112  3357      833.20
20015405  3357      776.68
20046577  3357      776.68
20046584  3357      776.68
20187838  3357      833.20
20187870  3357      776.68
20189202  3357      951.48
20235584  3357      776.68
2030572   3357     1060.63
2033664   3357     1129.66
20348834  3357      776.68
20351464  3357     1018.36
2101693   3357     1248.63
21140944  3357      776.68
2130876   3357     1060.63
21505687  3357      776.68
2157417   3357     1129.66
2186056   3357     1060.63
2189077   3357     1060.63
2196831   3357     1060.63
2198274   3357     1066.53
2198799   3357     1060.63
22326349  3357      776.68
2272067   3357     1060.63
23156662  3357     1064.35
23573778  3357      776.68
2376223   3357     1151.12
2380275   3357     1062.50
2384661   3357     1064.35
23851459  3357      776.68
2529886   3357     1064.35
2532585   3357     1060.63
2533320   3357     1060.63
2534786   3357      778.48
2535843   3357     1062.50
2536795   3357     1064.35
2539607   3357     1062.50
2539943   3357     1060.63
2541142   3357     1064.35
2541439   3357     1451.56
2541709   3357     1064.35
2543654   3357     1064.35
2543813   3357     1064.35
2543932   3357     1060.63
2592064   3357     1062.50
2592966   3357     1156.12
2593377   3357     1064.35
2593686   3357     1060.63
2596405   3357     1257.61
2598033   3357     1064.35
2598733   3357     1062.50
2598872   3357     1060.63
2601437   3357     1064.35
2603046   3357     1064.35
2605164   3357     1064.35
2605823   3357      732.58
2607322   3357     1146.30
2608233   3357     1118.23
2608304   3357     1060.63
2608554   3357     1064.35
2684589   3357     1064.35
2741170   3357     1127.16
2854705   3357     1060.63
2870837   3357     1060.63
2910376   3357     1060.63
2910432   3357     1060.63
2911765   3357     1060.63
2912407   3357     1060.63
2912692   3357     1129.66
2913757   3357     1060.63
2913809   3357     1060.63
2915293   3357     1060.63
2915714   3357     1064.35
2915780   3357     1060.63
2916362   3357     1064.35
2916467   3357     1060.63
2916786   3357     1060.63
2918280   3357     1064.35
2992913   3357     1060.63
3035349   3357     1064.35
3080057   3357     1129.66
3080311   3357     1064.35
3080984   3357     1551.05
3081351   3357     1064.35
3082505   3357     1276.92
3083006   3357     1064.35
3083065   3357     1060.63
3083457   3357     1060.63
3083843   3357     1060.63
3084868   3357     1064.35
3084978   3357     1060.63
3085009   3357     1060.63
3085276   3357     1062.79
3090485   3357     1132.90
3156003   3357     1209.84
3234299   3357     1062.79
3245420   3357     1064.35
3314884   3357      793.79
3315121   3357     1060.63
3315781   3357     1060.63
3317339   3357     1129.90
3318589   3357     1228.88
3318694   3357     1281.88
3318719   3357     1064.35
3320986   3357     1064.35
3322128   3357     1128.09
3322284   3357     1060.63
3322381   3357     1062.50
3324084   3357     1479.46
3324110   3357     1595.57
3329806   3357     1064.35
3353242   3357     1209.84
3528540   3357     1156.48
3533360   3357     1358.75
3535445   3357     1060.63
3535838   3357     1060.63
3538837   3357     1154.73
3539352   3357     1064.35
3541739   3357     1064.35
3541975   3357      732.64
3542004   3357      889.84
3542015   3357      845.49
3554092   3357     1062.50
3593839   3357     1060.63
3598528   3357     1064.35
3710064   3357     1371.03
3759377   3357     1060.63
3784066   3357     1060.63
3784441   3357     1181.68
3785251   3357     1064.35
3792247   3357     1064.35
3830110   3357     1060.63
3855157   3357      732.58
3855577   3357     1064.35
3856978   3357     1060.63
3857004   3357     1060.63
3857220   3357     1064.39
3857667   3357     1060.63
3857878   3357     1062.50
3858323   3357     1064.35
3858856   3357      889.84
3859230   3357     1115.71
3864991   3357     1236.33
3875055   3357     1309.88
3877925   3357     1631.33
3878006   3357     1329.59
3963688   3357     1260.79
3964093   3357     1457.93
3965704   3357     1060.63
3969513   3357     1068.24
4001934   3357     1397.34
4064149   3357     1142.85
4065177   3357     1060.63
4065584   3357     1135.63
4065648   3357     1377.56
4066245   3357     1060.63
4067118   3357     1236.71
4067735   3357     1226.39
4067795   3357     1064.35
4068788   3357     1060.63
4071074   3357     1513.84
4071241   3357     1253.12
4107436   3357     1106.87
4191539   3357     1060.63
4193094   3357     1062.50
4194671   3357     1145.88
4195654   3357     1060.63
4199927   3357      732.64
4200911   3357     1060.63
4238916   3357     1060.63
430240    3357     1060.63
4317775   3357     1632.44
4373204   3357     1679.10
4373479   3357     1060.63
4375498   3357     1129.66
4375998   3357     1086.89
4376813   3357     1164.18
4377201   3357     1062.50
4378140   3357     1060.63
4378236   3357     1060.63
4378283   3357     1060.63
4378759   3357     1547.87
4379154   3357     1060.63
4381341   3357     1060.63
4381614   3357     1210.65
4382400   3357     1064.35
4383023   3357     1414.90
4383200   3357     1060.63
4385047   3357     1064.35
4386936   3357      951.48
4387777   3357     1134.30
4409485   3357     1567.40
4409788   3357     1060.63
4409789   3357     1151.50
4414417   3357     1204.70
4414541   3357     1126.03
4414909   3357     1064.35
4415675   3357     1060.63
443869    3357     1064.35
4609506   3357     1141.06
4610129   3357     1060.63
4720170   3357      776.68
4720923   3357     1188.28
4721016   3357      776.68
4721639   3357     1060.63
4722680   3357     1060.63
4722814   3357      853.90
4723168   3357     1060.63
4723403   3357     1060.63
4724433   3357     1064.35
4725919   3357      889.84
4727740   3357     1074.20
4728331   3357     1060.63
4729448   3357      756.70
4730168   3357     1633.49
4730490   3357     1060.63
4730823   3357     1599.33
4731322   3357     1580.34
4731494   3357     1153.21
4732090   3357     1226.90
4732618   3357     1199.91
4734527   3357      776.68
4734940   3357      776.68
4735505   3357     1060.63
4738424   3357     1064.35
4739546   3357     1405.94
4739796   3357      889.84
4754833   3357     1433.62
4803744   3357     1793.59
4805842   3357      833.20
4827213   3357     1198.73
4853128   3357      989.21
4882144   3357      797.02
5017295   3357      776.68
5022967   3357     1062.50
5237805   3357     1174.07
5238236   3357     1060.63
5239261   3357     1232.37
5240821   3357     1060.63
5242545   3357     1194.83
5244302   3357     1209.84
5244483   3357      776.68
5244484   3357     1153.21
5244765   3357     1060.63
5245261   3357     1303.95
5248926   3357     1218.61
5248954   3357     1120.54
5249259   3357      833.20
5249817   3357     1277.14
5250965   3357     1064.35
5251153   3357     1356.46
5251214   3357     1221.46
5252606   3357      889.84
5253930   3357     1060.63
5254613   3357     1379.42
5254952   3357     1060.63
5255567   3357      833.20
5255641   3357     1320.04
5257069   3357     1116.34
5257175   3357     1064.35
5257421   3357      951.48
5257727   3357      833.20
5257774   3357     1174.06
5259121   3357     1060.63
5259785   3357     1060.63
5261116   3357     1108.32
5261139   3357     1323.37
5261250   3357     1060.63
5261418   3357     1093.87
5261643   3357     1323.83
5263470   3357     1188.03
5344986   3357     1119.09
5435450   3357     1191.35
5436619   3357      889.84
5436795   3357      817.50
5438690   3357     1164.46
5439480   3357      833.20
5439865   3357      951.48
5458236   3357      776.68
5461455   3357     1064.39
5605414   3357     1354.65
5658043   3357     1325.03
5688352   3357     1196.79
5765952   3357      833.20
5779173   3357      833.20
5915261   3357     1064.35
5921128   3357     1600.44
5921800   3357      776.68
5923624   3357      889.84
5925143   3357      889.84
5925949   3357      732.64
5929492   3357      833.20
5935536   3357     1670.31
5938630   3357     1385.57
5938995   3357      833.20
6044716   3357      833.20
6125595   3357     1121.36
6127630   3357     1229.77
6238388   3357     1018.36
6394853   3357      947.35
6537141   3357     1060.63
6573443   3357     1377.89
6573855   3357      951.48
6573893   3357      776.68
6575243   3357      776.68
6575301   3357      833.20
6584406   3357     1060.63
6602322   3357      776.68
6634354   3357      833.20
6689708   3357      833.20
6690236   3357      833.20
6701343   3357     1201.22
6701344   3357     1401.02
6701453   3357      833.20
673822    3357     1060.63
6841910   3357      776.68
7211860   3357      889.84
7240399   3357      833.20
7300376   3357     1164.46
7301470   3357     1060.63
7305494   3357     1064.35
7305781   3357     1060.63
7308623   3357     1245.79
7309317   3357      776.68
7309375   3357     1098.44
7310425   3357      951.48
7310959   3357     1064.35
7311233   3357     1136.09
7311255   3357     1375.33
7312149   3357     1337.89
7313189   3357     1060.63
7314050   3357     1254.66
7314987   3357      951.48
7315048   3357      889.84
7315058   3357     1286.93
7315331   3357      833.20
7316059   3357      951.48
7316139   3357     1310.14
7316607   3357     1451.56
7316959   3357     1062.50
7317744   3357     1060.63
7318041   3357     1158.93
7319649   3357      889.84
7321787   3357      776.68
7322304   3357      776.68
7322780   3357      776.68
7322794   3357     1497.06
7324725   3357     1062.50
7325664   3357     1054.54
7325721   3357     1064.35
7325722   3357     1546.61
7325778   3357      732.64
7328421   3357      776.68
7330948   3357      833.20
7331943   3357     1947.60
7332202   3357     1323.75
7332734   3357     1064.35
7333145   3357     1652.29
7333526   3357     1323.75
7335642   3357      833.20
7337422   3357     1041.84
7337778   3357      776.68
7338055   3357     1405.32
7340200   3357     1060.63
7340742   3357     1128.09
7340989   3357     1245.88
7342107   3357      776.68
7342680   3357     1064.35
7343605   3357     1119.09
7344290   3357      776.68
7344465   3357      776.68
7347856   3357     1064.35
7348137   3357     1082.45
7348986   3357     1351.32
7349428   3357     1018.36
7349843   3357      776.68
7350162   3357     1089.58
7350273   3357      776.68
7351297   3357      916.93
7352317   3357      776.68
7353377   3357      833.20
7354064   3357      776.68
7354848   3357      732.64
7355928   3357     1060.63
7359478   3357      889.84
7360346   3357      776.68
7360517   3357      833.20
7363171   3357     1015.44
7363652   3357      833.20
7365166   3357     1332.41
7365545   3357      776.68
7367276   3357      776.68
7368710   3357      776.68
7369018   3357      833.20
7371154   3357      833.20
7372156   3357      776.68
7372973   3357     1183.71
7373089   3357     1120.93
7373215   3357      951.48
7374243   3357     1186.05
7374616   3357     1064.35
7377030   3357      776.68
7377579   3357      833.20
7379256   3357      776.68
7380616   3357      776.68
7381553   3357      833.20
7382148   3357     1173.69
7382532   3357      776.68
7384964   3357      833.20
7387544   3357      833.20
7388038   3357      776.68
7388080   3357      833.20
7388125   3357      889.84
7388199   3357     1186.05
7389581   3357      833.20
7391472   3357     1092.60
7392153   3357      889.84
7393061   3357      776.68
7393144   3357     1048.51
7395742   3357      732.58
7396051   3357     1190.56
7398038   3357      944.04
7400031   3357      833.20
7401094   3357      833.20
7401380   3357     1263.81
7401853   3357      776.68
7403123   3357      776.68
7403188   3357      776.68
7403563   3357      776.68
7406353   3357      833.20
7408531   3357      833.20
7409730   3357      776.68
7410177   3357     1530.18
7412535   3357      889.84
7412738   3357      776.68
7415285   3357     1480.68
7415448   3357      833.20
7416870   3357     1119.09
7417289   3357      776.68
7417791   3357      833.20
7418898   3357      776.68
7418939   3357      833.20
7419340   3357      776.68
7419740   3357     1305.47
7419800   3357      833.20
7419866   3357      776.68
7420316   3357      833.20
7420429   3357      889.84
7423108   3357      889.84
7423415   3357      833.20
7423444   3357     1482.04
7425063   3357      776.68
7425430   3357      833.20
7425900   3357      776.68
7426046   3357      833.20
7427359   3357      776.68
7427520   3357      833.20
7429274   3357      833.20
7432253   3357      889.84
7434591   3357      833.20
7435158   3357     1189.18
7436077   3357      776.68
7436996   3357      833.20
7437806   3357      776.68
7437808   3357     1100.86
7438450   3357     1237.76
7439597   3357     1375.66
7439617   3357      833.20
7439629   3357      833.20
7440809   3357      796.96
7442445   3357      833.20
7444497   3357      776.68
7444651   3357      889.84
7444842   3357      833.20
7444889   3357      951.48
7445661   3357      776.68
7446382   3357      889.84
7446644   3357      833.20
7447067   3357      833.20
7447334   3357      951.48
7447992   3357      776.68
7449457   3357      776.68
7455429   3357     1398.09
7455588   3357     1263.81
7461704   3357     1234.59
7465820   3357      833.20
7465910   3357      833.20
7466779   3357     1579.02
7466870   3357     1489.33
7502836   3357     1221.49
7548386   3357     1002.11
7548420   3357     1266.77
770342    3357     1064.35
7917981   3357     1226.49
7981510   3357     1583.68
7982728   3357      806.68
7982865   3357      889.84
7983170   3357      776.68
7984159   3357      833.20
7985605   3357      843.06
7988969   3357     1664.85
8054279   3357     1151.56
8064487   3357      995.16
8069571   3357     1250.02
8140450   3357      805.81
8594315   3357      833.20
8718789   3357      914.61
8734286   3357      889.84
9066082   3357     1060.63
9100619   3357     1664.85
9211039   3357      776.68
9261804   3357      889.84
9317884   3357      889.84
9433060   3357      833.20
9540404   3357      889.84
9540845   3357     1336.70
9542018   3357      889.84
9542237   3357      776.68
9543174   3357     1332.41
9543530   3357     1350.85
9544179   3357      833.20
9544345   3357      776.68
9544429   3357     1446.47
9544827   3357      889.84
9545198   3357     1060.63
9545952   3357     1353.17
9546474   3357      833.20
9547148   3357     1443.34
9551389   3357      833.20
9552709   3357     1152.84
9553039   3357     2074.44
9553047   3357      776.68
9553149   3357      776.68
9555077   3357     1155.04
9555609   3357      776.68
9555641   3357      833.20
9557148   3357      951.48
9557803   3357      776.68
9557875   3357      776.68
9557894   3357     1339.88
9558628   3357      776.68
9560453   3357     1028.48
9570736   3357     1399.73
9572755   3357     1439.21
9577605   3357     1488.11
9601343   3357      833.20
9603154   3357     1391.87
9603683   3357      833.20
9603870   3357      732.64
9604166   3357      776.68
9604592   3357     1018.36
9607091   3357     1060.63
9608547   3357      833.20
9609337   3357     1117.31
9609338   3357      833.20
9612117   3357     1666.79
9612692   3357      833.20
9614364   3357      776.68
9615563   3357      833.20
9615964   3357      833.20
9617493   3357      776.68
9620242   3357      889.84
9620248   3357      951.48
9620376   3357      833.20
9620599   3357      889.84
9620701   3357      776.68
9620720   3357     1208.17
9621777   3357      833.20
9622347   3357      833.20
9624370   3357     1798.68
9624596   3357      776.68
9625361   3357      833.20
9625933   3357      833.20
9626082   3357      833.20
9626215   3357      776.68
9627150   3357      889.84
9627523   3357      833.20
9627724   3357      776.68
9629963   3357      889.84
9631462   3357     1357.83
9634554   3357     1522.37
9634674   3357      833.20
9636806   3357      776.68
9638320   3357      833.20
9639201   3357      776.68
9845319   3357      776.68
9846320   3357      889.84
9847068   3357      776.68
9847350   3357     1612.69
9848693   3357     1268.35
9850403   3357      833.20
9851111   3357      833.20
9851993   3357     1496.91
