10107724  0357       31.11
10120357  0357       33.26
10121866  0357       67.95
10125466  0357       20.74
10126656  0357       25.38
10141786  0357       27.18
10312414  0357       23.73
10373550  0357       50.76
10639752  0357       20.74
10726693  0357       25.38
10760806  0357       20.74
10764554  0357       27.18
10770124  0357       25.38
10772668  0357       20.74
10774121  0357       27.18
10775520  0357       23.73
10776516  0357       31.11
10776915  0357       20.74
10777482  0357       20.74
10777645  0357       38.07
10778464  0357       20.74
10779723  0357       25.38
10784623  0357       25.38
10794552  0357       25.38
10820078  0357       27.18
10841061  0357       22.18
10843324  0357       63.45
10844947  0357       25.38
10845717  0357       20.74
10845943  0357       25.38
10846474  0357       25.38
10846532  0357       27.18
10846629  0357       25.38
10846940  0357       50.75
10846985  0357       25.38
10847648  0357       20.74
10848158  0357       29.07
10849906  0357       25.38
10849907  0357       27.18
10860593  0357       25.38
10903693  0357       20.74
10959957  0357       25.38
10960021  0357       25.38
10963442  0357       27.18
10963957  0357       27.18
10964062  0357       50.76
1108218   0357       23.73
1112379   0357       25.38
1114364   0357       20.75
1115136   0357       25.38
11163187  0357       20.74
11177533  0357       20.74
11260715  0357       25.38
11261772  0357       31.11
11262378  0357       25.38
11263756  0357       20.74
11264041  0357       33.26
11264550  0357       23.73
11265496  0357       25.38
11265527  0357       27.18
11266390  0357       50.76
11267811  0357       47.47
11267932  0357       41.47
11268437  0357       31.11
11269196  0357       29.07
1129535   0357       27.18
11414487  0357       27.18
11425214  0357       25.38
11425449  0357       25.38
11426462  0357       23.73
11428034  0357       23.73
11428889  0357       63.45
11429539  0357       50.76
11429792  0357       20.74
11430700  0357       25.38
11433865  0357       50.76
11434350  0357       23.73
11546168  0357       23.73
11580362  0357       27.18
11584952  0357       25.38
11586448  0357       25.38
11589730  0357       50.76
11594236  0357       31.11
11594524  0357       20.74
11597667  0357       25.38
11598121  0357       22.18
11598956  0357       22.18
11633896  0357       22.18
11645810  0357       25.38
11651090  0357       25.38
11652405  0357       25.38
11653864  0357       25.38
11694358  0357       20.74
11694758  0357       25.38
11695394  0357       41.47
11749469  0357       25.38
11783201  0357       27.18
11783366  0357       31.11
11784637  0357       20.74
11786325  0357       31.11
11786432  0357       23.20
11787807  0357       25.38
11788587  0357       50.76
11788630  0357       27.18
11790273  0357       25.38
11790818  0357       38.07
11792127  0357       25.38
11792846  0357       25.38
118087    0357       11.65
11879419  0357       27.18
11879750  0357       27.18
11881224  0357       31.11
11881668  0357       20.74
11881669  0357       20.74
11882080  0357       23.73
11882720  0357       31.11
11949766  0357       31.11
12018571  0357       35.60
12018729  0357       20.74
12019816  0357       23.73
12020535  0357       29.07
12021559  0357       27.18
12021966  0357       25.38
12023306  0357       29.07
12023981  0357       38.07
12024178  0357       25.38
12024179  0357       25.38
12025294  0357       38.07
12025488  0357       20.74
12025491  0357       20.74
12026565  0357       25.38
12027093  0357       25.38
12027260  0357       25.38
12027527  0357       20.74
12027973  0357       54.36
12080554  0357       25.38
1218058   0357       25.38
12241212  0357       31.10
12243077  0357       20.74
12244707  0357       20.74
12248400  0357       51.84
12248755  0357       27.18
12248784  0357       44.35
12248960  0357       25.38
12249178  0357       31.11
12279667  0357       25.38
12314254  0357       72.68
1232375   0357       16.61
12370670  0357       29.07
1239070   0357       22.65
12434895  0357       22.18
12435304  0357       25.38
12435757  0357       31.10
12435759  0357       38.07
12527456  0357       23.73
12534356  0357       25.38
12536172  0357       25.38
12536549  0357       29.07
1254062   0357       19.56
1257983   0357       27.18
1258658   0357       20.31
1259324   0357       20.31
1260432   0357       25.38
1260887   0357       25.38
1261562   0357       22.18
1262953   0357       18.63
1263302   0357       20.74
1263303   0357       25.38
1263991   0357       13.46
1265436   0357       25.38
1266723   0357       20.74
1268446   0357       25.38
12691465  0357       25.38
1269356   0357       27.18
12698409  0357       20.74
12698965  0357       20.74
12700553  0357       23.73
12701301  0357       20.74
12702273  0357       23.73
12704473  0357       22.18
12704482  0357       54.36
12704649  0357       25.38
12704927  0357       25.38
12705860  0357       25.38
12706171  0357       25.38
12707136  0357       25.38
1272390   0357       22.18
1273369   0357       25.38
1277938   0357       22.18
1278407   0357       25.38
12848719  0357       25.38
12849330  0357       29.07
12851330  0357       25.38
12852888  0357       25.38
12878256  0357       25.38
12934142  0357       23.73
12934525  0357       20.74
12935305  0357       25.38
12935606  0357       25.38
13032012  0357       41.47
13034237  0357       25.38
13035649  0357       20.74
13084488  0357       22.18
13084886  0357       23.73
13180551  0357       25.38
1318484   0357       23.73
13187744  0357       50.76
13187816  0357       33.26
13188137  0357       22.18
13188604  0357       22.18
13264411  0357       25.38
13266369  0357       25.38
13268185  0357       20.74
13346269  0357       20.74
13408041  0357       33.26
13510172  0357       22.18
13510180  0357       20.74
13527636  0357       54.36
13566631  0357       31.11
13643981  0357       41.47
13643982  0357       31.10
13644051  0357       25.38
13644555  0357       31.10
13644665  0357       25.38
13644680  0357       54.36
13674854  0357       27.18
13678857  0357       20.74
13679940  0357       25.38
13774187  0357       20.74
13774684  0357       25.38
13775452  0357       20.74
13775808  0357       20.74
13777181  0357       31.10
13785046  0357       20.74
13785661  0357       25.38
13785997  0357       23.73
13786252  0357       33.26
13787208  0357       25.38
13787741  0357       20.74
13842354  0357       25.38
13856268  0357       25.38
13867427  0357       38.07
13868652  0357       20.74
13868786  0357       20.74
13880981  0357       25.38
13990906  0357       40.77
14003086  0357       23.73
14030527  0357       41.47
14031045  0357       25.38
1404429   0357       31.11
14094806  0357       27.18
14270811  0357       51.84
1431183   0357       20.31
14335445  0357       23.73
14335539  0357       25.38
1433726   0357       25.38
14372299  0357       27.18
14372818  0357       63.45
14376347  0357       25.38
14398946  0357       25.38
14399267  0357       33.26
14405196  0357       25.38
14405401  0357       25.38
14590375  0357       22.18
14607589  0357       33.26
14825867  0357       25.38
14877620  0357       25.38
14877859  0357       29.07
14880827  0357       27.18
15170350  0357       22.18
15177340  0357       27.18
15177867  0357       41.47
15306151  0357       59.33
15306996  0357       23.73
15444811  0357       27.18
15448608  0357       25.38
15598043  0357       20.74
15598933  0357       20.74
15599928  0357       33.26
15668851  0357       22.18
15729536  0357       55.44
15827139  0357       27.18
15959808  0357       20.74
16001576  0357       20.74
16137706  0357       47.47
16138119  0357       38.07
1631390   0357       18.83
16324090  0357       20.74
16594051  0357       22.18
16641426  0357       59.33
16736267  0357       25.38
16770549  0357       25.38
17019549  0357       25.38
17104175  0357       25.38
1737075   0357       23.73
17379215  0357       33.26
17626132  0357       44.35
1763610   0357       16.41
1763812   0357       25.38
1764349   0357       20.74
1769938   0357       23.73
1778800   0357       12.64
18059654  0357       22.18
18059918  0357       25.38
18263756  0357       25.38
1834693   0357       20.74
1854577   0357       25.38
18656459  0357       38.07
18785684  0357       20.74
18950730  0357       20.74
1906129   0357       25.38
1926999   0357       27.18
20235584  0357       44.35
2030572   0357       23.73
2033664   0357       31.11
2038803   0357       25.38
2130876   0357       20.74
2157417   0357       77.78
2186056   0357       23.73
2189077   0357       13.19
2195858   0357       25.38
2196831   0357       22.18
2198226   0357       25.38
2198274   0357       27.18
2198799   0357       23.73
2199826   0357       22.18
2272067   0357       20.74
23156662  0357       25.38
2376223   0357       31.11
2380275   0357       27.18
2384661   0357       25.38
2384824   0357       55.44
2529886   0357       25.38
2532585   0357       20.74
2533320   0357       23.73
2533977   0357       23.85
2534786   0357       25.38
2535843   0357       27.18
2536000   0357       22.18
2536373   0357       27.18
2536795   0357       25.38
2538821   0357       23.73
2539425   0357       25.38
2539607   0357       27.18
2539943   0357       20.74
2541142   0357       25.38
2541439   0357       22.78
2541709   0357       23.85
2543654   0357       25.38
2543932   0357       22.18
2592966   0357       25.48
2593377   0357       25.38
2593686   0357       23.73
2596405   0357       21.57
2597854   0357       21.57
2598033   0357       21.57
2598872   0357       20.74
2601437   0357       25.38
2601914   0357       22.18
2603046   0357       22.33
2605117   0357       27.18
2605164   0357       22.34
2605539   0357       20.30
2605823   0357       16.57
2607322   0357       25.38
2608233   0357       25.38
2608304   0357       20.74
2608411   0357       20.30
2608554   0357       21.57
2684589   0357       25.38
2741170   0357       27.31
2854705   0357       23.73
2870837   0357       18.84
2910376   0357       20.74
2910432   0357       23.73
2911765   0357       23.73
2912407   0357       20.74
2912692   0357       31.11
2913757   0357       23.73
2913809   0357       20.74
2914272   0357       23.00
2915293   0357       20.74
2915714   0357       25.38
2915780   0357       21.58
2916102   0357       25.38
2916362   0357       23.10
2916467   0357       22.18
2916786   0357       23.73
2918280   0357       63.45
2919212   0357       25.38
2992913   0357       20.74
3035349   0357       25.38
3039370   0357       26.42
3080057   0357       46.67
3080311   0357       25.38
3080984   0357       25.38
3081351   0357       25.38
3082505   0357       23.00
3083006   0357       25.38
3083065   0357       20.74
3083457   0357       18.84
3083843   0357       22.18
3084868   0357       23.09
3084978   0357       20.74
3085009   0357       23.73
3085276   0357       29.07
3090485   0357       25.38
3156003   0357       20.74
3234299   0357       29.07
3245420   0357       25.38
3314562   0357       22.18
3314884   0357       20.74
3315121   0357       20.74
3315781   0357       20.74
3317339   0357       23.73
3317520   0357       25.38
3318589   0357       25.38
3318694   0357       29.07
3318719   0357       23.09
3319659   0357       22.18
3320986   0357       25.38
3322128   0357       21.57
3322273   0357       20.74
3322284   0357       23.73
3322381   0357       25.52
3324084   0357       25.38
3324110   0357       31.11
3324403   0357       31.11
3329806   0357       22.33
3353242   0357       23.73
3457632   0357       17.73
3528540   0357       25.38
3533360   0357       29.07
3534582   0357       27.18
3535445   0357       22.18
3535676   0357       21.57
3535838   0357       20.16
3538837   0357       25.38
3539352   0357       21.57
3541739   0357       25.38
3541975   0357       16.57
3542004   0357       27.18
3542015   0357       21.74
3554092   0357       27.18
3598528   0357       24.61
3710064   0357       23.73
3759377   0357       20.87
3784066   0357       20.74
3784441   0357       27.18
3785251   0357       25.38
3792247   0357       25.38
3795005   0357       25.38
3830110   0357       20.53
3855157   0357       16.57
3855577   0357       25.38
3856978   0357       20.16
3857004   0357       23.73
3857220   0357       25.38
3857667   0357       20.16
3857878   0357       23.89
3858323   0357       50.76
3858856   0357       27.18
3859230   0357       38.07
3864991   0357       31.11
3875055   0357       25.38
3877925   0357       54.36
3878006   0357       23.73
3963688   0357       25.38
3964093   0357       25.38
3965704   0357       20.74
3969513   0357       23.73
4001934   0357       27.18
401763    0357       25.38
4064149   0357       29.07
4065177   0357       22.18
4065584   0357       25.38
4065648   0357       23.73
4066245   0357       20.87
4066682   0357       20.74
4067118   0357       25.38
4067735   0357       23.73
4067795   0357       21.57
4068788   0357       22.18
4071074   0357       31.11
4071241   0357       17.61
4107436   0357       23.73
4191539   0357       23.73
4193094   0357       67.95
4194671   0357       25.38
4195654   0357       20.16
4199927   0357       17.73
4200911   0357       23.73
423483    0357       18.55
4238916   0357       16.57
430631    0357       18.22
4317775   0357       27.18
4373204   0357       27.18
4373479   0357       22.18
4375498   0357       26.42
4375998   0357       23.24
4376813   0357       23.20
4377201   0357       23.08
437803    0357       25.38
4378140   0357       20.74
4378236   0357       20.16
4378283   0357       25.38
4378759   0357       27.18
4379154   0357       16.57
4381341   0357       22.18
4381614   0357       20.74
4382400   0357       38.07
4383023   0357       27.18
4383200   0357       19.50
4385047   0357       21.57
4386936   0357       23.73
4387777   0357       23.73
439023    0357       23.86
4409485   0357       27.18
4409788   0357       20.74
4409789   0357       41.47
4414417   0357       23.73
4414541   0357       23.89
4414909   0357       22.34
4415675   0357       20.74
443869    0357       20.31
4609506   0357       27.18
4610129   0357       20.74
4720170   0357       31.10
4720923   0357       25.38
4721016   0357       20.74
4721639   0357       20.74
4722680   0357       18.84
4722814   0357       20.30
4723168   0357       20.87
4723276   0357       23.73
4723403   0357       22.33
4724433   0357       21.57
4725919   0357       54.36
4727740   0357       23.73
4728331   0357       20.16
4729448   0357       16.57
4729575   0357       29.07
4730168   0357       27.18
4730490   0357       22.18
4730823   0357       31.11
4731322   0357       27.18
4731494   0357       27.18
4732090   0357       20.74
4732618   0357       22.18
4734527   0357       22.18
4734940   0357       20.74
4735505   0357       20.74
4738424   0357       25.38
4739546   0357       25.38
4739796   0357       27.18
4754833   0357       27.18
4803744   0357       27.18
4805842   0357       25.38
4853128   0357       25.38
4882144   0357       18.98
5017295   0357       23.73
5022967   0357       23.08
5237805   0357       25.38
5238236   0357       20.87
5239261   0357       31.11
5240821   0357       23.73
5242545   0357       26.42
5244302   0357       22.18
5244483   0357       23.73
5244484   0357       27.18
5244765   0357       22.18
5245261   0357       27.18
5248926   0357       22.18
5248954   0357       23.73
5249259   0357       25.38
5249817   0357       27.18
5250965   0357       23.09
5251153   0357       25.38
5251214   0357       27.18
5252606   0357       54.36
5253930   0357       16.57
5254613   0357       22.18
5254952   0357       20.74
5255567   0357       25.38
5255641   0357       27.18
5257069   0357       23.73
5257175   0357       21.57
5257421   0357       29.07
5257727   0357       63.45
5257774   0357       25.38
5259121   0357       20.16
5259324   0357       20.74
5259785   0357       22.18
5261116   0357       22.18
5261139   0357       25.38
5261250   0357       23.85
5261418   0357       23.73
5261643   0357       20.74
5263470   0357       24.69
5344986   0357       20.74
5435450   0357       22.18
5436619   0357       27.18
5436795   0357       20.74
5438690   0357       20.74
5439480   0357       25.38
5439865   0357       72.68
5458236   0357       22.18
5461455   0357       21.57
5658043   0357       25.38
5688352   0357       25.38
5765952   0357       25.38
5779173   0357       25.38
5915261   0357       25.38
5921128   0357       25.38
5921800   0357       20.74
5923624   0357       27.18
5925143   0357       27.18
5925949   0357       20.74
5929492   0357       25.38
5935536   0357       67.95
5937541   0357       25.38
5938630   0357       25.38
5938995   0357       25.38
6125595   0357       20.74
6127630   0357       25.38
6238388   0357       31.11
6394853   0357       20.74
64800     0357       18.79
6537141   0357       20.87
6573443   0357       25.38
6573855   0357       29.07
6573893   0357       22.18
6575243   0357       23.73
6575301   0357       25.38
6584406   0357       55.44
6634354   0357       25.38
6690236   0357       25.38
6701343   0357       25.38
6701344   0357       25.38
6701453   0357       25.38
673822    0357       22.18
6841910   0357       20.74
7076647   0357       25.38
710634    0357       12.68
7211860   0357       27.18
7240399   0357       25.38
7300376   0357       20.74
7301470   0357       20.16
7305494   0357       21.57
7305781   0357       20.74
7308623   0357       25.38
7309317   0357       20.74
7309375   0357       23.73
7310425   0357       29.07
7310959   0357       25.38
7311233   0357       25.38
7311255   0357       20.74
7312149   0357       25.38
7313189   0357       20.74
7314050   0357       20.74
7314987   0357       29.07
7315048   0357       27.18
7315331   0357       25.38
7316059   0357       29.07
7316139   0357       27.18
7316233   0357       15.97
7316607   0357       31.11
7316959   0357       54.36
7317744   0357       41.47
7318041   0357       25.38
7319649   0357       54.36
7321787   0357       23.73
7322304   0357       23.73
7322780   0357       22.18
7322794   0357       20.74
7324725   0357       25.52
7325664   0357       17.73
7325721   0357       21.57
7325722   0357       25.38
7325778   0357       15.97
7328421   0357       20.74
7330948   0357       25.38
7331943   0357       23.73
7332202   0357       20.74
7333145   0357       27.18
7335642   0357       25.38
7337422   0357       25.38
7337778   0357       20.74
7338055   0357       29.07
7340200   0357       23.73
7340742   0357       21.57
7340989   0357       20.74
7342107   0357       23.73
7342680   0357       25.38
7343605   0357       20.74
7344290   0357       23.73
7344465   0357       47.47
7347856   0357       25.38
7348137   0357       20.74
7348986   0357       25.38
7349428   0357       31.11
7349843   0357       20.74
7350162   0357       23.20
7350273   0357       23.73
7351297   0357       20.74
7352317   0357       23.73
7353364   0357       41.47
7353377   0357       25.38
7354064   0357       20.74
7354848   0357       15.97
7355351   0357       47.47
7355928   0357       22.18
7359478   0357       27.18
7360346   0357       22.18
7363171   0357       23.73
7363652   0357       25.38
7365166   0357       25.39
7365545   0357       23.73
7367276   0357       20.74
7368710   0357       20.74
7369018   0357       25.38
7371154   0357       25.38
7372156   0357       20.74
7372973   0357       20.74
7373089   0357       22.18
7373215   0357       29.07
7374243   0357       22.18
7374616   0357       25.38
7377030   0357       22.18
7377579   0357       25.38
7379256   0357       47.47
7380616   0357       20.74
7381553   0357       25.38
7382148   0357       27.18
7382532   0357       20.74
7384964   0357       25.38
7388038   0357       20.74
7388080   0357       25.38
7388125   0357       27.18
7388199   0357       33.26
7391472   0357       23.73
7392153   0357       67.95
7393061   0357       23.73
7393144   0357       41.47
7395742   0357       16.58
7396051   0357       38.07
7398038   0357       20.30
7400031   0357       25.38
7401094   0357       25.38
7401380   0357       25.38
7401853   0357       20.74
7403123   0357       20.74
7403188   0357       23.73
7403563   0357       23.73
7408531   0357       25.38
7409730   0357       23.73
7410177   0357       31.11
7412535   0357       27.18
7412738   0357       22.18
7415285   0357       31.11
7416870   0357       20.74
7417289   0357       41.47
7417791   0357       50.76
7418898   0357       20.74
7418939   0357       20.74
7419340   0357       23.73
7419740   0357       20.74
7419800   0357       25.38
7419866   0357       59.33
7420316   0357       25.38
7420429   0357       27.18
7423096   0357       20.74
7423108   0357       27.18
7423415   0357       25.38
7423444   0357       25.38
7425063   0357       20.74
7425430   0357       25.38
7425900   0357       23.73
7426046   0357       25.38
7427359   0357       20.74
7429274   0357       25.38
7432253   0357       27.18
7435158   0357       51.84
7436077   0357       47.47
7436996   0357       25.38
7437806   0357       20.74
7437808   0357       20.74
7438450   0357       25.38
7439597   0357       58.14
7439617   0357       25.38
7440809   0357       16.57
7442445   0357       25.38
7444497   0357       31.10
7444651   0357       27.18
7444889   0357       58.14
7445661   0357       22.18
7446382   0357       27.18
7446644   0357       25.38
7447334   0357       29.07
7447992   0357       20.74
7449457   0357       22.18
7455429   0357       25.38
7455588   0357       25.38
7460503   0357       25.38
7461704   0357       25.38
7465820   0357       63.45
7465910   0357       25.38
7466779   0357       31.11
7466870   0357       25.38
7502836   0357       27.18
7548386   0357       20.74
7548420   0357       23.73
770342    0357       25.38
7917981   0357       25.38
7981510   0357       27.18
7982728   0357       20.74
7982865   0357       27.18
7983170   0357       20.74
7984159   0357       25.38
7985605   0357       20.30
7988969   0357       25.38
8054279   0357       23.20
8064487   0357       50.76
8068577   0357       25.38
8069571   0357       25.38
8140450   0357       22.18
8718789   0357       50.76
8734286   0357       27.18
9066082   0357       22.18
9100619   0357       25.38
9211039   0357       23.73
9261804   0357       27.18
9317884   0357       54.36
940859    0357       27.18
9433060   0357       25.38
9540404   0357       27.18
9540845   0357       43.61
9542018   0357       27.18
9542237   0357       23.73
9543174   0357       25.38
9543530   0357       27.18
9544179   0357       25.38
9544345   0357       22.18
9544429   0357       27.18
9544827   0357       27.18
9545198   0357       22.18
9545952   0357       22.18
9546474   0357       25.38
9547148   0357       23.73
9551389   0357       25.38
9552709   0357       20.74
9553039   0357       25.38
9553047   0357       23.73
9553149   0357       20.74
9555077   0357       29.07
9555609   0357       20.74
9555641   0357       25.38
9557148   0357       58.14
9557803   0357       22.18
9557875   0357       20.74
9557894   0357       20.74
9558628   0357       22.18
9560453   0357       20.74
9570736   0357       25.38
9572755   0357       25.38
9601343   0357       63.45
9603154   0357       22.18
9603683   0357       25.38
9603870   0357       16.57
9604166   0357       23.73
9604592   0357       46.67
9607091   0357       23.73
9608547   0357       25.38
9609337   0357       20.74
9609338   0357       50.76
9612117   0357       27.18
9612530   0357       63.45
9612692   0357       25.38
9614364   0357       23.73
9615964   0357       25.38
9617493   0357       23.73
9620242   0357       54.36
9620248   0357       58.14
9620376   0357       25.38
9620599   0357       27.18
9620701   0357       23.73
9620720   0357       23.73
9621777   0357       20.74
9622347   0357       25.38
9624370   0357       31.11
9624596   0357       20.74
9626082   0357       25.38
9626215   0357       23.73
9627150   0357       67.95
9627724   0357       20.74
9629963   0357       27.18
9631462   0357       27.18
9634554   0357       25.38
9636806   0357       20.74
9638320   0357       25.38
9639201   0357       23.73
9845319   0357       22.18
9846320   0357       27.18
9847068   0357       25.38
9847350   0357       25.38
9847591   0357       20.74
9848693   0357       23.73
9850403   0357       25.38
9851111   0357       25.38
9851993   0357       25.38
10107724  3357       31.11
10120357  3357       22.18
10121866  3357       27.18
10125466  3357       20.74
10126656  3357       25.38
10141786  3357       27.18
10312414  3357       23.73
10373550  3357       25.38
10639752  3357       20.74
10726693  3357       25.38
10760806  3357       20.74
10764554  3357       27.18
10770124  3357       25.38
10772668  3357       20.74
10774121  3357       27.18
10775520  3357       23.73
10776516  3357       31.11
10776915  3357       20.74
10777482  3357       20.74
10777645  3357       25.38
10778464  3357       20.74
10779723  3357       25.38
10784623  3357       25.38
10794552  3357       25.38
10820078  3357       27.18
10841061  3357       22.18
10843324  3357       25.38
10844947  3357       25.38
10845717  3357       20.74
10845943  3357       25.38
10846474  3357       25.38
10846532  3357       27.18
10846629  3357       25.38
10846940  3357       25.38
10846985  3357       25.38
10847648  3357       20.74
10848158  3357       29.07
10849906  3357       25.38
10849907  3357       27.18
10860593  3357       25.38
10903693  3357       20.74
10959957  3357       25.38
10960021  3357       25.38
10963442  3357       27.18
10963957  3357       27.18
10964062  3357       25.38
1108218   3357       23.73
1112379   3357       25.38
1114364   3357       20.75
1115136   3357       25.38
11163187  3357       20.74
11177533  3357       20.74
11260715  3357       25.38
11261772  3357       31.11
11262378  3357       25.38
11263756  3357       20.74
11264041  3357       22.18
11264550  3357       23.73
11265496  3357       25.38
11265527  3357       27.18
11266390  3357       25.38
11267811  3357       23.73
11267932  3357       20.74
11268437  3357       31.11
11269196  3357       29.07
1129535   3357       27.18
11414487  3357       27.18
11425214  3357       25.38
11425449  3357       25.38
11426462  3357       23.73
11428034  3357       23.73
11428889  3357       25.38
11429539  3357       25.38
11429792  3357       20.74
11430700  3357       25.38
11433865  3357       25.38
11434350  3357       23.73
11546168  3357       23.73
11580362  3357       27.18
11584952  3357       25.38
11586448  3357       25.38
11589730  3357       25.38
11594236  3357       31.11
11594524  3357       20.74
11597667  3357       25.38
11598121  3357       22.18
11598956  3357       22.18
11633896  3357       22.18
11645810  3357       25.38
11651090  3357       25.38
11652405  3357       25.38
11653864  3357       25.38
11694358  3357       20.74
11694758  3357       25.38
11695394  3357       20.74
11749469  3357       25.38
11783201  3357       27.18
11783366  3357       31.11
11784637  3357       20.74
11786325  3357       31.11
11786432  3357       23.20
11787807  3357       25.38
11788587  3357       25.38
11788630  3357       27.18
11790273  3357       25.38
11790818  3357       25.38
11792127  3357       25.38
11792846  3357       25.38
118087    3357       11.65
11879419  3357       27.18
11879750  3357       27.18
11881224  3357       31.11
11881668  3357       20.74
11881669  3357       20.74
11882080  3357       23.73
11882720  3357       31.11
11949766  3357       31.11
12018571  3357       23.73
12018729  3357       20.74
12019816  3357       23.73
12020535  3357       29.07
12021559  3357       27.18
12021966  3357       25.38
12023306  3357       29.07
12023981  3357       25.38
12024178  3357       25.38
12024179  3357       25.38
12025294  3357       25.38
12025488  3357       20.74
12025491  3357       20.74
12026565  3357       25.38
12027093  3357       25.38
12027260  3357       25.38
12027527  3357       20.74
12027973  3357       27.18
12080554  3357       25.38
1218058   3357       25.38
12241212  3357       20.74
12243077  3357       20.74
12244707  3357       20.74
12248400  3357       20.74
12248755  3357       27.18
12248784  3357       22.18
12248960  3357       25.38
12249178  3357       31.11
12279667  3357       25.38
12314254  3357       29.07
1232375   3357       16.61
12370670  3357       29.07
1239070   3357       22.65
12434895  3357       22.18
12435304  3357       25.38
12435757  3357       20.74
12435759  3357       25.38
12527456  3357       23.73
12534356  3357       25.38
12536172  3357       25.38
12536549  3357       29.07
1254062   3357       19.56
1257983   3357       27.18
1258658   3357       20.31
1259324   3357       20.31
1260432   3357       25.38
1260887   3357       25.38
1261562   3357       22.18
1262953   3357       18.63
1263302   3357       20.74
1263303   3357       25.38
1263991   3357       13.46
1265436   3357       25.38
1266723   3357       20.74
1268446   3357       25.38
12691465  3357       25.38
1269356   3357       27.18
12698409  3357       20.74
12698965  3357       20.74
12700553  3357       23.73
12701301  3357       20.74
12702273  3357       23.73
12704473  3357       22.18
12704482  3357       27.18
12704649  3357       25.38
12704927  3357       25.38
12705860  3357       25.38
12706171  3357       25.38
12707136  3357       25.38
1272390   3357       22.18
1273369   3357       25.38
1277938   3357       22.18
1278407   3357       25.38
12848719  3357       25.38
12849330  3357       29.07
12851330  3357       25.38
12852888  3357       25.38
12878256  3357       25.38
12934142  3357       23.73
12934525  3357       20.74
12935305  3357       25.38
12935606  3357       25.38
13032012  3357       20.74
13034237  3357       25.38
13035649  3357       20.74
13084488  3357       22.18
13084886  3357       23.73
13180551  3357       25.38
1318484   3357       23.73
13187744  3357       25.38
13187816  3357       22.18
13188137  3357       22.18
13188604  3357       22.18
13264411  3357       25.38
13266369  3357       25.38
13268185  3357       20.74
13346269  3357       20.74
13408041  3357       22.18
13510172  3357       22.18
13510180  3357       20.74
13527636  3357       27.18
13566631  3357       31.11
13643981  3357       20.74
13643982  3357       20.74
13644051  3357       25.38
13644555  3357       20.74
13644665  3357       25.38
13644680  3357       27.18
13674854  3357       27.18
13678857  3357       20.74
13679940  3357       25.38
13774187  3357       20.74
13774684  3357       25.38
13775452  3357       20.74
13775808  3357       20.74
13777181  3357       20.74
13785046  3357       20.74
13785661  3357       25.38
13785997  3357       23.73
13786252  3357       22.18
13787208  3357       25.38
13787741  3357       20.74
13842354  3357       25.38
13856268  3357       25.38
13867427  3357       25.38
13868652  3357       20.74
13868786  3357       20.74
13880981  3357       25.38
13990906  3357       27.18
14003086  3357       23.73
14030527  3357       20.74
14031045  3357       25.38
1404429   3357       31.11
14094806  3357       27.18
14270811  3357       20.74
1431183   3357       20.31
14335445  3357       23.73
14335539  3357       25.38
1433726   3357       25.38
14372299  3357       27.18
14372818  3357       25.38
14376347  3357       25.38
14398946  3357       25.38
14399267  3357       22.18
14405196  3357       25.38
14405401  3357       25.38
14590375  3357       22.18
14607589  3357       22.18
14825867  3357       25.38
14877620  3357       25.38
14877859  3357       29.07
14880827  3357       27.18
15170350  3357       22.18
15177340  3357       27.18
15177867  3357       20.74
15306151  3357       23.73
15306996  3357       23.73
15444811  3357       27.18
15448608  3357       25.38
15598043  3357       20.74
15598933  3357       20.74
15599928  3357       22.18
15668851  3357       22.18
15729536  3357       22.18
15827139  3357       27.18
15959808  3357       20.74
16001576  3357       20.74
16137706  3357       23.73
16138119  3357       25.38
1631390   3357       18.83
16324090  3357       20.74
16594051  3357       22.18
16641426  3357       23.73
16736267  3357       25.38
16770549  3357       25.38
17019549  3357       25.38
17104175  3357       25.38
1737075   3357       23.73
17379215  3357       22.18
17626132  3357       22.18
1763610   3357       16.41
1763812   3357       25.38
1764349   3357       20.74
1769938   3357       23.73
1778800   3357       12.64
18059654  3357       22.18
18059918  3357       25.38
18263756  3357       25.38
1834693   3357       20.74
1854577   3357       25.38
18656459  3357       25.38
18785684  3357       20.74
18950730  3357       20.74
1906129   3357       25.38
1926999   3357       27.18
20235584  3357       22.18
2030572   3357       23.73
2033664   3357       31.11
2038803   3357       25.38
2130876   3357       20.74
2157417   3357       31.11
2186056   3357       23.73
2189077   3357       13.19
2195858   3357       25.38
2196831   3357       22.18
2198226   3357       25.38
2198274   3357       27.18
2198799   3357       23.73
2199826   3357       22.18
2272067   3357       20.74
23156662  3357       25.38
2376223   3357       31.11
2380275   3357       27.18
2384661   3357       25.38
2384824   3357       22.18
2529886   3357       25.38
2532585   3357       20.74
2533320   3357       23.73
2533977   3357       23.85
2534786   3357       25.38
2535843   3357       27.18
2536000   3357       22.18
2536373   3357       27.18
2536795   3357       25.38
2538821   3357       23.73
2539425   3357       25.38
2539607   3357       27.18
2539943   3357       20.74
2541142   3357       25.38
2541439   3357       22.78
2541709   3357       23.85
2543654   3357       25.38
2543932   3357       22.18
2592966   3357       25.48
2593377   3357       25.38
2593686   3357       23.73
2596405   3357       21.57
2597854   3357       21.57
2598033   3357       21.57
2598872   3357       20.74
2601437   3357       25.38
2601914   3357       22.18
2603046   3357       22.33
2605117   3357       27.18
2605164   3357       22.34
2605539   3357       20.30
2605823   3357       16.57
2607322   3357       25.38
2608233   3357       25.38
2608304   3357       20.74
2608411   3357       20.30
2608554   3357       21.57
2684589   3357       25.38
2741170   3357       27.31
2854705   3357       23.73
2870837   3357       18.84
2910376   3357       20.74
2910432   3357       23.73
2911765   3357       23.73
2912407   3357       20.74
2912692   3357       31.11
2913757   3357       23.73
2913809   3357       20.74
2914272   3357       23.00
2915293   3357       20.74
2915714   3357       25.38
2915780   3357       21.58
2916102   3357       25.38
2916362   3357       23.10
2916467   3357       22.18
2916786   3357       23.73
2918280   3357       25.38
2919212   3357       25.38
2992913   3357       20.74
3035349   3357       25.38
3039370   3357       26.42
3080057   3357       31.11
3080311   3357       25.38
3080984   3357       25.38
3081351   3357       25.38
3082505   3357       23.00
3083006   3357       25.38
3083065   3357       20.74
3083457   3357       18.84
3083843   3357       22.18
3084868   3357       23.09
3084978   3357       20.74
3085009   3357       23.73
3085276   3357       29.07
3090485   3357       25.38
3156003   3357       20.74
3234299   3357       29.07
3245420   3357       25.38
3314562   3357       22.18
3314884   3357       20.74
3315121   3357       20.74
3315781   3357       20.74
3317339   3357       23.73
3317520   3357       25.38
3318589   3357       25.38
3318694   3357       29.07
3318719   3357       23.09
3319659   3357       22.18
3320986   3357       25.38
3322128   3357       21.57
3322273   3357       20.74
3322284   3357       23.73
3322381   3357       25.52
3324084   3357       25.38
3324110   3357       31.11
3324403   3357       31.11
3329806   3357       22.33
3353242   3357       23.73
3457632   3357       17.73
3528540   3357       25.38
3533360   3357       29.07
3534582   3357       27.18
3535445   3357       22.18
3535676   3357       21.57
3535838   3357       20.16
3538837   3357       25.38
3539352   3357       21.57
3541739   3357       25.38
3541975   3357       16.57
3542004   3357       27.18
3542015   3357       21.74
3554092   3357       27.18
3598528   3357       24.61
3710064   3357       23.73
3759377   3357       20.87
3784066   3357       20.74
3784441   3357       27.18
3785251   3357       25.38
3792247   3357       25.38
3795005   3357       25.38
3830110   3357       20.53
3855157   3357       16.57
3855577   3357       25.38
3856978   3357       20.16
3857004   3357       23.73
3857220   3357       25.38
3857667   3357       20.16
3857878   3357       23.89
3858323   3357       25.38
3858856   3357       27.18
3859230   3357       25.38
3864991   3357       31.11
3875055   3357       25.38
3877925   3357       27.18
3878006   3357       23.73
3963688   3357       25.38
3964093   3357       25.38
3965704   3357       20.74
3969513   3357       23.73
4001934   3357       27.18
401763    3357       25.38
4064149   3357       29.07
4065177   3357       22.18
4065584   3357       25.38
4065648   3357       23.73
4066245   3357       20.87
4066682   3357       20.74
4067118   3357       25.38
4067735   3357       23.73
4067795   3357       21.57
4068788   3357       22.18
4071074   3357       31.11
4071241   3357       17.61
4107436   3357       23.73
4191539   3357       23.73
4193094   3357       27.18
4194671   3357       25.38
4195654   3357       20.16
4199927   3357       17.73
4200911   3357       23.73
423483    3357       18.55
4238916   3357       16.57
430631    3357       18.22
4317775   3357       27.18
4373204   3357       27.18
4373479   3357       22.18
4375498   3357       26.42
4375998   3357       23.24
4376813   3357       23.20
4377201   3357       23.08
437803    3357       25.38
4378140   3357       20.74
4378236   3357       20.16
4378283   3357       25.38
4378759   3357       27.18
4379154   3357       16.57
4381341   3357       22.18
4381614   3357       20.74
4382400   3357       25.38
4383023   3357       27.18
4383200   3357       19.50
4385047   3357       21.57
4386936   3357       23.73
4387777   3357       23.73
439023    3357       23.86
4409485   3357       27.18
4409788   3357       20.74
4409789   3357       20.74
4414417   3357       23.73
4414541   3357       23.89
4414909   3357       22.34
4415675   3357       20.74
443869    3357       20.31
4609506   3357       27.18
4610129   3357       20.74
4720170   3357       20.74
4720923   3357       25.38
4721016   3357       20.74
4721639   3357       20.74
4722680   3357       18.84
4722814   3357       20.30
4723168   3357       20.87
4723276   3357       23.73
4723403   3357       22.33
4724433   3357       21.57
4725919   3357       27.18
4727740   3357       23.73
4728331   3357       20.16
4729448   3357       16.57
4729575   3357       29.07
4730168   3357       27.18
4730490   3357       22.18
4730823   3357       31.11
4731322   3357       27.18
4731494   3357       27.18
4732090   3357       20.74
4732618   3357       22.18
4734527   3357       22.18
4734940   3357       20.74
4735505   3357       20.74
4738424   3357       25.38
4739546   3357       25.38
4739796   3357       27.18
4754833   3357       27.18
4803744   3357       27.18
4805842   3357       25.38
4853128   3357       25.38
4882144   3357       18.98
5017295   3357       23.73
5022967   3357       23.08
5237805   3357       25.38
5238236   3357       20.87
5239261   3357       31.11
5240821   3357       23.73
5242545   3357       26.42
5244302   3357       22.18
5244483   3357       23.73
5244484   3357       27.18
5244765   3357       22.18
5245261   3357       27.18
5248926   3357       22.18
5248954   3357       23.73
5249259   3357       25.38
5249817   3357       27.18
5250965   3357       23.09
5251153   3357       25.38
5251214   3357       27.18
5252606   3357       27.18
5253930   3357       16.57
5254613   3357       22.18
5254952   3357       20.74
5255567   3357       25.38
5255641   3357       27.18
5257069   3357       23.73
5257175   3357       21.57
5257421   3357       29.07
5257727   3357       25.38
5257774   3357       25.38
5259121   3357       20.16
5259324   3357       20.74
5259785   3357       22.18
5261116   3357       22.18
5261139   3357       25.38
5261250   3357       23.85
5261418   3357       23.73
5261643   3357       20.74
5263470   3357       24.69
5344986   3357       20.74
5435450   3357       22.18
5436619   3357       27.18
5436795   3357       20.74
5438690   3357       20.74
5439480   3357       25.38
5439865   3357       29.07
5458236   3357       22.18
5461455   3357       21.57
5658043   3357       25.38
5688352   3357       25.38
5765952   3357       25.38
5779173   3357       25.38
5915261   3357       25.38
5921128   3357       25.38
5921800   3357       20.74
5923624   3357       27.18
5925143   3357       27.18
5925949   3357       20.74
5929492   3357       25.38
5935536   3357       27.18
5937541   3357       25.38
5938630   3357       25.38
5938995   3357       25.38
6125595   3357       20.74
6127630   3357       25.38
6238388   3357       31.11
6394853   3357       20.74
64800     3357       18.79
6537141   3357       20.87
6573443   3357       25.38
6573855   3357       29.07
6573893   3357       22.18
6575243   3357       23.73
6575301   3357       25.38
6584406   3357       22.18
6634354   3357       25.38
6690236   3357       25.38
6701343   3357       25.38
6701344   3357       25.38
6701453   3357       25.38
673822    3357       22.18
6841910   3357       20.74
7076647   3357       25.38
710634    3357       12.68
7211860   3357       27.18
7240399   3357       25.38
7300376   3357       20.74
7301470   3357       20.16
7305494   3357       21.57
7305781   3357       20.74
7308623   3357       25.38
7309317   3357       20.74
7309375   3357       23.73
7310425   3357       29.07
7310959   3357       25.38
7311233   3357       25.38
7311255   3357       20.74
7312149   3357       25.38
7313189   3357       20.74
7314050   3357       20.74
7314987   3357       29.07
7315048   3357       27.18
7315331   3357       25.38
7316059   3357       29.07
7316139   3357       27.18
7316233   3357       15.97
7316607   3357       31.11
7316959   3357       27.18
7317744   3357       20.74
7318041   3357       25.38
7319649   3357       27.18
7321787   3357       23.73
7322304   3357       23.73
7322780   3357       22.18
7322794   3357       20.74
7324725   3357       25.52
7325664   3357       17.73
7325721   3357       21.57
7325722   3357       25.38
7325778   3357       15.97
7328421   3357       20.74
7330948   3357       25.38
7331943   3357       23.73
7332202   3357       20.74
7333145   3357       27.18
7335642   3357       25.38
7337422   3357       25.38
7337778   3357       20.74
7338055   3357       29.07
7340200   3357       23.73
7340742   3357       21.57
7340989   3357       20.74
7342107   3357       23.73
7342680   3357       25.38
7343605   3357       20.74
7344290   3357       23.73
7344465   3357       23.73
7347856   3357       25.38
7348137   3357       20.74
7348986   3357       25.38
7349428   3357       31.11
7349843   3357       20.74
7350162   3357       23.20
7350273   3357       23.73
7351297   3357       20.74
7352317   3357       23.73
7353364   3357       20.74
7353377   3357       25.38
7354064   3357       20.74
7354848   3357       15.97
7355351   3357       23.73
7355928   3357       22.18
7359478   3357       27.18
7360346   3357       22.18
7363171   3357       23.73
7363652   3357       25.38
7365166   3357       25.39
7365545   3357       23.73
7367276   3357       20.74
7368710   3357       20.74
7369018   3357       25.38
7371154   3357       25.38
7372156   3357       20.74
7372973   3357       20.74
7373089   3357       22.18
7373215   3357       29.07
7374243   3357       22.18
7374616   3357       25.38
7377030   3357       22.18
7377579   3357       25.38
7379256   3357       23.73
7380616   3357       20.74
7381553   3357       25.38
7382148   3357       27.18
7382532   3357       20.74
7384964   3357       25.38
7388038   3357       20.74
7388080   3357       25.38
7388125   3357       27.18
7388199   3357       22.18
7391472   3357       23.73
7392153   3357       27.18
7393061   3357       23.73
7393144   3357       20.74
7395742   3357       16.58
7396051   3357       25.38
7398038   3357       20.30
7400031   3357       25.38
7401094   3357       25.38
7401380   3357       25.38
7401853   3357       20.74
7403123   3357       20.74
7403188   3357       23.73
7403563   3357       23.73
7408531   3357       25.38
7409730   3357       23.73
7410177   3357       31.11
7412535   3357       27.18
7412738   3357       22.18
7415285   3357       31.11
7416870   3357       20.74
7417289   3357       20.74
7417791   3357       25.38
7418898   3357       20.74
7418939   3357       20.74
7419340   3357       23.73
7419740   3357       20.74
7419800   3357       25.38
7419866   3357       23.73
7420316   3357       25.38
7420429   3357       27.18
7423096   3357       20.74
7423108   3357       27.18
7423415   3357       25.38
7423444   3357       25.38
7425063   3357       20.74
7425430   3357       25.38
7425900   3357       23.73
7426046   3357       25.38
7427359   3357       20.74
7429274   3357       25.38
7432253   3357       27.18
7435158   3357       20.74
7436077   3357       23.73
7436996   3357       25.38
7437806   3357       20.74
7437808   3357       20.74
7438450   3357       25.38
7439597   3357       29.07
7439617   3357       25.38
7440809   3357       16.57
7442445   3357       25.38
7444497   3357       20.74
7444651   3357       27.18
7444889   3357       29.07
7445661   3357       22.18
7446382   3357       27.18
7446644   3357       25.38
7447334   3357       29.07
7447992   3357       20.74
7449457   3357       22.18
7455429   3357       25.38
7455588   3357       25.38
7460503   3357       25.38
7461704   3357       25.38
7465820   3357       25.38
7465910   3357       25.38
7466779   3357       31.11
7466870   3357       25.38
7502836   3357       27.18
7548386   3357       20.74
7548420   3357       23.73
770342    3357       25.38
7917981   3357       25.38
7981510   3357       27.18
7982728   3357       20.74
7982865   3357       27.18
7983170   3357       20.74
7984159   3357       25.38
7985605   3357       20.30
7988969   3357       25.38
8054279   3357       23.20
8064487   3357       25.38
8068577   3357       25.38
8069571   3357       25.38
8140450   3357       22.18
8718789   3357       25.38
8734286   3357       27.18
9066082   3357       22.18
9100619   3357       25.38
9211039   3357       23.73
9261804   3357       27.18
9317884   3357       27.18
940859    3357       27.18
9433060   3357       25.38
9540404   3357       27.18
9540845   3357       29.07
9542018   3357       27.18
9542237   3357       23.73
9543174   3357       25.38
9543530   3357       27.18
9544179   3357       25.38
9544345   3357       22.18
9544429   3357       27.18
9544827   3357       27.18
9545198   3357       22.18
9545952   3357       22.18
9546474   3357       25.38
9547148   3357       23.73
9551389   3357       25.38
9552709   3357       20.74
9553039   3357       25.38
9553047   3357       23.73
9553149   3357       20.74
9555077   3357       29.07
9555609   3357       20.74
9555641   3357       25.38
9557148   3357       29.07
9557803   3357       22.18
9557875   3357       20.74
9557894   3357       20.74
9558628   3357       22.18
9560453   3357       20.74
9570736   3357       25.38
9572755   3357       25.38
9601343   3357       25.38
9603154   3357       22.18
9603683   3357       25.38
9603870   3357       16.57
9604166   3357       23.73
9604592   3357       31.11
9607091   3357       23.73
9608547   3357       25.38
9609337   3357       20.74
9609338   3357       25.38
9612117   3357       27.18
9612530   3357       25.38
9612692   3357       25.38
9614364   3357       23.73
9615964   3357       25.38
9617493   3357       23.73
9620242   3357       27.18
9620248   3357       29.07
9620376   3357       25.38
9620599   3357       27.18
9620701   3357       23.73
9620720   3357       23.73
9621777   3357       20.74
9622347   3357       25.38
9624370   3357       31.11
9624596   3357       20.74
9626082   3357       25.38
9626215   3357       23.73
9627150   3357       27.18
9627724   3357       20.74
9629963   3357       27.18
9631462   3357       27.18
9634554   3357       25.38
9636806   3357       20.74
9638320   3357       25.38
9639201   3357       23.73
9845319   3357       22.18
9846320   3357       27.18
9847068   3357       25.38
9847350   3357       25.38
9847591   3357       20.74
9848693   3357       23.73
9850403   3357       25.38
9851111   3357       25.38
9851993   3357       25.38
