10107724  0357       68.07
10120357  0357       95.87
10121866  0357      163.17
10125466  0357       62.58
10126656  0357       63.92
10141786  0357       65.27
10312414  0357       62.57
10373550  0357      127.83
10639752  0357       62.57
10726693  0357       63.92
10760806  0357       62.58
10764554  0357       65.27
10770124  0357       63.92
10772668  0357       62.58
10774121  0357       65.27
10775520  0357      125.13
10776516  0357       68.07
10776915  0357       62.58
10777645  0357       95.87
10778464  0357       62.58
10779723  0357       63.91
10784623  0357       63.91
10820078  0357       65.27
10840266  0357       63.92
10841061  0357       62.58
10841823  0357       68.07
10842205  0357       63.92
10843324  0357      159.79
10844947  0357      159.79
10845717  0357       62.58
10845943  0357       68.07
10846532  0357       65.27
10846629  0357       63.91
10846940  0357      127.81
10846985  0357       63.92
10847648  0357       62.58
10848158  0357       66.67
10849906  0357       63.92
10860593  0357       63.92
10959957  0357       63.92
10960021  0357       63.92
10963442  0357       65.27
10963957  0357       65.27
1108218   0357       62.57
1112379   0357       63.91
11163187  0357       62.58
11177533  0357       62.58
11260715  0357       51.13
11261772  0357       68.07
11262378  0357       63.92
11263756  0357       62.58
11264465  0357       63.92
11264550  0357       65.27
11265496  0357       63.92
11265527  0357       65.27
11266390  0357      127.83
11267811  0357      125.15
11267932  0357      125.13
11269196  0357       66.68
1129535   0357       65.27
11414487  0357       65.27
11425214  0357       63.92
11425449  0357       63.92
11426462  0357       62.57
11428034  0357       62.58
11428889  0357      159.79
11429539  0357      130.52
11429991  0357       95.87
11430700  0357       63.92
11433167  0357       63.92
11433865  0357      127.83
11433968  0357       63.92
11434350  0357       63.92
11546168  0357       62.57
11584952  0357       63.92
11586448  0357       65.27
11594236  0357       68.07
11594524  0357       62.58
11596252  0357       63.92
11598121  0357       65.27
11633896  0357       62.58
11645810  0357       63.92
11651035  0357       63.92
11651090  0357       63.92
11652405  0357       63.92
11653864  0357       63.92
11694358  0357       63.92
11694758  0357       63.92
11695394  0357      125.13
11749469  0357       63.92
11783201  0357       65.27
11783366  0357       68.07
11784637  0357       62.58
11786325  0357       68.07
11786432  0357       62.57
11787653  0357      127.83
11790273  0357       63.92
11790818  0357       95.87
11791177  0357       63.92
11792127  0357       63.92
11792506  0357       63.92
11792846  0357       51.13
11878930  0357       63.92
11879419  0357       65.27
11881668  0357      156.43
11881669  0357       62.57
11882080  0357       62.57
11883300  0357      127.83
12018729  0357       62.58
12019816  0357       62.58
12020535  0357       66.68
12021559  0357       65.27
12021966  0357       68.07
12023306  0357       66.68
12023981  0357       95.87
12024178  0357       63.92
12024179  0357       63.92
12025294  0357       95.87
12025491  0357       62.58
12026565  0357       63.92
12027093  0357       63.92
12027260  0357       63.91
12027527  0357       62.58
12027973  0357       65.27
12080554  0357       63.92
12241212  0357       93.85
12242270  0357       63.92
12243077  0357       62.58
12244707  0357       50.06
12247738  0357       95.87
12248400  0357      159.79
12248755  0357       65.27
12248784  0357      130.52
12248960  0357       63.91
12249178  0357       68.07
12314254  0357      166.66
12369466  0357       63.92
12370670  0357       66.67
1239070   0357       62.57
12434895  0357       63.92
12435304  0357       63.92
12435757  0357       93.85
12435759  0357      159.76
12527456  0357       62.58
12534356  0357       63.92
12536172  0357       63.92
12536549  0357       66.68
1257983   0357       65.27
1258658   0357       63.91
1262953   0357       63.91
1263302   0357       62.57
1263303   0357       63.91
12638103  0357       68.07
1265436   0357       63.91
1266723   0357       50.06
12691465  0357       63.92
1269356   0357      130.53
12698409  0357       62.58
12698965  0357       62.58
12701276  0357       68.07
12701301  0357      156.43
12702273  0357       62.57
12704473  0357       65.27
12704482  0357      130.52
12704649  0357       63.92
12704927  0357       63.92
12705860  0357       63.92
12706171  0357       63.92
12706774  0357      130.52
1272390   0357       62.57
1273369   0357       63.91
1277938   0357       62.57
1278407   0357       63.91
12848719  0357       63.92
12849330  0357       66.68
12851330  0357       63.92
12852888  0357       63.92
12858616  0357      102.09
12878256  0357       63.92
12884972  0357       63.92
12934142  0357       62.58
12934525  0357       62.58
12935305  0357       63.92
13032012  0357      159.79
13032033  0357       63.92
13034237  0357       63.92
13035222  0357       68.07
13084488  0357       62.58
13084886  0357       62.58
13179920  0357       62.58
13180551  0357       63.92
1318484   0357       62.57
13187744  0357      127.83
13188604  0357       93.85
13264411  0357       63.92
13265462  0357       62.58
13265946  0357      102.09
13266369  0357       66.68
13268000  0357      125.13
13268185  0357      125.13
13268352  0357       63.92
13268457  0357       62.58
13268537  0357       95.87
13343258  0357       62.58
13510172  0357       62.58
13519440  0357       62.58
13643981  0357      125.13
13644051  0357       63.92
13644555  0357      156.43
13644665  0357       63.92
13644680  0357      163.17
13652653  0357       62.58
13679940  0357       63.92
13774187  0357       62.57
13775452  0357       62.58
13775808  0357       62.58
13777181  0357       93.85
13785046  0357       62.58
13785661  0357       63.92
13785997  0357       62.58
13787208  0357       63.92
13842354  0357       63.92
13843775  0357       63.92
13856268  0357       63.92
13867427  0357       95.87
13880177  0357       63.92
13880981  0357       63.92
13905892  0357       62.58
14030527  0357       62.58
14031497  0357      159.79
14093727  0357       95.87
14143188  0357       62.58
14159223  0357      125.13
14176671  0357       63.92
14270811  0357      156.43
14293118  0357       95.87
1431183   0357       63.91
14335445  0357       62.58
14335539  0357       63.92
14372545  0357       62.58
14372818  0357      127.81
14376347  0357       63.92
14405196  0357       63.92
14513487  0357       62.58
14607589  0357       93.85
14648947  0357       63.92
14649126  0357       62.58
14877620  0357       68.07
14877805  0357       65.27
14877859  0357       66.68
14879704  0357      156.43
14880972  0357      127.83
15056332  0357       65.27
15170350  0357       62.58
15177867  0357      125.13
15229138  0357       63.92
15306996  0357       62.58
15351139  0357       63.92
15352095  0357       63.92
15426228  0357       63.92
15444190  0357       63.92
15444945  0357       63.92
15597541  0357       62.58
15598319  0357       63.92
15598933  0357       62.58
15599928  0357      102.09
15599929  0357      127.83
15667613  0357      125.13
15668151  0357      127.83
15668851  0357       62.58
15673218  0357       63.92
15690244  0357       62.58
15729233  0357       95.87
15886521  0357       63.92
15959808  0357       62.58
15961650  0357       62.58
16001576  0357       62.58
16278235  0357       63.92
1631390   0357       54.47
16385667  0357       62.58
16387793  0357      127.83
16594051  0357       63.92
16641426  0357       62.58
16736267  0357       63.92
16750794  0357       63.92
17012587  0357      159.79
17019549  0357       63.92
17033256  0357       62.58
17104709  0357       63.92
17132368  0357       62.58
17306742  0357       62.58
17356955  0357       63.92
1737075   0357       62.57
17379215  0357       93.85
17380736  0357       62.58
17505354  0357       62.58
17574055  0357       62.58
1763812   0357       63.91
1764349   0357       62.57
1765295   0357      125.15
1769938   0357       62.57
17727438  0357       63.92
17727473  0357       62.58
17859921  0357      125.13
17872590  0357       63.92
17942640  0357       63.92
18054647  0357       63.92
18058393  0357       62.58
18059918  0357       63.92
18104818  0357       63.92
18263756  0357       63.92
18332702  0357       63.92
18332814  0357       63.92
18421508  0357       62.58
18421512  0357       93.85
18422439  0357       63.92
18438218  0357       62.58
18438766  0357       62.58
18618969  0357       62.58
18655916  0357       63.92
18656459  0357       95.87
18785684  0357       62.58
18923581  0357       62.58
18928116  0357       62.58
18950730  0357       62.58
18998089  0357      125.13
19262723  0357       63.92
19324610  0357      127.83
19348247  0357       63.92
19355607  0357       62.58
19431369  0357       63.92
19640869  0357      127.83
19697516  0357       62.58
19745610  0357       62.58
19827450  0357      175.76
19850185  0357       62.58
19973112  0357       63.92
20015159  0357       63.92
20046577  0357      127.83
20046584  0357      125.13
20075289  0357      127.83
20235584  0357      125.13
2030572   0357       62.57
2033664   0357       68.07
20348834  0357       93.85
20542804  0357       62.58
2101693   0357       65.27
2130876   0357       62.57
21505687  0357      163.17
2157417   0357      170.16
2186056   0357       62.57
2189077   0357       62.57
2196831   0357       62.57
2198274   0357       65.27
22326349  0357       62.58
2272067   0357       62.57
23156662  0357       63.91
23573778  0357       62.58
2376223   0357       68.07
2384661   0357       63.91
23851459  0357       62.58
2529886   0357       63.91
2532585   0357       62.57
2533320   0357       62.57
2534786   0357       51.13
2535843   0357       65.27
2536795   0357       63.91
2539943   0357       62.57
2541142   0357       63.91
2541439   0357       68.07
2541709   0357       63.91
2543654   0357       63.91
2543813   0357       63.91
2543932   0357       62.57
2592064   0357       65.27
2592966   0357       65.27
2593377   0357       63.91
2596405   0357       63.91
2598033   0357       63.91
2598733   0357       65.27
2598872   0357       62.57
2601437   0357       63.91
2603046   0357       63.91
2605164   0357       63.91
2605823   0357       50.06
2607322   0357       63.91
2608233   0357       63.91
2608304   0357       62.57
2608554   0357       63.91
2684589   0357       63.91
26945442  0357       62.58
2854705   0357       62.57
2870837   0357       62.57
2910376   0357       62.57
2910432   0357       62.57
2912407   0357       62.57
2912692   0357       68.07
2913757   0357       62.57
2913809   0357       62.57
2915293   0357       62.57
2915714   0357       63.91
2916362   0357       63.91
2916467   0357       62.57
2916786   0357       62.57
2918280   0357      159.76
2992913   0357       62.57
3035349   0357       63.91
3080057   0357      102.10
3080311   0357       63.91
3080984   0357       63.91
3081351   0357       63.91
3082505   0357       62.57
3083065   0357       62.57
3083457   0357       62.57
3083843   0357       62.57
3084868   0357       63.91
3084978   0357       62.57
3085009   0357       62.57
3085276   0357       66.67
3090485   0357       63.91
3156003   0357       62.57
3234299   0357       66.67
3245420   0357       63.91
3314884   0357       50.06
3315121   0357       62.57
3315781   0357       62.57
3317339   0357       62.57
3318589   0357       63.91
3318694   0357       66.67
3318719   0357       63.91
3320986   0357       63.91
3322128   0357       63.91
3324084   0357       63.91
3324110   0357       68.07
3329806   0357       63.91
3353242   0357       62.57
3528540   0357       63.91
3533360   0357       66.67
3535445   0357       62.57
3535838   0357       62.57
3538837   0357       63.91
3539352   0357       63.91
3541739   0357       63.91
3541975   0357       50.06
3542004   0357       65.27
3542015   0357       50.06
3554092   0357       65.27
3593839   0357       62.57
3598528   0357       63.91
3710064   0357       62.57
3759377   0357       62.57
3784066   0357       62.57
3784441   0357       65.27
3785251   0357       63.91
3792247   0357       63.91
3830110   0357       62.57
3855157   0357       50.06
3855577   0357       63.91
3856978   0357       62.57
3857004   0357       62.57
3857220   0357       63.91
3857667   0357       62.57
3857878   0357       65.27
3858323   0357      127.81
3858856   0357       65.27
3859230   0357       95.86
3864991   0357       68.07
3875055   0357       63.91
3877925   0357      130.53
3878006   0357       62.57
3963688   0357       63.91
3964093   0357       63.91
3965704   0357       62.57
3969513   0357       62.57
4001934   0357       65.27
4064149   0357       53.35
4065177   0357       62.57
4065584   0357       63.91
4065648   0357       62.57
4066245   0357       62.57
4067118   0357       63.91
4067795   0357       63.91
4068788   0357       62.57
4071074   0357       68.07
4071241   0357       62.57
4107436   0357       62.57
4191539   0357       62.57
4194671   0357       63.91
4195654   0357       62.57
4199927   0357       50.06
4200911   0357       62.57
4238916   0357       62.57
430240    0357       62.57
4317775   0357       65.27
4373204   0357       65.27
4373479   0357       62.57
4375498   0357       68.07
4375998   0357       66.67
4376813   0357       62.57
4377201   0357       65.27
4378140   0357       62.57
4378236   0357       62.57
4378283   0357       62.57
4378759   0357       65.27
4379154   0357       62.57
4381614   0357       62.57
4382400   0357       95.86
4383023   0357       65.27
4383200   0357       62.57
4385047   0357       63.91
4386936   0357       66.67
4387777   0357      156.44
4409485   0357       65.27
4409788   0357       62.57
4409789   0357      125.15
4414417   0357       62.57
4414541   0357       65.27
4414909   0357       63.91
4415675   0357       62.57
443869    0357       63.91
4609506   0357       65.27
4610129   0357       62.57
4720170   0357       93.85
4720923   0357       63.91
4721016   0357       62.57
4721639   0357       62.57
4722680   0357       62.57
4722814   0357       51.13
4723168   0357       62.57
4723403   0357       62.57
4724433   0357       63.91
4725919   0357      130.53
4727740   0357       62.57
4728331   0357       62.57
4729448   0357       50.06
4730168   0357       65.27
4730490   0357       62.57
4730823   0357       68.07
4731322   0357       65.27
4731494   0357       65.27
4732090   0357       62.57
4732618   0357       62.57
4734527   0357       62.58
4734940   0357       62.58
4735505   0357       62.57
4738424   0357       63.91
4739546   0357       63.91
4739796   0357       65.27
4754833   0357       65.27
4803744   0357       65.27
4805842   0357       63.91
4827213   0357       63.91
4853128   0357       51.13
4882144   0357       50.06
5017295   0357       62.57
5022967   0357       65.27
5237805   0357       63.91
5238236   0357       62.57
5239261   0357       68.07
5240821   0357       62.57
5242545   0357       68.07
5244302   0357       62.57
5244483   0357       62.57
5244484   0357       65.27
5244765   0357       62.57
5245261   0357       65.27
5248926   0357       62.57
5248954   0357       62.57
5249259   0357       51.13
5249817   0357       65.27
5250965   0357       63.91
5251153   0357       63.91
5251214   0357       65.27
5252606   0357      130.52
5253930   0357       62.57
5254613   0357       62.57
5254952   0357       62.57
5255567   0357       63.91
5255641   0357       65.27
5257069   0357       62.57
5257175   0357       63.91
5257421   0357       66.67
5257727   0357      159.79
5257774   0357       63.91
5259121   0357       62.57
5259785   0357       62.57
5261116   0357       62.57
5261139   0357       63.91
5261250   0357       62.57
5261418   0357       62.57
5261643   0357       62.57
5263470   0357       66.67
5344986   0357       62.57
5435450   0357       62.57
5436619   0357       65.27
5436795   0357       50.06
5438690   0357       62.57
5439480   0357       63.92
5439865   0357      133.33
5458236   0357       62.57
5461455   0357       63.91
5605414   0357      127.81
5658043   0357       63.91
5688352   0357       63.91
5765952   0357       63.92
5779173   0357       63.92
5915261   0357       63.91
5921128   0357       63.91
5921800   0357       62.58
5923624   0357       65.27
5925143   0357       65.27
5925949   0357       50.06
5929492   0357       63.92
5935536   0357      163.16
5938630   0357       63.91
5938995   0357       63.92
6044716   0357       95.87
6125595   0357      156.44
6127630   0357       62.57
6238388   0357       68.07
6394853   0357       50.06
6537141   0357       62.57
6573443   0357       63.91
6573855   0357       66.68
6573893   0357       62.58
6575243   0357       62.57
6575301   0357       63.92
6584406   0357      156.44
6602322   0357       62.58
6634354   0357       63.91
6689708   0357       63.92
6690236   0357       63.91
6701343   0357       63.91
6701344   0357       63.91
6701453   0357       63.92
673822    0357       62.57
6841910   0357       62.58
7211860   0357       52.23
7240399   0357       63.92
7300376   0357       62.57
7301470   0357       62.57
7305494   0357       63.91
7305781   0357       62.57
7309317   0357       63.92
7309375   0357       62.57
7310425   0357       66.67
7310959   0357       63.91
7311233   0357       63.91
7311255   0357       62.57
7312149   0357       63.91
7313189   0357       62.57
7314050   0357       62.57
7314987   0357       66.67
7315048   0357       65.27
7315058   0357      159.76
7315331   0357       63.92
7316059   0357       66.68
7316139   0357       65.27
7316607   0357       68.07
7316959   0357      130.53
7317744   0357      125.15
7318041   0357       63.91
7319649   0357       65.27
7321787   0357       66.68
7322304   0357       62.58
7322780   0357       62.58
7322794   0357       62.57
7324725   0357       65.27
7325664   0357       50.06
7325721   0357       63.91
7325722   0357       63.91
7325778   0357       50.06
7328421   0357       62.58
7330948   0357       63.92
7331943   0357       62.57
7332202   0357       62.57
7332734   0357       95.86
7333145   0357       65.27
7333526   0357      125.15
7335642   0357       66.68
7337422   0357       51.13
7337778   0357       62.58
7338055   0357       66.67
7340200   0357       62.57
7340742   0357       63.91
7340989   0357       62.57
7342107   0357       62.58
7342680   0357       63.91
7343605   0357       62.57
7344290   0357       62.58
7344465   0357      125.13
7347856   0357       63.91
7348137   0357       62.57
7348986   0357       63.91
7349428   0357      170.17
7349843   0357       62.58
7350162   0357       62.57
7350273   0357       62.58
7351297   0357       50.06
7352317   0357       62.58
7353377   0357       63.92
7354064   0357       62.57
7355928   0357       62.57
7359478   0357       65.27
7360346   0357       62.58
7360517   0357       63.92
7363171   0357       50.06
7363652   0357       63.92
7365166   0357       63.91
7365545   0357       62.57
7367276   0357       62.57
7368710   0357      125.13
7369018   0357       63.92
7371154   0357       63.92
7372156   0357       62.57
7372973   0357       50.06
7373089   0357       62.57
7373215   0357       66.68
7374243   0357       62.57
7374616   0357       63.91
7377030   0357       62.57
7377579   0357       63.92
7379256   0357      125.13
7380616   0357       62.58
7381553   0357       63.92
7382148   0357       65.27
7382532   0357       62.57
7384964   0357       63.92
7387544   0357      127.83
7388038   0357       62.58
7388080   0357       63.92
7388125   0357       65.27
7388199   0357       93.86
7389581   0357       63.92
7391472   0357       62.57
7392153   0357      163.17
7393061   0357       62.58
7393144   0357      125.15
7395742   0357       50.06
7396051   0357       95.86
7398038   0357       51.13
7400031   0357       63.92
7401094   0357       63.92
7401380   0357       63.91
7401853   0357       62.58
7403123   0357       62.58
7403188   0357       62.58
7403563   0357       62.58
7406353   0357       63.92
7408531   0357       63.92
7409730   0357       62.58
7410177   0357       68.07
7412535   0357       65.27
7412738   0357       68.07
7415285   0357       68.07
7415448   0357       63.92
7416870   0357       62.57
7417289   0357      125.13
7417791   0357      127.81
7418898   0357       62.57
7418939   0357       63.92
7419340   0357       62.58
7419740   0357       62.57
7419800   0357       68.07
7419866   0357      156.43
7420316   0357       63.92
7420429   0357       65.27
7423108   0357       65.27
7423415   0357       63.91
7423444   0357       63.91
7425063   0357       62.58
7425430   0357       63.91
7425900   0357       62.58
7426046   0357       63.92
7427359   0357       62.58
7427520   0357       63.91
7429274   0357       51.13
7432253   0357       65.27
7434591   0357      159.79
7435158   0357      156.44
7436077   0357      125.13
7436996   0357       63.92
7437806   0357       62.58
7437808   0357       62.57
7438450   0357       63.91
7439597   0357      133.33
7439617   0357       63.92
7439629   0357       63.92
7440809   0357       50.06
7442445   0357       63.91
7444497   0357       93.85
7444651   0357       65.27
7444842   0357       63.92
7444889   0357      133.34
7445661   0357       62.58
7446644   0357       63.92
7447067   0357      159.79
7447334   0357       66.68
7447992   0357       62.57
7449457   0357       62.58
7455429   0357       63.91
7455588   0357       63.91
7461704   0357       63.91
7465820   0357      159.79
7465910   0357       63.92
7466779   0357       68.07
7466870   0357       63.91
7502836   0357       65.27
7548386   0357       50.06
770342    0357       63.91
7917981   0357       63.91
7981510   0357       65.27
7982728   0357       50.06
7982865   0357       65.27
7983170   0357       62.58
7984159   0357       63.92
7985605   0357       51.13
7988969   0357       63.91
8054279   0357       62.57
8064487   0357      102.26
8140450   0357       50.06
8594315   0357       51.13
8718789   0357      102.26
8734286   0357       65.27
9066082   0357       62.57
9100619   0357       63.91
9211039   0357       50.06
9261804   0357       65.27
9317884   0357      130.52
9433060   0357       63.92
9540404   0357       65.27
9540845   0357      100.02
9542018   0357      163.17
9542237   0357       62.58
9543174   0357       63.91
9543530   0357       65.27
9544179   0357       63.92
9544345   0357       62.57
9544429   0357       65.27
9544827   0357       65.27
9545198   0357       62.57
9545952   0357       62.57
9546474   0357       63.92
9547148   0357       62.57
9551389   0357       63.92
9552709   0357       50.06
9553039   0357       63.91
9553047   0357       62.57
9553149   0357       62.58
9555077   0357       66.67
9555609   0357       63.92
9555641   0357       63.92
9557148   0357      133.34
9557803   0357       62.58
9557875   0357       62.58
9557894   0357       62.57
9558628   0357       62.58
9560453   0357       62.57
9570736   0357       63.91
9572755   0357       63.91
9577605   0357       63.91
9601343   0357      159.79
9603154   0357       62.57
9603683   0357       65.27
9603870   0357       50.06
9604166   0357       62.58
9604592   0357      102.09
9607091   0357       62.57
9608547   0357       63.92
9609337   0357      156.44
9609338   0357      127.83
9612117   0357       52.23
9612692   0357       63.92
9614364   0357      130.52
9615563   0357       63.92
9615964   0357       63.92
9617493   0357       62.58
9620242   0357      130.52
9620248   0357      133.34
9620376   0357       63.92
9620599   0357       65.27
9620701   0357       62.58
9620720   0357       62.57
9622347   0357       66.68
9624370   0357       68.07
9624596   0357       62.58
9625361   0357       63.92
9625933   0357      127.83
9626215   0357       62.58
9627150   0357      163.17
9627523   0357      127.83
9627724   0357       62.58
9629963   0357       65.27
9631462   0357       65.27
9634554   0357       63.91
9634674   0357       63.92
9636806   0357       62.58
9638320   0357       63.92
9639201   0357       62.57
9845319   0357       62.57
9846320   0357       65.27
9847068   0357       62.58
9847350   0357       63.91
9848693   0357       62.57
9850403   0357       63.92
9851111   0357       63.92
9851993   0357       63.91
10107724  3357       68.07
10120357  3357       63.92
10121866  3357       65.27
10125466  3357       62.58
10126656  3357       63.92
10141786  3357       65.27
10312414  3357       62.57
10373550  3357       63.92
10639752  3357       62.57
10726693  3357       63.92
10760806  3357       62.58
10764554  3357       65.27
10770124  3357       63.92
10772668  3357       62.58
10774121  3357       65.27
10775520  3357       62.58
10776516  3357       68.07
10776915  3357       62.58
10777645  3357       63.92
10778464  3357       62.58
10779723  3357       63.91
10784623  3357       63.91
10820078  3357       65.27
10840266  3357       63.92
10841061  3357       62.58
10841823  3357       68.07
10842205  3357       63.92
10843324  3357       63.92
10844947  3357       63.92
10845717  3357       62.58
10845943  3357       68.07
10846532  3357       65.27
10846629  3357       63.91
10846940  3357       63.91
10846985  3357       63.92
10847648  3357       62.58
10848158  3357       66.67
10849906  3357       63.92
10860593  3357       63.92
10959957  3357       63.92
10960021  3357       63.92
10963442  3357       65.27
10963957  3357       65.27
1108218   3357       62.57
1112379   3357       63.91
11163187  3357       62.58
11177533  3357       62.58
11260715  3357       51.13
11261772  3357       68.07
11262378  3357       63.92
11263756  3357       62.58
11264465  3357       63.92
11264550  3357       65.27
11265496  3357       63.92
11265527  3357       65.27
11266390  3357       63.92
11267811  3357       62.57
11267932  3357       62.58
11269196  3357       66.68
1129535   3357       65.27
11414487  3357       65.27
11425214  3357       63.92
11425449  3357       63.92
11426462  3357       62.57
11428034  3357       62.58
11428889  3357       63.92
11429539  3357       65.27
11429991  3357       63.92
11430700  3357       63.92
11433167  3357       63.92
11433865  3357       63.92
11433968  3357       63.92
11434350  3357       63.92
11546168  3357       62.57
11584952  3357       63.92
11586448  3357       65.27
11594236  3357       68.07
11594524  3357       62.58
11596252  3357       63.92
11598121  3357       65.27
11633896  3357       62.58
11645810  3357       63.92
11651035  3357       63.92
11651090  3357       63.92
11652405  3357       63.92
11653864  3357       63.92
11694358  3357       63.92
11694758  3357       63.92
11695394  3357       62.58
11749469  3357       63.92
11783201  3357       65.27
11783366  3357       68.07
11784637  3357       62.58
11786325  3357       68.07
11786432  3357       62.57
11787653  3357       63.92
11790273  3357       63.92
11790818  3357       63.92
11791177  3357       63.92
11792127  3357       63.92
11792506  3357       63.92
11792846  3357       51.13
11878930  3357       63.92
11879419  3357       65.27
11881668  3357       62.58
11881669  3357       62.57
11882080  3357       62.57
11883300  3357       63.92
12018729  3357       62.58
12019816  3357       62.58
12020535  3357       66.68
12021559  3357       65.27
12021966  3357       68.07
12023306  3357       66.68
12023981  3357       63.92
12024178  3357       63.92
12024179  3357       63.92
12025294  3357       63.92
12025491  3357       62.58
12026565  3357       63.92
12027093  3357       63.92
12027260  3357       63.91
12027527  3357       62.58
12027973  3357       65.27
12080554  3357       63.92
12241212  3357       62.58
12242270  3357       63.92
12243077  3357       62.58
12244707  3357       50.06
12247738  3357       63.92
12248400  3357       63.92
12248755  3357       65.27
12248784  3357       65.27
12248960  3357       63.91
12249178  3357       68.07
12314254  3357       66.68
12369466  3357       63.92
12370670  3357       66.67
1239070   3357       62.57
12434895  3357       63.92
12435304  3357       63.92
12435757  3357       62.58
12435759  3357       63.91
12527456  3357       62.58
12534356  3357       63.92
12536172  3357       63.92
12536549  3357       66.68
1257983   3357       65.27
1258658   3357       63.91
1262953   3357       63.91
1263302   3357       62.57
1263303   3357       63.91
12638103  3357       68.07
1265436   3357       63.91
1266723   3357       50.06
12691465  3357       63.92
1269356   3357       65.27
12698409  3357       62.58
12698965  3357       62.58
12701276  3357       68.07
12701301  3357       62.58
12702273  3357       62.57
12704473  3357       65.27
12704482  3357       65.27
12704649  3357       63.92
12704927  3357       63.92
12705860  3357       63.92
12706171  3357       63.92
12706774  3357       65.27
1272390   3357       62.57
1273369   3357       63.91
1277938   3357       62.57
1278407   3357       63.91
12848719  3357       63.92
12849330  3357       66.68
12851330  3357       63.92
12852888  3357       63.92
12858616  3357       68.07
12878256  3357       63.92
12884972  3357       63.92
12934142  3357       62.58
12934525  3357       62.58
12935305  3357       63.92
13032012  3357       63.92
13032033  3357       63.92
13034237  3357       63.92
13035222  3357       68.07
13084488  3357       62.58
13084886  3357       62.58
13179920  3357       62.58
13180551  3357       63.92
1318484   3357       62.57
13187744  3357       63.92
13188604  3357       62.58
13264411  3357       63.92
13265462  3357       62.58
13265946  3357       68.07
13266369  3357       66.68
13268000  3357       62.58
13268185  3357       62.58
13268352  3357       63.92
13268457  3357       62.58
13268537  3357       63.92
13343258  3357       62.58
13510172  3357       62.58
13519440  3357       62.58
13643981  3357       62.58
13644051  3357       63.92
13644555  3357       62.58
13644665  3357       63.92
13644680  3357       65.27
13652653  3357       62.58
13679940  3357       63.92
13774187  3357       62.57
13775452  3357       62.58
13775808  3357       62.58
13777181  3357       62.58
13785046  3357       62.58
13785661  3357       63.92
13785997  3357       62.58
13787208  3357       63.92
13842354  3357       63.92
13843775  3357       63.92
13856268  3357       63.92
13867427  3357       63.92
13880177  3357       63.92
13880981  3357       63.92
13905892  3357       62.58
14030527  3357       62.58
14031497  3357       63.92
14093727  3357       63.92
14143188  3357       62.58
14159223  3357       62.58
14176671  3357       63.92
14270811  3357       62.58
14293118  3357       63.92
1431183   3357       63.91
14335445  3357       62.58
14335539  3357       63.92
14372545  3357       62.58
14372818  3357       51.13
14376347  3357       63.92
14405196  3357       63.92
14513487  3357       62.58
14607589  3357       62.58
14648947  3357       63.92
14649126  3357       62.58
14877620  3357       68.07
14877805  3357       65.27
14877859  3357       66.68
14879704  3357       62.58
14880972  3357       63.92
15056332  3357       65.27
15170350  3357       62.58
15177867  3357       62.58
15229138  3357       63.92
15306996  3357       62.58
15351139  3357       63.92
15352095  3357       63.92
15426228  3357       63.92
15444190  3357       63.92
15444945  3357       63.92
15597541  3357       62.58
15598319  3357       63.92
15598933  3357       62.58
15599928  3357       68.07
15599929  3357       63.92
15667613  3357       62.58
15668151  3357       63.92
15668851  3357       62.58
15673218  3357       63.92
15690244  3357       62.58
15729233  3357       63.92
15886521  3357       63.92
15959808  3357       62.58
15961650  3357       62.58
16001576  3357       62.58
16278235  3357       63.92
1631390   3357       54.47
16385667  3357       62.58
16387793  3357       63.92
16594051  3357       63.92
16641426  3357       62.58
16736267  3357       63.92
16750794  3357       63.92
17012587  3357       63.92
17019549  3357       63.92
17033256  3357       62.58
17104709  3357       63.92
17132368  3357       62.58
17306742  3357       62.58
17356955  3357       63.92
1737075   3357       62.57
17379215  3357       62.58
17380736  3357       62.58
17505354  3357       62.58
17574055  3357       62.58
1763812   3357       63.91
1764349   3357       62.57
1765295   3357       62.57
1769938   3357       62.57
17727438  3357       63.92
17727473  3357       62.58
17859921  3357       62.58
17872590  3357       63.92
17942640  3357       63.92
18054647  3357       63.92
18058393  3357       62.58
18059918  3357       63.92
18104818  3357       63.92
18263756  3357       63.92
18332702  3357       63.92
18332814  3357       63.92
18421508  3357       62.58
18421512  3357       62.58
18422439  3357       63.92
18438218  3357       62.58
18438766  3357       62.58
18618969  3357       62.58
18655916  3357       63.92
18656459  3357       63.92
18785684  3357       62.58
18923581  3357       62.58
18928116  3357       62.58
18950730  3357       62.58
18998089  3357       62.58
19262723  3357       63.92
19324610  3357       63.92
19348247  3357       63.92
19355607  3357       62.58
19431369  3357       63.92
19640869  3357       63.92
19697516  3357       62.58
19745610  3357       62.58
19827450  3357      175.76
19850185  3357       62.58
19973112  3357       63.92
20015159  3357       63.92
20046577  3357       63.92
20046584  3357       62.58
20075289  3357       63.92
20235584  3357       62.58
2030572   3357       62.57
2033664   3357       68.07
20348834  3357       62.58
20542804  3357       62.58
2101693   3357       65.27
2130876   3357       62.57
21505687  3357       65.27
2157417   3357       68.07
2186056   3357       62.57
2189077   3357       62.57
2196831   3357       62.57
2198274   3357       65.27
22326349  3357       62.58
2272067   3357       62.57
23156662  3357       63.91
23573778  3357       62.58
2376223   3357       68.07
2384661   3357       63.91
23851459  3357       62.58
2529886   3357       63.91
2532585   3357       62.57
2533320   3357       62.57
2534786   3357       51.13
2535843   3357       65.27
2536795   3357       63.91
2539943   3357       62.57
2541142   3357       63.91
2541439   3357       68.07
2541709   3357       63.91
2543654   3357       63.91
2543813   3357       63.91
2543932   3357       62.57
2592064   3357       65.27
2592966   3357       65.27
2593377   3357       63.91
2596405   3357       63.91
2598033   3357       63.91
2598733   3357       65.27
2598872   3357       62.57
2601437   3357       63.91
2603046   3357       63.91
2605164   3357       63.91
2605823   3357       50.06
2607322   3357       63.91
2608233   3357       63.91
2608304   3357       62.57
2608554   3357       63.91
2684589   3357       63.91
26945442  3357       62.58
2854705   3357       62.57
2870837   3357       62.57
2910376   3357       62.57
2910432   3357       62.57
2912407   3357       62.57
2912692   3357       68.07
2913757   3357       62.57
2913809   3357       62.57
2915293   3357       62.57
2915714   3357       63.91
2916362   3357       63.91
2916467   3357       62.57
2916786   3357       62.57
2918280   3357       63.91
2992913   3357       62.57
3035349   3357       63.91
3080057   3357       68.07
3080311   3357       63.91
3080984   3357       63.91
3081351   3357       63.91
3082505   3357       62.57
3083065   3357       62.57
3083457   3357       62.57
3083843   3357       62.57
3084868   3357       63.91
3084978   3357       62.57
3085009   3357       62.57
3085276   3357       66.67
3090485   3357       63.91
3156003   3357       62.57
3234299   3357       66.67
3245420   3357       63.91
3314884   3357       50.06
3315121   3357       62.57
3315781   3357       62.57
3317339   3357       62.57
3318589   3357       63.91
3318694   3357       66.67
3318719   3357       63.91
3320986   3357       63.91
3322128   3357       63.91
3324084   3357       63.91
3324110   3357       68.07
3329806   3357       63.91
3353242   3357       62.57
3528540   3357       63.91
3533360   3357       66.67
3535445   3357       62.57
3535838   3357       62.57
3538837   3357       63.91
3539352   3357       63.91
3541739   3357       63.91
3541975   3357       50.06
3542004   3357       65.27
3542015   3357       50.06
3554092   3357       65.27
3593839   3357       62.57
3598528   3357       63.91
3710064   3357       62.57
3759377   3357       62.57
3784066   3357       62.57
3784441   3357       65.27
3785251   3357       63.91
3792247   3357       63.91
3830110   3357       62.57
3855157   3357       50.06
3855577   3357       63.91
3856978   3357       62.57
3857004   3357       62.57
3857220   3357       63.91
3857667   3357       62.57
3857878   3357       65.27
3858323   3357       63.91
3858856   3357       65.27
3859230   3357       63.91
3864991   3357       68.07
3875055   3357       63.91
3877925   3357       65.27
3878006   3357       62.57
3963688   3357       63.91
3964093   3357       63.91
3965704   3357       62.57
3969513   3357       62.57
4001934   3357       65.27
4064149   3357       53.35
4065177   3357       62.57
4065584   3357       63.91
4065648   3357       62.57
4066245   3357       62.57
4067118   3357       63.91
4067795   3357       63.91
4068788   3357       62.57
4071074   3357       68.07
4071241   3357       62.57
4107436   3357       62.57
4191539   3357       62.57
4194671   3357       63.91
4195654   3357       62.57
4199927   3357       50.06
4200911   3357       62.57
4238916   3357       62.57
430240    3357       62.57
4317775   3357       65.27
4373204   3357       65.27
4373479   3357       62.57
4375498   3357       68.07
4375998   3357       66.67
4376813   3357       62.57
4377201   3357       65.27
4378140   3357       62.57
4378236   3357       62.57
4378283   3357       62.57
4378759   3357       65.27
4379154   3357       62.57
4381614   3357       62.57
4382400   3357       63.91
4383023   3357       65.27
4383200   3357       62.57
4385047   3357       63.91
4386936   3357       66.67
4387777   3357       62.57
4409485   3357       65.27
4409788   3357       62.57
4409789   3357       62.57
4414417   3357       62.57
4414541   3357       65.27
4414909   3357       63.91
4415675   3357       62.57
443869    3357       63.91
4609506   3357       65.27
4610129   3357       62.57
4720170   3357       62.58
4720923   3357       63.91
4721016   3357       62.57
4721639   3357       62.57
4722680   3357       62.57
4722814   3357       51.13
4723168   3357       62.57
4723403   3357       62.57
4724433   3357       63.91
4725919   3357       65.27
4727740   3357       62.57
4728331   3357       62.57
4729448   3357       50.06
4730168   3357       65.27
4730490   3357       62.57
4730823   3357       68.07
4731322   3357       65.27
4731494   3357       65.27
4732090   3357       62.57
4732618   3357       62.57
4734527   3357       62.58
4734940   3357       62.58
4735505   3357       62.57
4738424   3357       63.91
4739546   3357       63.91
4739796   3357       65.27
4754833   3357       65.27
4803744   3357       65.27
4805842   3357       63.91
4827213   3357       63.91
4853128   3357       51.13
4882144   3357       50.06
5017295   3357       62.57
5022967   3357       65.27
5237805   3357       63.91
5238236   3357       62.57
5239261   3357       68.07
5240821   3357       62.57
5242545   3357       68.07
5244302   3357       62.57
5244483   3357       62.57
5244484   3357       65.27
5244765   3357       62.57
5245261   3357       65.27
5248926   3357       62.57
5248954   3357       62.57
5249259   3357       51.13
5249817   3357       65.27
5250965   3357       63.91
5251153   3357       63.91
5251214   3357       65.27
5252606   3357       65.27
5253930   3357       62.57
5254613   3357       62.57
5254952   3357       62.57
5255567   3357       63.91
5255641   3357       65.27
5257069   3357       62.57
5257175   3357       63.91
5257421   3357       66.67
5257727   3357       63.92
5257774   3357       63.91
5259121   3357       62.57
5259785   3357       62.57
5261116   3357       62.57
5261139   3357       63.91
5261250   3357       62.57
5261418   3357       62.57
5261643   3357       62.57
5263470   3357       66.67
5344986   3357       62.57
5435450   3357       62.57
5436619   3357       65.27
5436795   3357       50.06
5438690   3357       62.57
5439480   3357       63.92
5439865   3357       53.35
5458236   3357       62.57
5461455   3357       63.91
5605414   3357       63.91
5658043   3357       63.91
5688352   3357       63.91
5765952   3357       63.92
5779173   3357       63.92
5915261   3357       63.91
5921128   3357       63.91
5921800   3357       62.58
5923624   3357       65.27
5925143   3357       65.27
5925949   3357       50.06
5929492   3357       63.92
5935536   3357       65.27
5938630   3357       63.91
5938995   3357       63.92
6044716   3357       63.92
6125595   3357       62.57
6127630   3357       62.57
6238388   3357       68.07
6394853   3357       50.06
6537141   3357       62.57
6573443   3357       63.91
6573855   3357       66.68
6573893   3357       62.58
6575243   3357       62.57
6575301   3357       63.92
6584406   3357       62.57
6602322   3357       62.58
6634354   3357       63.91
6689708   3357       63.92
6690236   3357       63.91
6701343   3357       63.91
6701344   3357       63.91
6701453   3357       63.92
673822    3357       62.57
6841910   3357       62.58
7211860   3357       52.23
7240399   3357       63.92
7300376   3357       62.57
7301470   3357       62.57
7305494   3357       63.91
7305781   3357       62.57
7309317   3357       63.92
7309375   3357       62.57
7310425   3357       66.67
7310959   3357       63.91
7311233   3357       63.91
7311255   3357       62.57
7312149   3357       63.91
7313189   3357       62.57
7314050   3357       62.57
7314987   3357       66.67
7315048   3357       65.27
7315058   3357       63.91
7315331   3357       63.92
7316059   3357       66.68
7316139   3357       65.27
7316607   3357       68.07
7316959   3357       65.27
7317744   3357       62.57
7318041   3357       63.91
7319649   3357       65.27
7321787   3357       66.68
7322304   3357       62.58
7322780   3357       62.58
7322794   3357       62.57
7324725   3357       65.27
7325664   3357       50.06
7325721   3357       63.91
7325722   3357       63.91
7325778   3357       50.06
7328421   3357       62.58
7330948   3357       63.92
7331943   3357       62.57
7332202   3357       62.57
7332734   3357       63.91
7333145   3357       65.27
7333526   3357       62.57
7335642   3357       66.68
7337422   3357       51.13
7337778   3357       62.58
7338055   3357       66.67
7340200   3357       62.57
7340742   3357       63.91
7340989   3357       62.57
7342107   3357       62.58
7342680   3357       63.91
7343605   3357       62.57
7344290   3357       62.58
7344465   3357       62.58
7347856   3357       63.91
7348137   3357       62.57
7348986   3357       63.91
7349428   3357       68.07
7349843   3357       62.58
7350162   3357       62.57
7350273   3357       62.58
7351297   3357       50.06
7352317   3357       62.58
7353377   3357       63.92
7354064   3357       62.57
7355928   3357       62.57
7359478   3357       65.27
7360346   3357       62.58
7360517   3357       63.92
7363171   3357       50.06
7363652   3357       63.92
7365166   3357       63.91
7365545   3357       62.57
7367276   3357       62.57
7368710   3357       62.58
7369018   3357       63.92
7371154   3357       63.92
7372156   3357       62.57
7372973   3357       50.06
7373089   3357       62.57
7373215   3357       66.68
7374243   3357       62.57
7374616   3357       63.91
7377030   3357       62.57
7377579   3357       63.92
7379256   3357       62.58
7380616   3357       62.58
7381553   3357       63.92
7382148   3357       65.27
7382532   3357       62.57
7384964   3357       63.92
7387544   3357       63.92
7388038   3357       62.58
7388080   3357       63.92
7388125   3357       65.27
7388199   3357       62.57
7389581   3357       63.92
7391472   3357       62.57
7392153   3357       65.27
7393061   3357       62.58
7393144   3357       62.57
7395742   3357       50.06
7396051   3357       63.91
7398038   3357       51.13
7400031   3357       63.92
7401094   3357       63.92
7401380   3357       63.91
7401853   3357       62.58
7403123   3357       62.58
7403188   3357       62.58
7403563   3357       62.58
7406353   3357       63.92
7408531   3357       63.92
7409730   3357       62.58
7410177   3357       68.07
7412535   3357       65.27
7412738   3357       68.07
7415285   3357       68.07
7415448   3357       63.92
7416870   3357       62.57
7417289   3357       62.58
7417791   3357       63.91
7418898   3357       62.57
7418939   3357       63.92
7419340   3357       62.58
7419740   3357       62.57
7419800   3357       68.07
7419866   3357       62.58
7420316   3357       63.92
7420429   3357       65.27
7423108   3357       65.27
7423415   3357       63.91
7423444   3357       63.91
7425063   3357       62.58
7425430   3357       63.91
7425900   3357       62.58
7426046   3357       63.92
7427359   3357       62.58
7427520   3357       63.91
7429274   3357       51.13
7432253   3357       65.27
7434591   3357       63.92
7435158   3357       62.57
7436077   3357       62.58
7436996   3357       63.92
7437806   3357       62.58
7437808   3357       62.57
7438450   3357       63.91
7439597   3357       66.67
7439617   3357       63.92
7439629   3357       63.92
7440809   3357       50.06
7442445   3357       63.91
7444497   3357       62.58
7444651   3357       65.27
7444842   3357       63.92
7444889   3357       66.68
7445661   3357       62.58
7446644   3357       63.92
7447067   3357       63.92
7447334   3357       66.68
7447992   3357       62.57
7449457   3357       62.58
7455429   3357       63.91
7455588   3357       63.91
7461704   3357       63.91
7465820   3357       63.92
7465910   3357       63.92
7466779   3357       68.07
7466870   3357       63.91
7502836   3357       65.27
7548386   3357       50.06
770342    3357       63.91
7917981   3357       63.91
7981510   3357       65.27
7982728   3357       50.06
7982865   3357       65.27
7983170   3357       62.58
7984159   3357       63.92
7985605   3357       51.13
7988969   3357       63.91
8054279   3357       62.57
8064487   3357       51.13
8140450   3357       50.06
8594315   3357       51.13
8718789   3357       51.13
8734286   3357       65.27
9066082   3357       62.57
9100619   3357       63.91
9211039   3357       50.06
9261804   3357       65.27
9317884   3357       65.27
9433060   3357       63.92
9540404   3357       65.27
9540845   3357       66.67
9542018   3357       65.27
9542237   3357       62.58
9543174   3357       63.91
9543530   3357       65.27
9544179   3357       63.92
9544345   3357       62.57
9544429   3357       65.27
9544827   3357       65.27
9545198   3357       62.57
9545952   3357       62.57
9546474   3357       63.92
9547148   3357       62.57
9551389   3357       63.92
9552709   3357       50.06
9553039   3357       63.91
9553047   3357       62.57
9553149   3357       62.58
9555077   3357       66.67
9555609   3357       63.92
9555641   3357       63.92
9557148   3357       66.68
9557803   3357       62.58
9557875   3357       62.58
9557894   3357       62.57
9558628   3357       62.58
9560453   3357       62.57
9570736   3357       63.91
9572755   3357       63.91
9577605   3357       63.91
9601343   3357       63.92
9603154   3357       62.57
9603683   3357       65.27
9603870   3357       50.06
9604166   3357       62.58
9604592   3357       68.07
9607091   3357       62.57
9608547   3357       63.92
9609337   3357       62.57
9609338   3357       63.92
9612117   3357       52.23
9612692   3357       63.92
9614364   3357       65.27
9615563   3357       63.92
9615964   3357       63.92
9617493   3357       62.58
9620242   3357       65.27
9620248   3357       66.68
9620376   3357       63.92
9620599   3357       65.27
9620701   3357       62.58
9620720   3357       62.57
9622347   3357       66.68
9624370   3357       68.07
9624596   3357       62.58
9625361   3357       63.92
9625933   3357       63.92
9626215   3357       62.58
9627150   3357       65.27
9627523   3357       63.92
9627724   3357       62.58
9629963   3357       65.27
9631462   3357       65.27
9634554   3357       63.91
9634674   3357       63.92
9636806   3357       62.58
9638320   3357       63.92
9639201   3357       62.57
9845319   3357       62.57
9846320   3357       65.27
9847068   3357       62.58
9847350   3357       63.91
9848693   3357       62.57
9850403   3357       63.92
9851111   3357       63.92
9851993   3357       63.91
