10107724  0357      188.58
10120357  0357      231.46
10121866  0357      411.96
10125466  0357      143.83
10126656  0357      154.30
10141786  0357      164.78
10312414  0357      143.83
10373550  0357      308.61
10639752  0357      143.83
10726693  0357      154.30
10760806  0357      143.83
10764554  0357      164.78
10770124  0357      154.30
10772668  0357      143.83
10774121  0357      164.78
10775520  0357      287.67
10776516  0357      188.58
10776915  0357      143.83
10777645  0357      231.46
10778464  0357      143.83
10779723  0357      262.24
10784623  0357      154.30
10820078  0357      164.78
10840266  0357      154.30
10841061  0357      143.83
10841823  0357      188.58
10842205  0357      154.30
10843324  0357      385.76
10844575  0357      377.17
10844947  0357      385.76
10845717  0357      143.83
10845943  0357      188.58
10846474  0357      154.30
10846532  0357      164.78
10846629  0357      154.30
10846940  0357      308.61
10846985  0357      154.30
10847648  0357      143.83
10848158  0357      303.13
10849906  0357      154.30
10849907  0357      164.78
10860593  0357      154.30
10903693  0357      143.83
10959957  0357      154.30
10960021  0357      154.30
10963442  0357      164.78
10963957  0357      164.78
10964062  0357      308.61
1108218   0357      196.41
1112379   0357      197.11
1115136   0357      258.98
11163187  0357      143.83
11177533  0357      143.83
11260715  0357      154.30
11261772  0357      188.58
11262378  0357      154.30
11263756  0357      143.83
11264465  0357      154.30
11264550  0357      143.83
11265496  0357      154.30
11265527  0357      164.78
11266390  0357      308.61
11267811  0357      287.67
11267932  0357      287.67
11268437  0357      188.58
11269196  0357      176.20
1129535   0357      196.77
11414487  0357      164.78
11425214  0357      154.30
11425449  0357      154.30
11426462  0357      143.83
11428034  0357      143.83
11428889  0357      385.76
11429539  0357      308.61
11429792  0357      143.83
11429991  0357      231.46
11430700  0357      154.30
11433167  0357      154.30
11433865  0357      308.61
11433968  0357      308.61
11434350  0357      154.30
11546168  0357      143.83
11580362  0357      164.78
11584952  0357      154.30
11586448  0357      164.78
11589730  0357      308.61
11594236  0357      188.58
11594524  0357      143.83
11596252  0357      154.30
11597667  0357      154.30
11598121  0357      143.83
11598207  0357      143.83
11598956  0357      143.83
11633896  0357      143.83
11645810  0357      154.30
11651035  0357      154.30
11651090  0357      154.30
11652405  0357      154.30
11653864  0357      154.30
11694358  0357      143.83
11694758  0357      154.30
11695394  0357      287.67
11749469  0357      154.30
11783201  0357      164.78
11783366  0357      188.58
11784637  0357      143.83
11786325  0357      188.58
11786432  0357      143.83
11787653  0357      308.61
11787807  0357      154.30
11788587  0357      329.57
11788630  0357      164.78
11790273  0357      154.30
11790818  0357      231.46
11791177  0357      154.30
11792127  0357      154.30
11792506  0357      143.83
11792846  0357      154.30
11878930  0357      154.30
11879419  0357      164.78
11879750  0357      188.58
11881224  0357      188.58
11881668  0357      359.58
11881669  0357      257.75
11882080  0357      143.83
11882720  0357      188.58
11883300  0357      308.61
11949766  0357      188.58
12011761  0357      377.17
12018571  0357      215.75
12018729  0357      143.83
12018852  0357      154.30
12019816  0357      143.83
12020535  0357      176.20
12021559  0357      164.78
12021966  0357      154.30
12022428  0357      164.78
12023306  0357      176.20
12023981  0357      231.46
12024178  0357      154.30
12024179  0357      154.30
12025294  0357      231.46
12025488  0357      143.83
12025491  0357      143.83
12026565  0357      154.30
12027093  0357      154.30
12027260  0357      272.58
12027527  0357      143.83
12027928  0357      143.83
12027973  0357      329.57
12080554  0357      154.30
12241212  0357      215.75
12242270  0357      154.30
12243077  0357      143.83
12244707  0357      143.83
12247738  0357      231.46
12248400  0357      359.58
12248745  0357      154.30
12248755  0357      164.78
12248784  0357      287.67
12248960  0357      154.30
12249178  0357      188.58
12279667  0357      154.30
12314254  0357      440.50
1232375   0357      196.77
12369466  0357      154.30
12370670  0357      176.20
1239070   0357      196.41
12434895  0357      143.83
12435304  0357      154.30
12435757  0357      215.75
12435759  0357      385.76
12527456  0357      143.83
12534356  0357      154.30
12536172  0357      154.30
12536549  0357      176.20
1257983   0357      196.77
1258658   0357      197.11
1261562   0357      196.41
1262953   0357      235.00
1263302   0357      196.41
1263303   0357      197.11
12638103  0357      143.83
1265436   0357      197.11
1266723   0357      135.68
12691465  0357      154.30
1269356   0357      393.51
12698409  0357      143.83
12698965  0357      143.83
12700553  0357      143.83
12701276  0357      154.30
12701301  0357      359.58
12702273  0357      143.83
12704473  0357      143.83
12704482  0357      329.57
12704649  0357      154.30
12704927  0357      154.30
12705860  0357      154.30
12706171  0357      154.30
12706774  0357      329.57
12707136  0357      154.30
1272390   0357      196.41
1273369   0357      197.11
1277938   0357      196.41
1278407   0357      197.11
12848719  0357      154.30
12849330  0357      176.20
12851330  0357      154.30
12852888  0357      154.30
12858616  0357      231.46
12878256  0357      154.30
12884972  0357      154.30
12934142  0357      143.83
12934525  0357      143.83
12935305  0357      154.30
12935606  0357      154.30
13032012  0357      359.58
13032033  0357      154.30
13034237  0357      154.30
13035222  0357      188.58
13084488  0357      143.83
13084886  0357      143.83
13179920  0357      143.83
13180551  0357      154.30
1318484   0357      196.41
13187744  0357      308.61
13187816  0357      231.46
13188137  0357      143.83
13188604  0357      215.75
13264411  0357      154.30
13265462  0357      143.83
13265946  0357      231.46
13266369  0357      154.30
13268000  0357      287.67
13268185  0357      287.67
13268457  0357      143.83
13268537  0357      231.46
13343258  0357      143.83
13408041  0357      143.83
13510172  0357      143.83
13510180  0357      143.83
13519440  0357      143.83
13527636  0357      164.78
13566631  0357      188.58
13643981  0357      287.67
13643982  0357      215.75
13644051  0357      154.30
13644555  0357      359.58
13644665  0357      154.30
13644680  0357      411.96
13652653  0357      143.83
13674854  0357      164.78
13678214  0357      154.30
13678857  0357      143.83
13679940  0357      154.30
13724134  0357      231.46
13774187  0357      143.83
13774684  0357      154.30
13775452  0357      143.83
13775808  0357      143.83
13777181  0357      215.75
13785046  0357      143.83
13785661  0357      154.30
13785997  0357      143.83
13786181  0357      164.78
13787208  0357      154.30
13787741  0357      143.83
13842354  0357      154.30
13843775  0357      154.30
13856268  0357      154.30
13867427  0357      231.46
13868652  0357      154.30
13880177  0357      154.30
13880981  0357      154.30
13905892  0357      143.83
13986119  0357      154.30
13990906  0357      247.16
14003086  0357      143.83
14030527  0357      143.83
14031045  0357      154.30
14031497  0357      385.76
14093727  0357      231.46
14094806  0357      164.78
14143188  0357      143.83
14159223  0357      287.67
14176671  0357      154.30
14228153  0357      154.30
14270811  0357      359.58
14293118  0357      231.46
1431183   0357      197.11
14335445  0357      143.83
14335539  0357      154.30
14372299  0357      164.78
14372545  0357      143.83
14372818  0357      508.48
14376347  0357      154.30
14398946  0357      154.30
14399267  0357      215.75
14405196  0357      154.30
14405401  0357      154.30
14513487  0357      143.83
14590375  0357      143.83
14607589  0357      215.75
14648947  0357      154.30
14649126  0357      143.83
14825867  0357      385.76
14877620  0357      154.30
14877805  0357      164.78
14877859  0357      176.20
14879597  0357      308.61
14879704  0357      359.58
14880827  0357      164.78
14880972  0357      308.61
15170350  0357      143.83
15177340  0357      164.78
15177867  0357      287.67
15229138  0357      154.30
15272372  0357      143.83
15306151  0357      359.58
15306996  0357      143.83
15351139  0357      154.30
15352095  0357      154.30
15444190  0357      154.30
15444811  0357      164.78
15448608  0357      154.30
15597541  0357      143.83
15598043  0357      143.83
15598319  0357      154.30
15598510  0357      308.61
15598933  0357      143.83
15599928  0357      215.75
15599929  0357      308.61
15668151  0357      308.61
15668851  0357      143.83
15690244  0357      143.83
15729233  0357      231.46
15729536  0357      359.58
15778630  0357      231.46
15885754  0357      143.83
15959808  0357      143.83
15961650  0357      143.83
16001576  0357      143.83
16137706  0357      143.83
16138119  0357      231.46
1631390   0357      231.06
16324090  0357      154.30
16385667  0357      143.83
16387437  0357      308.61
16594051  0357      143.83
16641426  0357      143.83
16736267  0357      154.30
16770549  0357      154.30
16788972  0357      308.61
16796439  0357      287.67
16796669  0357      143.83
17011869  0357      308.61
17012587  0357      385.76
17019549  0357      154.30
17033230  0357      143.83
17033256  0357      143.83
17104175  0357      231.46
17104709  0357      154.30
17306742  0357      143.83
1737075   0357      196.41
17379215  0357      215.75
17380736  0357      143.83
17572385  0357      308.61
17574055  0357      143.83
17626132  0357      287.67
1763812   0357      235.00
1764349   0357      196.41
1765295   0357      392.82
1769938   0357      196.41
17727473  0357      143.83
17859806  0357      143.83
17859921  0357      287.67
17872590  0357      154.30
17942640  0357      154.30
17965237  0357      231.46
18054647  0357      154.30
18058393  0357      143.83
18059918  0357      154.30
18263579  0357      154.30
18263756  0357      154.30
18421508  0357      143.83
18422439  0357      308.61
18618969  0357      143.83
18655916  0357      154.30
18656459  0357      231.46
18785684  0357      143.83
18923581  0357      143.83
18928116  0357      143.83
18950730  0357      143.83
1906129   0357      197.11
19166206  0357      359.58
19262723  0357      154.30
1926999   0357      196.77
19324610  0357      308.61
19348247  0357      154.30
19424156  0357      308.61
19431369  0357      154.30
19436769  0357      154.30
19827450  0357      154.30
19850185  0357      359.58
19886649  0357      385.76
19973112  0357      154.30
20046577  0357      287.67
20046584  0357      287.67
20187870  0357      287.67
20189202  0357      176.20
20235584  0357      287.67
2030572   0357      196.41
2033664   0357      209.19
20348834  0357      215.75
20351464  0357      308.61
2101693   0357      231.22
21140944  0357      215.75
2130876   0357      196.41
21505687  0357      359.58
2157417   0357      522.99
2186056   0357      196.41
2189077   0357      196.41
2196831   0357      196.41
2198274   0357      197.50
2198799   0357      196.41
22326349  0357      143.83
2272067   0357      196.41
23156662  0357      197.11
2376223   0357      213.17
2380275   0357      196.77
2384661   0357      197.11
2529886   0357      197.11
2532585   0357      196.41
2533320   0357      196.41
2534786   0357      144.16
2535843   0357      196.77
2536373   0357      196.77
2536795   0357      197.11
2539607   0357      196.77
2539943   0357      196.41
2541142   0357      197.11
2541439   0357      268.81
2541709   0357      197.11
2543654   0357      197.11
2543813   0357      197.11
2543932   0357      196.41
2592064   0357      196.77
2592966   0357      214.09
2593377   0357      197.11
2593686   0357      196.41
2596405   0357      232.89
2597854   0357      197.11
2598033   0357      197.11
2598733   0357      196.77
2598872   0357      196.41
2601437   0357      197.11
2603046   0357      197.11
2605164   0357      197.11
2605823   0357      135.66
2607322   0357      212.28
2608233   0357      207.08
2608304   0357      196.41
2608554   0357      197.11
2684589   0357      197.11
2741170   0357      208.73
2854705   0357      196.41
2870837   0357      196.41
2910376   0357      196.41
2910432   0357      196.41
2911765   0357      196.41
2912407   0357      196.41
2912692   0357      209.19
2913757   0357      196.41
2913809   0357      196.41
2915293   0357      196.41
2915714   0357      197.11
2915780   0357      196.41
2916362   0357      197.11
2916467   0357      196.41
2916786   0357      196.41
2918280   0357      492.76
2992913   0357      196.41
3035349   0357      197.11
3080057   0357      313.80
3080311   0357      197.11
3080984   0357      287.24
3081351   0357      197.11
3082505   0357      236.47
3083006   0357      197.11
3083065   0357      196.41
3083457   0357      196.41
3083843   0357      196.41
3084868   0357      197.11
3084978   0357      196.41
3085009   0357      196.41
3085276   0357      196.80
3090485   0357      209.79
3156003   0357      224.05
3234299   0357      196.80
3245420   0357      197.11
3314884   0357      146.99
3315121   0357      196.41
3315781   0357      196.41
3317339   0357      209.23
3318589   0357      227.57
3318694   0357      237.38
3318719   0357      197.11
3320986   0357      197.11
3322128   0357      208.90
3322284   0357      196.41
3322381   0357      196.77
3324084   0357      273.96
3324110   0357      295.46
3329806   0357      197.11
3353242   0357      224.05
3528540   0357      214.16
3533360   0357      251.62
3535445   0357      196.41
3535838   0357      196.41
3538837   0357      213.85
3539352   0357      197.11
3541739   0357      197.11
3541975   0357      135.68
3542004   0357      164.78
3542015   0357      156.58
3554092   0357      196.77
3593839   0357      196.41
3598528   0357      197.11
3710064   0357      253.89
3759377   0357      196.41
3784066   0357      196.41
3784441   0357      218.83
3785251   0357      197.11
3792247   0357      197.11
3830110   0357      196.41
3855157   0357      135.66
3855577   0357      197.11
3856978   0357      196.41
3857004   0357      196.41
3857220   0357      197.12
3857667   0357      196.41
3857878   0357      196.77
3858323   0357      394.21
3858856   0357      164.78
3859230   0357      309.91
3864991   0357      228.96
3875055   0357      242.57
3877925   0357      604.20
3878006   0357      246.22
3963688   0357      233.48
3964093   0357      269.99
3964337   0357      196.41
3965704   0357      196.41
3969513   0357      197.82
4001934   0357      258.77
4064149   0357      211.65
4065177   0357      196.41
4065584   0357      154.30
4065648   0357      255.11
4066245   0357      196.41
4067118   0357      229.02
4067735   0357      227.12
4067795   0357      197.11
4068788   0357      196.41
4071074   0357      280.34
4071241   0357      232.07
4107436   0357      143.83
4191539   0357      196.41
4193094   0357      491.89
4194671   0357      212.20
4195654   0357      196.41
4199927   0357      135.68
4200911   0357      196.41
4238916   0357      196.41
430240    0357      196.41
4317775   0357      302.31
4373204   0357      310.95
4373479   0357      196.41
4375498   0357      209.19
4375998   0357      201.26
4376813   0357      215.60
4377201   0357      196.77
4378140   0357      196.41
4378236   0357      196.41
4378283   0357      196.41
4378759   0357      286.64
4379154   0357      196.41
4381341   0357      196.41
4381614   0357      224.20
4382400   0357      295.66
4383023   0357      262.02
4383200   0357      196.41
4385047   0357      197.11
4386936   0357      176.20
4387777   0357      525.15
4409485   0357      290.27
4409788   0357      196.41
4409789   0357      426.48
4414417   0357      223.09
4414541   0357      208.51
4414909   0357      197.11
4415675   0357      196.41
443869    0357      197.11
4609506   0357      211.31
4610129   0357      196.41
4720170   0357      215.75
4720923   0357      154.30
4721016   0357      143.83
4721639   0357      196.41
4722680   0357      196.41
4722814   0357      158.13
4723168   0357      196.41
4723403   0357      196.41
4724433   0357      197.11
4725919   0357      329.57
4727740   0357      143.83
4728331   0357      196.41
4729448   0357      140.13
4730168   0357      302.49
4730490   0357      196.41
4730823   0357      296.17
4731322   0357      292.66
4731494   0357      213.56
4732090   0357      227.20
4732618   0357      222.20
4734527   0357      143.83
4734940   0357      143.83
4735505   0357      196.41
4738424   0357      197.11
4739546   0357      260.36
4739796   0357      164.78
4754833   0357      265.48
4803744   0357      332.14
4805842   0357      154.30
4827213   0357      221.99
4853128   0357      183.19
4882144   0357      147.59
5017295   0357      143.83
5022967   0357      196.77
5237805   0357      154.30
5238236   0357      196.41
5239261   0357      228.22
5240821   0357      196.41
5242545   0357      221.26
5244302   0357      224.05
5244483   0357      143.83
5244484   0357      213.56
5244765   0357      196.41
5245261   0357      164.78
5248926   0357      225.66
5248954   0357      207.51
5249259   0357      154.30
5249817   0357      164.78
5250965   0357      197.11
5251153   0357      251.19
5251214   0357      226.19
5252606   0357      329.57
5253930   0357      196.41
5254613   0357      255.44
5254952   0357      196.41
5255567   0357      154.30
5255641   0357      164.78
5257069   0357      206.73
5257175   0357      197.11
5257421   0357      176.20
5257727   0357      385.76
5257774   0357      154.30
5259121   0357      196.41
5259785   0357      196.41
5261116   0357      143.83
5261139   0357      245.06
5261250   0357      196.41
5261418   0357      202.56
5261643   0357      245.16
5263470   0357      220.01
5344986   0357      143.83
5435450   0357      220.62
5436619   0357      164.78
5436795   0357      151.40
5438690   0357      215.64
5439480   0357      154.30
5439865   0357      440.50
5458236   0357      143.83
5461455   0357      197.11
5605414   0357      501.73
5658043   0357      245.36
5688352   0357      154.30
5765952   0357      154.30
5779173   0357      154.30
5915261   0357      197.11
5921128   0357      296.38
5921800   0357      143.83
5923624   0357      164.78
5925143   0357      164.78
5925949   0357      135.68
5929492   0357      154.30
5935536   0357      773.29
5938630   0357      256.59
5938995   0357      154.30
6044716   0357      231.46
6125595   0357      519.14
6127630   0357      227.73
6238388   0357      188.58
6394853   0357      175.43
6537141   0357      196.41
6573443   0357      255.17
6573855   0357      176.20
6573893   0357      143.83
6575243   0357      143.83
6575301   0357      154.30
6584406   0357      491.03
6602322   0357      143.83
6634354   0357      154.30
6689708   0357      154.30
6690236   0357      154.30
6701343   0357      154.30
6701344   0357      259.44
6701453   0357      154.30
673822    0357      196.41
6841910   0357      143.83
7211860   0357      164.78
7240399   0357      154.30
7300376   0357      215.64
7301470   0357      196.41
7305494   0357      197.11
7305781   0357      196.41
7308623   0357      230.71
7309317   0357      143.83
7309375   0357      143.83
7310425   0357      176.20
7310959   0357      197.11
7311233   0357      210.39
7311255   0357      254.69
7312149   0357      247.76
7313189   0357      196.41
7314050   0357      232.35
7314987   0357      176.20
7315048   0357      164.78
7315058   0357      595.80
7315331   0357      154.30
7316059   0357      176.20
7316139   0357      164.78
7316607   0357      268.81
7316959   0357      393.51
7317744   0357      392.82
7318041   0357      214.62
7319649   0357      329.57
7321787   0357      143.83
7322304   0357      143.83
7322780   0357      143.83
7322794   0357      277.23
7324725   0357      196.77
7325664   0357      195.29
7325721   0357      197.11
7325722   0357      286.42
7325778   0357      135.68
7328421   0357      143.83
7330948   0357      154.30
7331943   0357      360.67
7332202   0357      245.13
7332734   0357      295.66
7333145   0357      305.98
7333526   0357      490.28
7335642   0357      154.30
7337422   0357      192.93
7337778   0357      143.83
7338055   0357      176.20
7340200   0357      196.41
7340742   0357      208.90
7340989   0357      230.71
7342107   0357      143.83
7342680   0357      197.11
7343605   0357      143.83
7344290   0357      143.83
7344465   0357      287.67
7347856   0357      197.11
7348137   0357      143.83
7348986   0357      250.25
7349428   0357      471.46
7349843   0357      143.83
7350162   0357      201.76
7350273   0357      143.83
7351297   0357      169.81
7352317   0357      143.83
7353377   0357      154.30
7354064   0357      143.83
7354848   0357      135.68
7355928   0357      196.41
7359478   0357      164.78
7360346   0357      143.83
7360517   0357      154.30
7363171   0357      188.05
7363652   0357      154.30
7365166   0357      246.74
7365545   0357      143.83
7367276   0357      143.83
7368710   0357      287.67
7369018   0357      154.30
7371154   0357      154.30
7372156   0357      143.83
7372973   0357      219.21
7373089   0357      143.83
7373215   0357      176.20
7374243   0357      219.63
7374616   0357      197.11
7377030   0357      143.83
7377579   0357      154.30
7379256   0357      287.67
7380616   0357      143.83
7381553   0357      154.30
7382148   0357      217.35
7382532   0357      143.83
7384964   0357      154.30
7387544   0357      308.61
7388038   0357      143.83
7388080   0357      154.30
7388125   0357      164.78
7388199   0357      329.46
7389581   0357      154.30
7391472   0357      143.83
7392153   0357      411.96
7393061   0357      143.83
7393144   0357      287.67
7395742   0357      135.66
7396051   0357      231.46
7398038   0357      174.83
7400031   0357      154.30
7401094   0357      154.30
7401380   0357      234.05
7401853   0357      143.83
7403123   0357      143.83
7403188   0357      143.83
7403563   0357      143.83
7406353   0357      154.30
7408531   0357      154.30
7409730   0357      143.83
7410177   0357      188.58
7412535   0357      164.78
7412738   0357      143.83
7415285   0357      188.58
7415448   0357      154.30
7416870   0357      143.83
7417289   0357      287.67
7417791   0357      308.61
7418898   0357      143.83
7418939   0357      154.30
7419340   0357      143.83
7419740   0357      241.75
7419800   0357      154.30
7419866   0357      359.58
7420316   0357      154.30
7420429   0357      164.78
7423108   0357      164.78
7423415   0357      154.30
7423444   0357      274.46
7425063   0357      143.83
7425430   0357      154.30
7425900   0357      143.83
7426046   0357      154.30
7427359   0357      143.83
7427520   0357      154.30
7429274   0357      154.30
7432253   0357      164.78
7434591   0357      385.76
7435158   0357      550.54
7436077   0357      287.67
7436996   0357      154.30
7437806   0357      143.83
7437808   0357      143.83
7438450   0357      154.30
7439597   0357      352.40
7439617   0357      154.30
7439629   0357      154.30
7440809   0357      147.59
7442445   0357      154.30
7444497   0357      215.75
7444651   0357      164.78
7444842   0357      154.30
7444889   0357      352.40
7445661   0357      143.83
7446382   0357      164.78
7446644   0357      154.30
7447067   0357      385.76
7447334   0357      176.20
7447992   0357      143.83
7449457   0357      143.83
7455429   0357      258.90
7455588   0357      234.05
7461704   0357      154.30
7465820   0357      385.76
7465910   0357      154.30
7466779   0357      292.40
7466870   0357      275.81
7502836   0357      226.21
7548386   0357      185.56
7548420   0357      234.59
770342    0357      197.11
7917981   0357      154.30
7981510   0357      293.28
7982728   0357      143.83
7982865   0357      164.78
7983170   0357      143.83
7984159   0357      154.30
7985605   0357      156.13
7988969   0357      308.31
8054279   0357      213.26
8064487   0357      368.56
8069571   0357      231.48
8140450   0357      149.21
8594315   0357      154.30
8718789   0357      308.61
8734286   0357      164.78
9066082   0357      196.41
9100619   0357      308.31
9211039   0357      143.83
9261804   0357      164.78
9317884   0357      329.57
9433060   0357      154.30
9540404   0357      164.78
9540845   0357      264.30
9542018   0357      411.96
9542237   0357      143.83
9543174   0357      246.74
9543530   0357      250.16
9544179   0357      154.30
9544345   0357      143.83
9544429   0357      267.86
9544827   0357      164.78
9545198   0357      196.41
9545952   0357      250.59
9546474   0357      154.30
9547148   0357      267.28
9551389   0357      154.30
9552709   0357      213.50
9553039   0357      384.16
9553047   0357      143.83
9553149   0357      143.83
9555077   0357      213.89
9555609   0357      143.83
9555641   0357      154.30
9557148   0357      352.40
9557803   0357      143.83
9557875   0357      143.83
9557894   0357      248.12
9558628   0357      143.83
9560453   0357      143.83
9570736   0357      259.22
9572755   0357      154.30
9577605   0357      275.56
9601343   0357      385.76
9603154   0357      257.75
9603683   0357      154.30
9603870   0357      135.68
9604166   0357      143.83
9604592   0357      282.86
9607091   0357      196.41
9608547   0357      154.30
9609337   0357      143.83
9609338   0357      308.61
9612117   0357      308.67
9612530   0357      723.19
9612692   0357      154.30
9614364   0357      287.67
9615563   0357      154.30
9615964   0357      154.30
9617493   0357      287.67
9620242   0357      329.57
9620248   0357      352.40
9620376   0357      154.30
9620599   0357      164.78
9620701   0357      143.83
9620720   0357      143.83
9621777   0357      154.30
9622347   0357      154.30
9624370   0357      188.58
9624596   0357      143.83
9625361   0357      154.30
9625933   0357      308.61
9626082   0357      154.30
9626215   0357      143.83
9627150   0357      411.96
9627523   0357      308.61
9627724   0357      143.83
9629963   0357      164.78
9631462   0357      164.78
9634554   0357      281.92
9634674   0357      154.30
9636806   0357      143.83
9638320   0357      154.30
9639201   0357      143.83
9845319   0357      143.83
9846320   0357      164.78
9847068   0357      143.83
9847350   0357      298.64
9848693   0357      234.88
9850403   0357      154.30
9851111   0357      154.30
9851993   0357      277.21
10107724  3357      188.58
10120357  3357      154.30
10121866  3357      164.78
10125466  3357      143.83
10126656  3357      154.30
10141786  3357      164.78
10312414  3357      143.83
10373550  3357      154.30
10639752  3357      143.83
10726693  3357      154.30
10760806  3357      143.83
10764554  3357      164.78
10770124  3357      154.30
10772668  3357      143.83
10774121  3357      164.78
10775520  3357      143.83
10776516  3357      188.58
10776915  3357      143.83
10777645  3357      154.30
10778464  3357      143.83
10779723  3357      262.24
10784623  3357      154.30
10820078  3357      164.78
10840266  3357      154.30
10841061  3357      143.83
10841823  3357      188.58
10842205  3357      154.30
10843324  3357      154.30
10844575  3357      188.58
10844947  3357      154.30
10845717  3357      143.83
10845943  3357      188.58
10846474  3357      154.30
10846532  3357      164.78
10846629  3357      154.30
10846940  3357      154.30
10846985  3357      154.30
10847648  3357      143.83
10848158  3357      303.13
10849906  3357      154.30
10849907  3357      164.78
10860593  3357      154.30
10903693  3357      143.83
10959957  3357      154.30
10960021  3357      154.30
10963442  3357      164.78
10963957  3357      164.78
10964062  3357      154.30
1108218   3357      196.41
1112379   3357      197.11
1115136   3357      258.98
11163187  3357      143.83
11177533  3357      143.83
11260715  3357      154.30
11261772  3357      188.58
11262378  3357      154.30
11263756  3357      143.83
11264465  3357      154.30
11264550  3357      143.83
11265496  3357      154.30
11265527  3357      164.78
11266390  3357      154.30
11267811  3357      143.83
11267932  3357      143.83
11268437  3357      188.58
11269196  3357      176.20
1129535   3357      196.77
11414487  3357      164.78
11425214  3357      154.30
11425449  3357      154.30
11426462  3357      143.83
11428034  3357      143.83
11428889  3357      154.30
11429539  3357      154.30
11429792  3357      143.83
11429991  3357      154.30
11430700  3357      154.30
11433167  3357      154.30
11433865  3357      154.30
11433968  3357      154.30
11434350  3357      154.30
11546168  3357      143.83
11580362  3357      164.78
11584952  3357      154.30
11586448  3357      164.78
11589730  3357      154.30
11594236  3357      188.58
11594524  3357      143.83
11596252  3357      154.30
11597667  3357      154.30
11598121  3357      143.83
11598207  3357      143.83
11598956  3357      143.83
11633896  3357      143.83
11645810  3357      154.30
11651035  3357      154.30
11651090  3357      154.30
11652405  3357      154.30
11653864  3357      154.30
11694358  3357      143.83
11694758  3357      154.30
11695394  3357      143.83
11749469  3357      154.30
11783201  3357      164.78
11783366  3357      188.58
11784637  3357      143.83
11786325  3357      188.58
11786432  3357      143.83
11787653  3357      154.30
11787807  3357      154.30
11788587  3357      164.78
11788630  3357      164.78
11790273  3357      154.30
11790818  3357      154.30
11791177  3357      154.30
11792127  3357      154.30
11792506  3357      143.83
11792846  3357      154.30
11878930  3357      154.30
11879419  3357      164.78
11879750  3357      188.58
11881224  3357      188.58
11881668  3357      143.83
11881669  3357      257.75
11882080  3357      143.83
11882720  3357      188.58
11883300  3357      154.30
11949766  3357      188.58
12011761  3357      188.58
12018571  3357      143.83
12018729  3357      143.83
12018852  3357      154.30
12019816  3357      143.83
12020535  3357      176.20
12021559  3357      164.78
12021966  3357      154.30
12022428  3357      164.78
12023306  3357      176.20
12023981  3357      154.30
12024178  3357      154.30
12024179  3357      154.30
12025294  3357      154.30
12025488  3357      143.83
12025491  3357      143.83
12026565  3357      154.30
12027093  3357      154.30
12027260  3357      272.58
12027527  3357      143.83
12027928  3357      143.83
12027973  3357      164.78
12080554  3357      154.30
12241212  3357      143.83
12242270  3357      154.30
12243077  3357      143.83
12244707  3357      143.83
12247738  3357      154.30
12248400  3357      143.83
12248745  3357      154.30
12248755  3357      164.78
12248784  3357      143.83
12248960  3357      154.30
12249178  3357      188.58
12279667  3357      154.30
12314254  3357      176.20
1232375   3357      196.77
12369466  3357      154.30
12370670  3357      176.20
1239070   3357      196.41
12434895  3357      143.83
12435304  3357      154.30
12435757  3357      143.83
12435759  3357      154.30
12527456  3357      143.83
12534356  3357      154.30
12536172  3357      154.30
12536549  3357      176.20
1257983   3357      196.77
1258658   3357      197.11
1261562   3357      196.41
1262953   3357      235.00
1263302   3357      196.41
1263303   3357      197.11
12638103  3357      143.83
1265436   3357      197.11
1266723   3357      135.68
12691465  3357      154.30
1269356   3357      196.77
12698409  3357      143.83
12698965  3357      143.83
12700553  3357      143.83
12701276  3357      154.30
12701301  3357      143.83
12702273  3357      143.83
12704473  3357      143.83
12704482  3357      164.78
12704649  3357      154.30
12704927  3357      154.30
12705860  3357      154.30
12706171  3357      154.30
12706774  3357      164.78
12707136  3357      154.30
1272390   3357      196.41
1273369   3357      197.11
1277938   3357      196.41
1278407   3357      197.11
12848719  3357      154.30
12849330  3357      176.20
12851330  3357      154.30
12852888  3357      154.30
12858616  3357      154.30
12878256  3357      154.30
12884972  3357      154.30
12934142  3357      143.83
12934525  3357      143.83
12935305  3357      154.30
12935606  3357      154.30
13032012  3357      143.83
13032033  3357      154.30
13034237  3357      154.30
13035222  3357      188.58
13084488  3357      143.83
13084886  3357      143.83
13179920  3357      143.83
13180551  3357      154.30
1318484   3357      196.41
13187744  3357      154.30
13187816  3357      154.30
13188137  3357      143.83
13188604  3357      143.83
13264411  3357      154.30
13265462  3357      143.83
13265946  3357      154.30
13266369  3357      154.30
13268000  3357      143.83
13268185  3357      143.83
13268457  3357      143.83
13268537  3357      154.30
13343258  3357      143.83
13408041  3357      143.83
13510172  3357      143.83
13510180  3357      143.83
13519440  3357      143.83
13527636  3357      164.78
13566631  3357      188.58
13643981  3357      143.83
13643982  3357      143.83
13644051  3357      154.30
13644555  3357      143.83
13644665  3357      154.30
13644680  3357      164.78
13652653  3357      143.83
13674854  3357      164.78
13678214  3357      154.30
13678857  3357      143.83
13679940  3357      154.30
13724134  3357      154.30
13774187  3357      143.83
13774684  3357      154.30
13775452  3357      143.83
13775808  3357      143.83
13777181  3357      143.83
13785046  3357      143.83
13785661  3357      154.30
13785997  3357      143.83
13786181  3357      164.78
13787208  3357      154.30
13787741  3357      143.83
13842354  3357      154.30
13843775  3357      154.30
13856268  3357      154.30
13867427  3357      154.30
13868652  3357      154.30
13880177  3357      154.30
13880981  3357      154.30
13905892  3357      143.83
13986119  3357      154.30
13990906  3357      164.78
14003086  3357      143.83
14030527  3357      143.83
14031045  3357      154.30
14031497  3357      154.30
14093727  3357      154.30
14094806  3357      164.78
14143188  3357      143.83
14159223  3357      143.83
14176671  3357      154.30
14228153  3357      154.30
14270811  3357      143.83
14293118  3357      154.30
1431183   3357      197.11
14335445  3357      143.83
14335539  3357      154.30
14372299  3357      164.78
14372545  3357      143.83
14372818  3357      203.39
14376347  3357      154.30
14398946  3357      154.30
14399267  3357      143.83
14405196  3357      154.30
14405401  3357      154.30
14513487  3357      143.83
14590375  3357      143.83
14607589  3357      143.83
14648947  3357      154.30
14649126  3357      143.83
14825867  3357      154.30
14877620  3357      154.30
14877805  3357      164.78
14877859  3357      176.20
14879597  3357      154.30
14879704  3357      143.83
14880827  3357      164.78
14880972  3357      154.30
15170350  3357      143.83
15177340  3357      164.78
15177867  3357      143.83
15229138  3357      154.30
15272372  3357      143.83
15306151  3357      143.83
15306996  3357      143.83
15351139  3357      154.30
15352095  3357      154.30
15444190  3357      154.30
15444811  3357      164.78
15448608  3357      154.30
15597541  3357      143.83
15598043  3357      143.83
15598319  3357      154.30
15598510  3357      154.30
15598933  3357      143.83
15599928  3357      143.83
15599929  3357      154.30
15668151  3357      154.30
15668851  3357      143.83
15690244  3357      143.83
15729233  3357      154.30
15729536  3357      143.83
15778630  3357      154.30
15885754  3357      143.83
15959808  3357      143.83
15961650  3357      143.83
16001576  3357      143.83
16137706  3357      143.83
16138119  3357      154.30
1631390   3357      231.06
16324090  3357      154.30
16385667  3357      143.83
16387437  3357      154.30
16594051  3357      143.83
16641426  3357      143.83
16736267  3357      154.30
16770549  3357      154.30
16788972  3357      154.30
16796439  3357      143.83
16796669  3357      143.83
17011869  3357      154.30
17012587  3357      154.30
17019549  3357      154.30
17033230  3357      143.83
17033256  3357      143.83
17104175  3357      154.30
17104709  3357      154.30
17306742  3357      143.83
1737075   3357      196.41
17379215  3357      143.83
17380736  3357      143.83
17572385  3357      154.30
17574055  3357      143.83
17626132  3357      143.83
1763812   3357      235.00
1764349   3357      196.41
1765295   3357      196.41
1769938   3357      196.41
17727473  3357      143.83
17859806  3357      143.83
17859921  3357      143.83
17872590  3357      154.30
17942640  3357      154.30
17965237  3357      154.30
18054647  3357      154.30
18058393  3357      143.83
18059918  3357      154.30
18263579  3357      154.30
18263756  3357      154.30
18421508  3357      143.83
18422439  3357      154.30
18618969  3357      143.83
18655916  3357      154.30
18656459  3357      154.30
18785684  3357      143.83
18923581  3357      143.83
18928116  3357      143.83
18950730  3357      143.83
1906129   3357      197.11
19166206  3357      143.83
19262723  3357      154.30
1926999   3357      196.77
19324610  3357      154.30
19348247  3357      154.30
19424156  3357      154.30
19431369  3357      154.30
19436769  3357      154.30
19827450  3357      154.30
19850185  3357      143.83
19886649  3357      154.30
19973112  3357      154.30
20046577  3357      143.83
20046584  3357      143.83
20187870  3357      143.83
20189202  3357      176.20
20235584  3357      143.83
2030572   3357      196.41
2033664   3357      209.19
20348834  3357      143.83
20351464  3357      154.30
2101693   3357      231.22
21140944  3357      143.83
2130876   3357      196.41
21505687  3357      143.83
2157417   3357      209.19
2186056   3357      196.41
2189077   3357      196.41
2196831   3357      196.41
2198274   3357      197.50
2198799   3357      196.41
22326349  3357      143.83
2272067   3357      196.41
23156662  3357      197.11
2376223   3357      213.17
2380275   3357      196.77
2384661   3357      197.11
2529886   3357      197.11
2532585   3357      196.41
2533320   3357      196.41
2534786   3357      144.16
2535843   3357      196.77
2536373   3357      196.77
2536795   3357      197.11
2539607   3357      196.77
2539943   3357      196.41
2541142   3357      197.11
2541439   3357      268.81
2541709   3357      197.11
2543654   3357      197.11
2543813   3357      197.11
2543932   3357      196.41
2592064   3357      196.77
2592966   3357      214.09
2593377   3357      197.11
2593686   3357      196.41
2596405   3357      232.89
2597854   3357      197.11
2598033   3357      197.11
2598733   3357      196.77
2598872   3357      196.41
2601437   3357      197.11
2603046   3357      197.11
2605164   3357      197.11
2605823   3357      135.66
2607322   3357      212.28
2608233   3357      207.08
2608304   3357      196.41
2608554   3357      197.11
2684589   3357      197.11
2741170   3357      208.73
2854705   3357      196.41
2870837   3357      196.41
2910376   3357      196.41
2910432   3357      196.41
2911765   3357      196.41
2912407   3357      196.41
2912692   3357      209.19
2913757   3357      196.41
2913809   3357      196.41
2915293   3357      196.41
2915714   3357      197.11
2915780   3357      196.41
2916362   3357      197.11
2916467   3357      196.41
2916786   3357      196.41
2918280   3357      197.11
2992913   3357      196.41
3035349   3357      197.11
3080057   3357      209.19
3080311   3357      197.11
3080984   3357      287.24
3081351   3357      197.11
3082505   3357      236.47
3083006   3357      197.11
3083065   3357      196.41
3083457   3357      196.41
3083843   3357      196.41
3084868   3357      197.11
3084978   3357      196.41
3085009   3357      196.41
3085276   3357      196.80
3090485   3357      209.79
3156003   3357      224.05
3234299   3357      196.80
3245420   3357      197.11
3314884   3357      146.99
3315121   3357      196.41
3315781   3357      196.41
3317339   3357      209.23
3318589   3357      227.57
3318694   3357      237.38
3318719   3357      197.11
3320986   3357      197.11
3322128   3357      208.90
3322284   3357      196.41
3322381   3357      196.77
3324084   3357      273.96
3324110   3357      295.46
3329806   3357      197.11
3353242   3357      224.05
3528540   3357      214.16
3533360   3357      251.62
3535445   3357      196.41
3535838   3357      196.41
3538837   3357      213.85
3539352   3357      197.11
3541739   3357      197.11
3541975   3357      135.68
3542004   3357      164.78
3542015   3357      156.58
3554092   3357      196.77
3593839   3357      196.41
3598528   3357      197.11
3710064   3357      253.89
3759377   3357      196.41
3784066   3357      196.41
3784441   3357      218.83
3785251   3357      197.11
3792247   3357      197.11
3830110   3357      196.41
3855157   3357      135.66
3855577   3357      197.11
3856978   3357      196.41
3857004   3357      196.41
3857220   3357      197.12
3857667   3357      196.41
3857878   3357      196.77
3858323   3357      197.11
3858856   3357      164.78
3859230   3357      206.61
3864991   3357      228.96
3875055   3357      242.57
3877925   3357      302.09
3878006   3357      246.22
3963688   3357      233.48
3964093   3357      269.99
3964337   3357      196.41
3965704   3357      196.41
3969513   3357      197.82
4001934   3357      258.77
4064149   3357      211.65
4065177   3357      196.41
4065584   3357      154.30
4065648   3357      255.11
4066245   3357      196.41
4067118   3357      229.02
4067735   3357      227.12
4067795   3357      197.11
4068788   3357      196.41
4071074   3357      280.34
4071241   3357      232.07
4107436   3357      143.83
4191539   3357      196.41
4193094   3357      196.77
4194671   3357      212.20
4195654   3357      196.41
4199927   3357      135.68
4200911   3357      196.41
4238916   3357      196.41
430240    3357      196.41
4317775   3357      302.31
4373204   3357      310.95
4373479   3357      196.41
4375498   3357      209.19
4375998   3357      201.26
4376813   3357      215.60
4377201   3357      196.77
4378140   3357      196.41
4378236   3357      196.41
4378283   3357      196.41
4378759   3357      286.64
4379154   3357      196.41
4381341   3357      196.41
4381614   3357      224.20
4382400   3357      197.11
4383023   3357      262.02
4383200   3357      196.41
4385047   3357      197.11
4386936   3357      176.20
4387777   3357      210.05
4409485   3357      290.27
4409788   3357      196.41
4409789   3357      213.23
4414417   3357      223.09
4414541   3357      208.51
4414909   3357      197.11
4415675   3357      196.41
443869    3357      197.11
4609506   3357      211.31
4610129   3357      196.41
4720170   3357      143.83
4720923   3357      154.30
4721016   3357      143.83
4721639   3357      196.41
4722680   3357      196.41
4722814   3357      158.13
4723168   3357      196.41
4723403   3357      196.41
4724433   3357      197.11
4725919   3357      164.78
4727740   3357      143.83
4728331   3357      196.41
4729448   3357      140.13
4730168   3357      302.49
4730490   3357      196.41
4730823   3357      296.17
4731322   3357      292.66
4731494   3357      213.56
4732090   3357      227.20
4732618   3357      222.20
4734527   3357      143.83
4734940   3357      143.83
4735505   3357      196.41
4738424   3357      197.11
4739546   3357      260.36
4739796   3357      164.78
4754833   3357      265.48
4803744   3357      332.14
4805842   3357      154.30
4827213   3357      221.99
4853128   3357      183.19
4882144   3357      147.59
5017295   3357      143.83
5022967   3357      196.77
5237805   3357      154.30
5238236   3357      196.41
5239261   3357      228.22
5240821   3357      196.41
5242545   3357      221.26
5244302   3357      224.05
5244483   3357      143.83
5244484   3357      213.56
5244765   3357      196.41
5245261   3357      164.78
5248926   3357      225.66
5248954   3357      207.51
5249259   3357      154.30
5249817   3357      164.78
5250965   3357      197.11
5251153   3357      251.19
5251214   3357      226.19
5252606   3357      164.78
5253930   3357      196.41
5254613   3357      255.44
5254952   3357      196.41
5255567   3357      154.30
5255641   3357      164.78
5257069   3357      206.73
5257175   3357      197.11
5257421   3357      176.20
5257727   3357      154.30
5257774   3357      154.30
5259121   3357      196.41
5259785   3357      196.41
5261116   3357      143.83
5261139   3357      245.06
5261250   3357      196.41
5261418   3357      202.56
5261643   3357      245.16
5263470   3357      220.01
5344986   3357      143.83
5435450   3357      220.62
5436619   3357      164.78
5436795   3357      151.40
5438690   3357      215.64
5439480   3357      154.30
5439865   3357      176.20
5458236   3357      143.83
5461455   3357      197.11
5605414   3357      250.85
5658043   3357      245.36
5688352   3357      154.30
5765952   3357      154.30
5779173   3357      154.30
5915261   3357      197.11
5921128   3357      296.38
5921800   3357      143.83
5923624   3357      164.78
5925143   3357      164.78
5925949   3357      135.68
5929492   3357      154.30
5935536   3357      309.32
5938630   3357      256.59
5938995   3357      154.30
6044716   3357      154.30
6125595   3357      207.66
6127630   3357      227.73
6238388   3357      188.58
6394853   3357      175.43
6537141   3357      196.41
6573443   3357      255.17
6573855   3357      176.20
6573893   3357      143.83
6575243   3357      143.83
6575301   3357      154.30
6584406   3357      196.41
6602322   3357      143.83
6634354   3357      154.30
6689708   3357      154.30
6690236   3357      154.30
6701343   3357      154.30
6701344   3357      259.44
6701453   3357      154.30
673822    3357      196.41
6841910   3357      143.83
7211860   3357      164.78
7240399   3357      154.30
7300376   3357      215.64
7301470   3357      196.41
7305494   3357      197.11
7305781   3357      196.41
7308623   3357      230.71
7309317   3357      143.83
7309375   3357      143.83
7310425   3357      176.20
7310959   3357      197.11
7311233   3357      210.39
7311255   3357      254.69
7312149   3357      247.76
7313189   3357      196.41
7314050   3357      232.35
7314987   3357      176.20
7315048   3357      164.78
7315058   3357      238.32
7315331   3357      154.30
7316059   3357      176.20
7316139   3357      164.78
7316607   3357      268.81
7316959   3357      196.77
7317744   3357      196.41
7318041   3357      214.62
7319649   3357      164.78
7321787   3357      143.83
7322304   3357      143.83
7322780   3357      143.83
7322794   3357      277.23
7324725   3357      196.77
7325664   3357      195.29
7325721   3357      197.11
7325722   3357      286.42
7325778   3357      135.68
7328421   3357      143.83
7330948   3357      154.30
7331943   3357      360.67
7332202   3357      245.13
7332734   3357      197.11
7333145   3357      305.98
7333526   3357      245.13
7335642   3357      154.30
7337422   3357      192.93
7337778   3357      143.83
7338055   3357      176.20
7340200   3357      196.41
7340742   3357      208.90
7340989   3357      230.71
7342107   3357      143.83
7342680   3357      197.11
7343605   3357      143.83
7344290   3357      143.83
7344465   3357      143.83
7347856   3357      197.11
7348137   3357      143.83
7348986   3357      250.25
7349428   3357      188.58
7349843   3357      143.83
7350162   3357      201.76
7350273   3357      143.83
7351297   3357      169.81
7352317   3357      143.83
7353377   3357      154.30
7354064   3357      143.83
7354848   3357      135.68
7355928   3357      196.41
7359478   3357      164.78
7360346   3357      143.83
7360517   3357      154.30
7363171   3357      188.05
7363652   3357      154.30
7365166   3357      246.74
7365545   3357      143.83
7367276   3357      143.83
7368710   3357      143.83
7369018   3357      154.30
7371154   3357      154.30
7372156   3357      143.83
7372973   3357      219.21
7373089   3357      143.83
7373215   3357      176.20
7374243   3357      219.63
7374616   3357      197.11
7377030   3357      143.83
7377579   3357      154.30
7379256   3357      143.83
7380616   3357      143.83
7381553   3357      154.30
7382148   3357      217.35
7382532   3357      143.83
7384964   3357      154.30
7387544   3357      154.30
7388038   3357      143.83
7388080   3357      154.30
7388125   3357      164.78
7388199   3357      219.63
7389581   3357      154.30
7391472   3357      143.83
7392153   3357      164.78
7393061   3357      143.83
7393144   3357      143.83
7395742   3357      135.66
7396051   3357      154.30
7398038   3357      174.83
7400031   3357      154.30
7401094   3357      154.30
7401380   3357      234.05
7401853   3357      143.83
7403123   3357      143.83
7403188   3357      143.83
7403563   3357      143.83
7406353   3357      154.30
7408531   3357      154.30
7409730   3357      143.83
7410177   3357      188.58
7412535   3357      164.78
7412738   3357      143.83
7415285   3357      188.58
7415448   3357      154.30
7416870   3357      143.83
7417289   3357      143.83
7417791   3357      154.30
7418898   3357      143.83
7418939   3357      154.30
7419340   3357      143.83
7419740   3357      241.75
7419800   3357      154.30
7419866   3357      143.83
7420316   3357      154.30
7420429   3357      164.78
7423108   3357      164.78
7423415   3357      154.30
7423444   3357      274.46
7425063   3357      143.83
7425430   3357      154.30
7425900   3357      143.83
7426046   3357      154.30
7427359   3357      143.83
7427520   3357      154.30
7429274   3357      154.30
7432253   3357      164.78
7434591   3357      154.30
7435158   3357      220.21
7436077   3357      143.83
7436996   3357      154.30
7437806   3357      143.83
7437808   3357      143.83
7438450   3357      154.30
7439597   3357      176.20
7439617   3357      154.30
7439629   3357      154.30
7440809   3357      147.59
7442445   3357      154.30
7444497   3357      143.83
7444651   3357      164.78
7444842   3357      154.30
7444889   3357      176.20
7445661   3357      143.83
7446382   3357      164.78
7446644   3357      154.30
7447067   3357      154.30
7447334   3357      176.20
7447992   3357      143.83
7449457   3357      143.83
7455429   3357      258.90
7455588   3357      234.05
7461704   3357      154.30
7465820   3357      154.30
7465910   3357      154.30
7466779   3357      292.40
7466870   3357      275.81
7502836   3357      226.21
7548386   3357      185.56
7548420   3357      234.59
770342    3357      197.11
7917981   3357      154.30
7981510   3357      293.28
7982728   3357      143.83
7982865   3357      164.78
7983170   3357      143.83
7984159   3357      154.30
7985605   3357      156.13
7988969   3357      308.31
8054279   3357      213.26
8064487   3357      184.30
8069571   3357      231.48
8140450   3357      149.21
8594315   3357      154.30
8718789   3357      154.30
8734286   3357      164.78
9066082   3357      196.41
9100619   3357      308.31
9211039   3357      143.83
9261804   3357      164.78
9317884   3357      164.78
9433060   3357      154.30
9540404   3357      164.78
9540845   3357      176.20
9542018   3357      164.78
9542237   3357      143.83
9543174   3357      246.74
9543530   3357      250.16
9544179   3357      154.30
9544345   3357      143.83
9544429   3357      267.86
9544827   3357      164.78
9545198   3357      196.41
9545952   3357      250.59
9546474   3357      154.30
9547148   3357      267.28
9551389   3357      154.30
9552709   3357      213.50
9553039   3357      384.16
9553047   3357      143.83
9553149   3357      143.83
9555077   3357      213.89
9555609   3357      143.83
9555641   3357      154.30
9557148   3357      176.20
9557803   3357      143.83
9557875   3357      143.83
9557894   3357      248.12
9558628   3357      143.83
9560453   3357      143.83
9570736   3357      259.22
9572755   3357      154.30
9577605   3357      275.56
9601343   3357      154.30
9603154   3357      257.75
9603683   3357      154.30
9603870   3357      135.68
9604166   3357      143.83
9604592   3357      188.58
9607091   3357      196.41
9608547   3357      154.30
9609337   3357      143.83
9609338   3357      154.30
9612117   3357      308.67
9612530   3357      289.28
9612692   3357      154.30
9614364   3357      143.83
9615563   3357      154.30
9615964   3357      154.30
9617493   3357      143.83
9620242   3357      164.78
9620248   3357      176.20
9620376   3357      154.30
9620599   3357      164.78
9620701   3357      143.83
9620720   3357      143.83
9621777   3357      154.30
9622347   3357      154.30
9624370   3357      188.58
9624596   3357      143.83
9625361   3357      154.30
9625933   3357      154.30
9626082   3357      154.30
9626215   3357      143.83
9627150   3357      164.78
9627523   3357      154.30
9627724   3357      143.83
9629963   3357      164.78
9631462   3357      164.78
9634554   3357      281.92
9634674   3357      154.30
9636806   3357      143.83
9638320   3357      154.30
9639201   3357      143.83
9845319   3357      143.83
9846320   3357      164.78
9847068   3357      143.83
9847350   3357      298.64
9848693   3357      234.88
9850403   3357      154.30
9851111   3357      154.30
9851993   3357      277.21
