10107724  0357      101.78
10120357  0357      135.39
10121866  0357      234.85
10125466  0357       80.00
10126656  0357       90.26
10141786  0357       93.94
10312414  0357       86.66
10373550  0357      180.52
10639752  0357       80.00
10726693  0357       90.26
10760806  0357       80.00
10764554  0357       93.94
10770124  0357       90.26
10772668  0357       80.00
10774121  0357       93.94
10775520  0357      173.32
10776516  0357      101.78
10776915  0357       80.00
10777482  0357       80.00
10777645  0357      135.39
10778464  0357       80.00
10779723  0357       90.26
10784623  0357       90.26
10820078  0357       93.94
10840266  0357       90.26
10841061  0357       83.26
10841823  0357      101.78
10842205  0357       90.26
10843324  0357      225.65
10844575  0357      203.56
10844947  0357       90.26
10845717  0357       80.00
10845943  0357      101.78
10846474  0357       90.26
10846532  0357       93.94
10846629  0357       90.26
10846940  0357      180.52
10846985  0357       90.26
10847648  0357       80.00
10848158  0357       97.78
10849906  0357       90.26
10849907  0357       93.94
10860593  0357       90.26
10903693  0357       80.00
10959957  0357       90.26
10960021  0357       90.26
10963442  0357       93.94
10963957  0357       93.94
10964062  0357      180.52
1108218   0357       86.72
1112379   0357       90.31
1115136   0357       90.31
11163187  0357       80.00
11177533  0357       80.00
11260715  0357       90.26
11261772  0357      101.78
11262378  0357       90.26
11263756  0357       80.00
11264465  0357       90.26
11264550  0357       86.66
11265496  0357       90.26
11265527  0357       93.94
11266390  0357      180.52
11267811  0357      173.32
11267932  0357      159.99
11268437  0357      101.78
11269196  0357       97.78
1129535   0357       94.00
11414487  0357       93.94
11425214  0357       90.26
11425449  0357       90.26
11426462  0357       86.66
11428034  0357       86.66
11428889  0357      225.65
11429539  0357      180.52
11429792  0357       80.00
11429991  0357      135.39
11430700  0357       90.26
11433167  0357       90.26
11433865  0357      180.52
11434350  0357       90.26
11546168  0357       86.66
11580362  0357       93.94
11584952  0357       90.26
11586448  0357       90.26
11589730  0357      180.52
11594236  0357      101.78
11594524  0357       80.00
11596252  0357       90.26
11597667  0357       90.26
11598121  0357       83.26
11598207  0357       80.00
11598956  0357       83.26
11633896  0357       83.26
11645810  0357       90.26
11651035  0357       90.26
11651090  0357       90.26
11652405  0357       90.26
11653864  0357       90.26
11694358  0357       80.00
11694758  0357       90.26
11695394  0357      159.99
11749469  0357       90.26
11783201  0357       93.94
11783366  0357      101.78
11784637  0357       80.00
11786325  0357      101.78
11786432  0357       83.26
11787653  0357      180.52
11787807  0357       90.26
11788587  0357      187.88
11788630  0357       93.94
11790273  0357       90.26
11790818  0357      135.39
11791177  0357       90.26
11792506  0357       80.00
11792846  0357       90.26
118087    0357       41.51
11878930  0357       90.26
11879419  0357       93.94
11879750  0357       93.94
11881224  0357      101.78
11881668  0357      199.99
11881669  0357       80.00
11882080  0357       86.66
11882720  0357      101.78
11883300  0357      180.52
11949766  0357      101.78
12011761  0357      203.56
12018571  0357      129.99
12018729  0357       80.00
12018852  0357       90.26
12019816  0357       86.66
12020535  0357       97.78
12021559  0357       93.94
12021966  0357       90.26
12022428  0357       93.94
12023306  0357       97.78
12023981  0357      135.39
12024178  0357       90.26
12024179  0357       90.26
12025294  0357      135.39
12025488  0357       80.00
12025491  0357       80.00
12026565  0357       90.26
12027093  0357       90.26
12027260  0357       90.26
12027527  0357       80.00
12027928  0357       80.00
12027973  0357      187.88
12080554  0357       90.26
1218058   0357       97.41
12241212  0357      119.99
12242270  0357       90.26
12243077  0357       80.00
12244707  0357       80.00
12247738  0357      135.39
12248400  0357      199.99
12248755  0357       93.94
12248784  0357      166.52
12248960  0357       90.26
12249178  0357      101.78
12279667  0357       90.26
12314254  0357      244.44
1232375   0357       63.00
12369466  0357       90.26
12370670  0357       97.78
1239070   0357       86.72
12434895  0357       83.26
12435304  0357       90.26
12435757  0357      119.99
12435759  0357      225.65
12527456  0357       86.66
12534356  0357       90.26
12536172  0357       90.26
12536549  0357       97.78
1254062   0357       83.31
1257983   0357       94.00
1258658   0357       90.31
1259324   0357       83.31
1261562   0357       83.31
1262953   0357       90.31
1263302   0357       80.05
1263303   0357       90.31
1263991   0357       65.81
1265436   0357       90.31
1266723   0357       64.05
12691465  0357       90.26
1269356   0357      187.99
12698409  0357       80.00
12698965  0357       80.00
12700553  0357       86.66
12701276  0357       90.26
12701301  0357      199.99
12702273  0357       86.66
12704473  0357       83.26
12704482  0357      187.88
12704649  0357       90.26
12704927  0357       90.26
12705860  0357       90.26
12706171  0357       90.26
12706774  0357      187.88
12707136  0357       90.26
1272390   0357       83.31
1273369   0357       90.31
1277938   0357       83.31
1278407   0357       90.31
12848719  0357       90.26
12849330  0357       97.78
12851330  0357       90.26
12852888  0357       90.26
12858616  0357      135.39
12878256  0357       90.26
12884972  0357       90.26
12934142  0357       86.66
12934525  0357       80.00
12935305  0357       90.26
12935606  0357       90.26
13032012  0357      159.99
13032033  0357       90.26
13034237  0357       90.26
13035222  0357      101.78
13084886  0357       86.66
13180551  0357       90.26
1318484   0357       86.72
13187744  0357      180.52
13187816  0357      135.39
13188137  0357       83.26
13188604  0357      124.89
13264411  0357       90.26
13265462  0357       80.00
13265946  0357      135.39
13266369  0357       90.26
13268000  0357      159.99
13268185  0357      159.99
13268457  0357       86.66
13268537  0357      135.39
13343258  0357       80.00
13346269  0357      199.99
13408041  0357       83.26
13510172  0357       83.26
13510180  0357       80.00
13527636  0357       93.94
13566631  0357      101.78
13643981  0357      159.99
13643982  0357      119.99
13644051  0357       90.26
13644555  0357      199.99
13644665  0357       90.26
13644680  0357      234.85
13652653  0357       80.00
13674854  0357       93.94
13678214  0357       90.26
13678857  0357       80.00
13679940  0357       90.26
13724134  0357      135.39
13774187  0357       80.00
13774684  0357       90.26
13775452  0357       80.00
13775808  0357       80.00
13777181  0357      119.99
13785046  0357       80.00
13785661  0357       90.26
13785997  0357       86.66
13786181  0357       90.26
13787208  0357       90.26
13787741  0357       80.00
13842354  0357       90.26
13843775  0357       90.26
13856268  0357       90.26
13867427  0357      135.39
13868652  0357       90.26
13880177  0357       80.00
13880981  0357       90.26
13905892  0357       80.00
13986119  0357       90.26
13990906  0357      140.91
14003086  0357       86.66
14030527  0357       80.00
14031045  0357       90.26
14031497  0357      225.65
14093727  0357      135.39
14094806  0357       93.94
14143188  0357       86.66
14159223  0357      159.99
14176129  0357       90.26
14176671  0357       90.26
14270811  0357      199.99
14293118  0357      135.39
1431183   0357       90.31
14335445  0357       86.66
14335539  0357       90.26
14372299  0357       93.94
14372818  0357      226.44
14376347  0357       90.26
14398946  0357       90.26
14399267  0357      124.89
14405196  0357       90.26
14405401  0357       90.26
14513487  0357       80.00
14590375  0357       83.26
14607589  0357      124.89
14648947  0357       90.26
14649126  0357       80.00
14810540  0357      135.39
14825867  0357       90.26
14877620  0357       90.26
14877805  0357       93.94
14877859  0357       97.78
14879704  0357      119.99
14880827  0357       93.94
15170350  0357       83.26
15177340  0357       93.94
15177867  0357      159.99
15306151  0357      216.65
15306996  0357       86.66
15352095  0357       90.26
15444811  0357       93.94
15448608  0357       90.26
15597541  0357       80.00
15598043  0357       80.00
15598319  0357       90.26
15598510  0357      180.52
15598933  0357       80.00
15599928  0357      124.89
15668151  0357      180.52
15668851  0357       83.26
15690244  0357       80.00
15729233  0357      135.39
15729536  0357      208.15
15778630  0357      135.39
15827139  0357       93.94
15959808  0357       80.00
16001576  0357       80.00
16137706  0357       86.66
16138119  0357      135.39
1631390   0357       81.50
16324090  0357       90.26
16594051  0357       83.26
16641426  0357       86.66
16736267  0357       90.26
16770549  0357       90.26
16788972  0357      180.52
16796439  0357      159.99
17011869  0357      180.52
17012587  0357      225.65
17019549  0357       90.26
17033230  0357       80.00
17033256  0357       80.00
17104175  0357       90.26
17306742  0357       80.00
1737075   0357       86.72
17379215  0357      124.89
17380736  0357       80.00
17504786  0357       83.26
17572385  0357      180.52
17574055  0357      208.15
17626132  0357      166.52
1763812   0357       90.31
1764349   0357       80.05
1765295   0357       83.58
1769938   0357       86.72
17727473  0357       83.26
17859806  0357       80.00
17965237  0357      135.39
18058393  0357       80.00
18059918  0357       90.26
18263579  0357       90.26
18263756  0357       90.26
1834693   0357       64.05
18471327  0357       90.26
18618969  0357       80.00
18656459  0357      135.39
18785684  0357       80.00
18950730  0357       80.00
1906129   0357       90.31
19166206  0357      199.99
19262723  0357       90.26
1926999   0357       94.00
19324610  0357      180.52
19827450  0357       80.00
19850185  0357      199.99
19886649  0357      225.65
19973112  0357       90.26
20187870  0357      166.52
20189202  0357       97.78
20235584  0357      166.52
2030572   0357       86.72
2033664   0357      101.84
20348834  0357      119.99
20351464  0357      180.52
21140944  0357      119.99
2130876   0357       80.05
2157417   0357      254.59
2186056   0357       86.72
2189077   0357       58.34
2196831   0357       83.31
2198274   0357       94.00
2198799   0357       86.72
2199826   0357       83.31
22326349  0357       83.26
2272067   0357       80.05
23156662  0357       98.84
2376223   0357      101.84
2380275   0357       94.00
2384661   0357       90.31
2529886   0357       90.31
2532585   0357       80.05
2533320   0357       93.08
2533977   0357       84.75
2534786   0357       72.26
2535843   0357       94.00
2536373   0357       94.00
2536795   0357       95.98
2538821   0357       86.72
2539607   0357       94.00
2539943   0357       80.05
2541142   0357       90.31
2541439   0357      101.84
2541709   0357       91.11
2543654   0357       90.31
2543932   0357       83.31
2592064   0357       93.99
2592966   0357      107.60
2593377   0357       96.84
2593686   0357       86.72
2596405   0357       83.85
2597854   0357       83.85
2598033   0357       76.76
2598872   0357       84.67
2601437   0357       90.31
2603046   0357       79.46
2605117   0357      101.29
2605164   0357       79.48
2605539   0357       57.53
2605823   0357       64.02
2607322   0357      129.51
2608233   0357      118.11
2608304   0357       89.18
2608554   0357       83.85
2684589   0357       90.31
2741170   0357       91.92
2854705   0357       86.72
2870837   0357       77.00
2910376   0357       80.05
2910432   0357       86.72
2911765   0357       86.72
2912407   0357       80.05
2912692   0357      101.84
2913757   0357       86.67
2913809   0357       80.05
2914272   0357       91.54
2915293   0357       80.05
2915714   0357       90.31
2915780   0357       78.91
2916102   0357       72.26
2916362   0357       82.19
2916467   0357       83.31
2916786   0357       86.72
2918280   0357      225.79
2992913   0357       80.05
3035349   0357       90.31
3039370   0357       93.49
3080057   0357      152.75
3080311   0357       90.31
3080984   0357       90.26
3081351   0357       90.31
3082505   0357       90.20
3083006   0357       90.31
3083065   0357       80.05
3083457   0357       70.81
3083843   0357       83.31
3084868   0357       89.55
3084978   0357       88.82
3085009   0357       97.58
3085276   0357       97.83
3090485   0357      117.33
3156003   0357       80.05
3234299   0357       97.83
3245420   0357       90.31
3314884   0357       72.23
3315121   0357       80.05
3315781   0357       80.05
3317339   0357      112.66
3317520   0357       98.84
3318589   0357      145.42
3318694   0357      127.10
3318719   0357       89.55
3319659   0357       83.31
3320986   0357       90.31
3322128   0357       83.85
3322284   0357       86.72
3322381   0357       88.30
3324084   0357      140.35
3324110   0357      118.21
3324403   0357      101.84
3329806   0357       79.46
3353242   0357       86.72
3457632   0357       66.63
3528540   0357      130.87
3533360   0357      137.37
3535445   0357       88.51
3535676   0357       83.28
3535838   0357       80.34
3538837   0357      125.45
3539352   0357       84.14
3541739   0357      101.51
3541975   0357       64.03
3542004   0357       93.94
3542015   0357       72.81
3554092   0357       94.00
3593839   0357       96.77
3598528   0357       87.58
3710064   0357      116.56
3759377   0357       76.31
3784066   0357      111.21
3784441   0357      123.53
3785251   0357      101.94
3792247   0357       97.41
3830110   0357       73.30
3855157   0357       64.02
3855577   0357       90.31
3856978   0357       73.71
3857004   0357       97.58
3857220   0357      102.39
3857667   0357       73.71
3857878   0357       82.62
3858323   0357      204.74
3858856   0357       93.94
3859230   0357      188.18
3864991   0357      116.09
3875055   0357       90.26
3877925   0357      187.88
3878006   0357       86.66
3963688   0357      128.87
3964093   0357      130.69
3964337   0357       68.03
3965704   0357       89.18
3969513   0357      112.80
4001934   0357      133.40
4064149   0357      107.55
4065177   0357       83.31
4065584   0357       90.26
4065648   0357      130.86
4066245   0357       83.20
4067118   0357      103.24
4067735   0357      119.16
4067795   0357       85.02
4068788   0357      108.23
4071074   0357      136.89
4071241   0357       71.90
4107436   0357       86.66
4191539   0357      101.05
4193094   0357      267.25
4194671   0357      121.58
4195654   0357       80.34
4199927   0357       66.64
4200911   0357       86.72
4238916   0357       68.88
430240    0357       80.05
4317775   0357      123.53
4373204   0357      126.35
4373479   0357      108.23
4375498   0357       86.53
4375998   0357       81.46
4376813   0357      109.48
4377201   0357       79.85
437803    0357       90.31
4378140   0357      105.20
4378236   0357       80.34
4378283   0357      101.94
4378759   0357       93.94
4379154   0357       68.83
4381341   0357       93.46
4381614   0357       80.00
4382400   0357      152.26
4383023   0357       93.94
4383200   0357       74.07
4385047   0357       76.56
4386936   0357       97.78
4387777   0357      216.65
439023    0357       81.50
4409485   0357       93.94
4409788   0357       85.37
4409789   0357      159.99
4414417   0357      128.47
4414541   0357       90.57
4414909   0357       79.48
4415675   0357       88.82
443869    0357       90.31
4609506   0357      123.53
4610129   0357       84.67
4720170   0357      119.99
4720923   0357       90.26
4721016   0357       80.00
4721639   0357       80.05
4722680   0357       70.81
4722814   0357       67.55
4723168   0357       76.31
4723276   0357      116.56
4723403   0357       81.58
4724433   0357       76.76
4725919   0357      187.88
4727740   0357       86.66
4728331   0357       80.34
4729448   0357       67.25
4729575   0357       93.14
4730168   0357       93.94
4730490   0357       93.08
4730823   0357      144.52
4731322   0357      124.94
4731494   0357      105.51
4732090   0357      105.20
4732618   0357       83.26
4734527   0357       83.26
4734940   0357       80.00
4735505   0357       80.05
4738424   0357       90.31
4739546   0357      109.51
4739796   0357       93.94
4754833   0357      110.43
4803744   0357       93.94
4805842   0357       90.26
4827213   0357      115.39
4853128   0357       86.84
4882144   0357       69.40
5017295   0357       86.66
5022967   0357       79.61
5237805   0357       90.26
5238236   0357       76.31
5239261   0357      115.56
5240821   0357       97.58
5242545   0357       95.24
5244302   0357       83.31
5244483   0357       86.66
5244484   0357      105.51
5244765   0357      114.47
5245261   0357       93.94
5248926   0357      123.22
5248954   0357       96.77
5249259   0357       90.26
5249817   0357       93.94
5250965   0357       89.26
5251153   0357      101.94
5251214   0357      105.97
5252606   0357      187.88
5253930   0357       69.35
5254613   0357      113.23
5254952   0357       89.88
5255567   0357       90.26
5255641   0357       93.94
5257069   0357      122.34
5257175   0357       83.85
5257421   0357       97.78
5257727   0357      225.65
5257774   0357       90.26
5259121   0357       73.71
5259785   0357       92.70
5261116   0357       83.26
5261139   0357      126.81
5261250   0357       94.94
5261418   0357      123.07
5261643   0357       80.00
5263470   0357       91.25
5344986   0357       80.00
5435450   0357       83.26
5436619   0357       93.94
5436795   0357       71.75
5438690   0357      105.19
5439480   0357       90.26
5439865   0357      244.44
5458236   0357       83.26
5461455   0357       83.87
5605414   0357      242.80
5658043   0357       90.26
5688352   0357       90.26
5765952   0357       90.26
5779173   0357       90.26
5915261   0357       90.31
5921128   0357       90.26
5921800   0357       80.00
5923624   0357       93.94
5925143   0357       93.94
5925949   0357       64.05
5929492   0357       90.26
5935536   0357      234.85
5938630   0357       90.26
5938995   0357       90.26
6044716   0357      135.39
6125595   0357      199.99
6127630   0357      130.87
6238388   0357      101.78
6394853   0357       86.23
64800     0357       97.83
6537141   0357       76.31
6573443   0357      144.07
6573855   0357       97.78
6573893   0357       83.26
6575243   0357       86.66
6575301   0357       90.26
6584406   0357      243.07
6602322   0357       80.00
6634354   0357       90.26
6689708   0357       90.26
6690236   0357       90.26
6701343   0357       90.26
6701344   0357       90.26
6701453   0357       90.26
673822    0357       83.31
6841910   0357       80.00
7076647   0357       90.26
7211860   0357       93.94
7240399   0357       90.26
7300376   0357      105.19
7301470   0357       73.71
7305494   0357       83.66
7305781   0357       89.18
7308623   0357      133.58
7309317   0357       80.00
7309375   0357       86.66
7310425   0357       97.78
7310959   0357      101.94
7311233   0357      128.16
7311255   0357      108.79
7312149   0357      128.17
7313189   0357       89.18
7314050   0357       80.00
7314987   0357       97.78
7315048   0357       93.94
7315058   0357      225.65
7315331   0357       90.26
7316059   0357       97.78
7316139   0357       93.94
7316607   0357      101.84
7316959   0357      211.02
7317744   0357      160.10
7318041   0357      101.51
7319649   0357      187.88
7321787   0357       86.66
7322304   0357       86.66
7322780   0357       83.26
7322794   0357      107.02
7324725   0357       88.30
7325664   0357       66.64
7325721   0357       82.68
7325722   0357      129.51
7325778   0357       64.67
7328421   0357       80.00
7330948   0357       90.26
7331943   0357       86.66
7332202   0357       80.00
7332734   0357      125.78
7333145   0357       93.94
7333526   0357      159.99
7335642   0357       90.26
7337422   0357      100.05
7337778   0357       80.00
7338055   0357       97.78
7340200   0357       86.72
7340742   0357       83.85
7340989   0357      105.19
7342107   0357       86.66
7342680   0357       90.31
7343605   0357       80.00
7344290   0357       86.66
7344465   0357      173.32
7347856   0357      102.37
7348137   0357       80.00
7348986   0357       90.26
7349428   0357      254.45
7349843   0357       80.00
7350162   0357      123.28
7350273   0357       86.66
7351297   0357       91.16
7352317   0357       86.66
7353364   0357      159.99
7353377   0357       90.26
7354064   0357       80.00
7354848   0357       64.67
7355928   0357       93.08
7359478   0357       93.94
7360346   0357       83.26
7360517   0357       90.26
7363171   0357       91.43
7363652   0357       90.26
7365166   0357       90.26
7365545   0357       86.66
7367276   0357       80.00
7368710   0357      159.99
7369018   0357       90.26
7371154   0357       90.26
7372156   0357       80.00
7372973   0357       55.77
7373089   0357       83.26
7373215   0357       97.78
7374243   0357       83.26
7374616   0357      101.94
7377030   0357       83.26
7377579   0357       90.26
7379256   0357      173.32
7380616   0357       80.00
7381553   0357       90.26
7382148   0357      133.40
7382532   0357       80.00
7384964   0357       90.26
7387544   0357      180.52
7388038   0357       80.00
7388080   0357       90.26
7388125   0357       93.94
7388199   0357      124.89
7389581   0357       90.26
7391472   0357       86.66
7392153   0357      234.85
7393061   0357       86.66
7393144   0357      159.99
7395742   0357       64.04
7396051   0357      135.39
7398038   0357       77.03
7400031   0357       90.26
7401094   0357       90.26
7401380   0357       90.26
7401853   0357       80.00
7403123   0357       80.00
7403188   0357       86.66
7403563   0357       86.66
7406353   0357       90.26
7408531   0357       90.26
7409730   0357       86.66
7410177   0357      101.78
7412535   0357       93.94
7412738   0357       83.26
7415285   0357      101.78
7415448   0357       90.26
7416870   0357       80.00
7417289   0357      159.99
7417791   0357      180.52
7418898   0357       80.00
7418939   0357       80.00
7419340   0357       86.66
7419740   0357       80.00
7419800   0357       90.26
7419866   0357      216.65
7420316   0357       90.26
7420429   0357       93.94
7423108   0357       93.94
7423415   0357       90.26
7423444   0357       90.26
7425063   0357       80.00
7425430   0357       90.26
7425900   0357       86.66
7426046   0357       90.26
7427359   0357       80.00
7427520   0357       90.26
7429274   0357       90.26
7432253   0357       93.94
7434591   0357      225.65
7435158   0357      199.99
7436077   0357      173.32
7436996   0357       90.26
7437806   0357       80.00
7437808   0357       80.00
7438450   0357       90.26
7439597   0357      195.55
7439617   0357       90.26
7439629   0357       90.26
7440809   0357       64.02
7442445   0357       90.26
7444497   0357      119.99
7444651   0357       93.94
7444842   0357       90.26
7444889   0357      195.55
7445661   0357       83.26
7446382   0357       93.94
7446644   0357       90.26
7447067   0357      225.65
7447334   0357       97.78
7447992   0357       80.00
7449457   0357       83.26
7455429   0357      125.46
7455588   0357       90.26
7461704   0357       90.26
7465820   0357      225.65
7465910   0357       90.26
7466779   0357      132.32
7466870   0357      125.46
7502836   0357      105.99
7548386   0357       91.58
7548420   0357       86.66
770342    0357       90.31
7917981   0357       90.26
7981510   0357       93.94
7982728   0357       80.00
7982865   0357       93.94
7983170   0357       80.00
7984159   0357       90.26
7985605   0357       57.50
7988969   0357      125.46
8054279   0357       83.26
8064487   0357      190.44
8068577   0357       89.15
8069571   0357       90.26
8140450   0357       76.44
8594315   0357       90.26
8718789   0357      180.52
8734286   0357       93.94
9066082   0357       92.70
9100619   0357      125.46
9211039   0357       86.66
9261804   0357       93.94
9317884   0357      187.88
9433060   0357       90.26
9540404   0357       93.94
9540845   0357      146.66
9542018   0357       93.94
9542237   0357       86.66
9543174   0357       90.26
9543530   0357      114.56
9544179   0357       90.26
9544345   0357       83.26
9544429   0357       93.94
9544827   0357       93.94
9545198   0357       93.08
9545952   0357      114.48
9546474   0357       90.26
9547148   0357       86.66
9551389   0357       90.26
9552709   0357       92.79
9553039   0357       90.26
9553047   0357       86.66
9553149   0357       80.00
9553310   0357      159.99
9555077   0357      110.16
9555609   0357       80.00
9555641   0357       90.26
9557148   0357      195.55
9557803   0357       83.26
9557875   0357       80.00
9557894   0357       88.82
9558628   0357       83.26
9560453   0357       80.00
9570736   0357      125.46
9572755   0357       90.26
9577605   0357      125.46
9601343   0357      225.65
9603154   0357       83.26
9603683   0357       90.26
9603870   0357       64.03
9604166   0357       86.66
9604592   0357      152.67
9607091   0357       97.58
9608547   0357       90.26
9609337   0357       80.00
9609338   0357      180.52
9612117   0357       89.17
9612530   0357      225.65
9612692   0357       90.26
9614364   0357      173.32
9615563   0357       90.26
9615964   0357       90.26
9617493   0357      173.32
9620242   0357      187.88
9620248   0357      195.55
9620376   0357       90.26
9620599   0357       93.94
9620701   0357       86.66
9620720   0357       86.66
9621777   0357       80.00
9622347   0357       90.26
9624370   0357      101.78
9624596   0357       80.00
9625361   0357       90.26
9625933   0357      180.52
9626082   0357       90.26
9626215   0357       86.66
9627150   0357      234.85
9627523   0357      180.52
9627724   0357       80.00
9629963   0357       93.94
9631462   0357       93.94
9634554   0357       90.26
9634674   0357       90.26
9636806   0357       80.00
9638320   0357       90.26
9639201   0357       86.66
9845319   0357       83.26
9846320   0357       93.94
9847068   0357       86.66
9847350   0357       90.26
9848693   0357       86.66
9850403   0357       90.26
9851111   0357       90.26
9851993   0357       90.26
10107724  3357      101.78
10120357  3357       90.26
10121866  3357       93.94
10125466  3357       80.00
10126656  3357       90.26
10141786  3357       93.94
10312414  3357       86.66
10373550  3357       90.26
10639752  3357       80.00
10726693  3357       90.26
10760806  3357       80.00
10764554  3357       93.94
10770124  3357       90.26
10772668  3357       80.00
10774121  3357       93.94
10775520  3357       86.66
10776516  3357      101.78
10776915  3357       80.00
10777482  3357       80.00
10777645  3357       90.26
10778464  3357       80.00
10779723  3357       90.26
10784623  3357       90.26
10820078  3357       93.94
10840266  3357       90.26
10841061  3357       83.26
10841823  3357      101.78
10842205  3357       90.26
10843324  3357       90.26
10844575  3357      101.78
10844947  3357       90.26
10845717  3357       80.00
10845943  3357      101.78
10846474  3357       90.26
10846532  3357       93.94
10846629  3357       90.26
10846940  3357       90.26
10846985  3357       90.26
10847648  3357       80.00
10848158  3357       97.78
10849906  3357       90.26
10849907  3357       93.94
10860593  3357       90.26
10903693  3357       80.00
10959957  3357       90.26
10960021  3357       90.26
10963442  3357       93.94
10963957  3357       93.94
10964062  3357       90.26
1108218   3357       86.72
1112379   3357       90.31
1115136   3357       90.31
11163187  3357       80.00
11177533  3357       80.00
11260715  3357       90.26
11261772  3357      101.78
11262378  3357       90.26
11263756  3357       80.00
11264465  3357       90.26
11264550  3357       86.66
11265496  3357       90.26
11265527  3357       93.94
11266390  3357       90.26
11267811  3357       86.66
11267932  3357       80.00
11268437  3357      101.78
11269196  3357       97.78
1129535   3357       94.00
11414487  3357       93.94
11425214  3357       90.26
11425449  3357       90.26
11426462  3357       86.66
11428034  3357       86.66
11428889  3357       90.26
11429539  3357       90.26
11429792  3357       80.00
11429991  3357       90.26
11430700  3357       90.26
11433167  3357       90.26
11433865  3357       90.26
11434350  3357       90.26
11546168  3357       86.66
11580362  3357       93.94
11584952  3357       90.26
11586448  3357       90.26
11589730  3357       90.26
11594236  3357      101.78
11594524  3357       80.00
11596252  3357       90.26
11597667  3357       90.26
11598121  3357       83.26
11598207  3357       80.00
11598956  3357       83.26
11633896  3357       83.26
11645810  3357       90.26
11651035  3357       90.26
11651090  3357       90.26
11652405  3357       90.26
11653864  3357       90.26
11694358  3357       80.00
11694758  3357       90.26
11695394  3357       80.00
11749469  3357       90.26
11783201  3357       93.94
11783366  3357      101.78
11784637  3357       80.00
11786325  3357      101.78
11786432  3357       83.26
11787653  3357       90.26
11787807  3357       90.26
11788587  3357       93.94
11788630  3357       93.94
11790273  3357       90.26
11790818  3357       90.26
11791177  3357       90.26
11792506  3357       80.00
11792846  3357       90.26
118087    3357       41.51
11878930  3357       90.26
11879419  3357       93.94
11879750  3357       93.94
11881224  3357      101.78
11881668  3357       80.00
11881669  3357       80.00
11882080  3357       86.66
11882720  3357      101.78
11883300  3357       90.26
11949766  3357      101.78
12011761  3357      101.78
12018571  3357       86.66
12018729  3357       80.00
12018852  3357       90.26
12019816  3357       86.66
12020535  3357       97.78
12021559  3357       93.94
12021966  3357       90.26
12022428  3357       93.94
12023306  3357       97.78
12023981  3357       90.26
12024178  3357       90.26
12024179  3357       90.26
12025294  3357       90.26
12025488  3357       80.00
12025491  3357       80.00
12026565  3357       90.26
12027093  3357       90.26
12027260  3357       90.26
12027527  3357       80.00
12027928  3357       80.00
12027973  3357       93.94
12080554  3357       90.26
1218058   3357       97.41
12241212  3357       80.00
12242270  3357       90.26
12243077  3357       80.00
12244707  3357       80.00
12247738  3357       90.26
12248400  3357       80.00
12248755  3357       93.94
12248784  3357       83.26
12248960  3357       90.26
12249178  3357      101.78
12279667  3357       90.26
12314254  3357       97.78
1232375   3357       63.00
12369466  3357       90.26
12370670  3357       97.78
1239070   3357       86.72
12434895  3357       83.26
12435304  3357       90.26
12435757  3357       80.00
12435759  3357       90.26
12527456  3357       86.66
12534356  3357       90.26
12536172  3357       90.26
12536549  3357       97.78
1254062   3357       83.31
1257983   3357       94.00
1258658   3357       90.31
1259324   3357       83.31
1261562   3357       83.31
1262953   3357       90.31
1263302   3357       80.05
1263303   3357       90.31
1263991   3357       65.81
1265436   3357       90.31
1266723   3357       64.05
12691465  3357       90.26
1269356   3357       94.00
12698409  3357       80.00
12698965  3357       80.00
12700553  3357       86.66
12701276  3357       90.26
12701301  3357       80.00
12702273  3357       86.66
12704473  3357       83.26
12704482  3357       93.94
12704649  3357       90.26
12704927  3357       90.26
12705860  3357       90.26
12706171  3357       90.26
12706774  3357       93.94
12707136  3357       90.26
1272390   3357       83.31
1273369   3357       90.31
1277938   3357       83.31
1278407   3357       90.31
12848719  3357       90.26
12849330  3357       97.78
12851330  3357       90.26
12852888  3357       90.26
12858616  3357       90.26
12878256  3357       90.26
12884972  3357       90.26
12934142  3357       86.66
12934525  3357       80.00
12935305  3357       90.26
12935606  3357       90.26
13032012  3357       80.00
13032033  3357       90.26
13034237  3357       90.26
13035222  3357      101.78
13084886  3357       86.66
13180551  3357       90.26
1318484   3357       86.72
13187744  3357       90.26
13187816  3357       90.26
13188137  3357       83.26
13188604  3357       83.26
13264411  3357       90.26
13265462  3357       80.00
13265946  3357       90.26
13266369  3357       90.26
13268000  3357       80.00
13268185  3357       80.00
13268457  3357       86.66
13268537  3357       90.26
13343258  3357       80.00
13346269  3357       80.00
13408041  3357       83.26
13510172  3357       83.26
13510180  3357       80.00
13527636  3357       93.94
13566631  3357      101.78
13643981  3357       80.00
13643982  3357       80.00
13644051  3357       90.26
13644555  3357       80.00
13644665  3357       90.26
13644680  3357       93.94
13652653  3357       80.00
13674854  3357       93.94
13678214  3357       90.26
13678857  3357       80.00
13679940  3357       90.26
13724134  3357       90.26
13774187  3357       80.00
13774684  3357       90.26
13775452  3357       80.00
13775808  3357       80.00
13777181  3357       80.00
13785046  3357       80.00
13785661  3357       90.26
13785997  3357       86.66
13786181  3357       90.26
13787208  3357       90.26
13787741  3357       80.00
13842354  3357       90.26
13843775  3357       90.26
13856268  3357       90.26
13867427  3357       90.26
13868652  3357       90.26
13880177  3357       80.00
13880981  3357       90.26
13905892  3357       80.00
13986119  3357       90.26
13990906  3357       93.94
14003086  3357       86.66
14030527  3357       80.00
14031045  3357       90.26
14031497  3357       90.26
14093727  3357       90.26
14094806  3357       93.94
14143188  3357       86.66
14159223  3357       80.00
14176129  3357       90.26
14176671  3357       90.26
14270811  3357       80.00
14293118  3357       90.26
1431183   3357       90.31
14335445  3357       86.66
14335539  3357       90.26
14372299  3357       93.94
14372818  3357       90.58
14376347  3357       90.26
14398946  3357       90.26
14399267  3357       83.26
14405196  3357       90.26
14405401  3357       90.26
14513487  3357       80.00
14590375  3357       83.26
14607589  3357       83.26
14648947  3357       90.26
14649126  3357       80.00
14810540  3357       90.26
14825867  3357       90.26
14877620  3357       90.26
14877805  3357       93.94
14877859  3357       97.78
14879704  3357       80.00
14880827  3357       93.94
15170350  3357       83.26
15177340  3357       93.94
15177867  3357       80.00
15306151  3357       86.66
15306996  3357       86.66
15352095  3357       90.26
15444811  3357       93.94
15448608  3357       90.26
15597541  3357       80.00
15598043  3357       80.00
15598319  3357       90.26
15598510  3357       90.26
15598933  3357       80.00
15599928  3357       83.26
15668151  3357       90.26
15668851  3357       83.26
15690244  3357       80.00
15729233  3357       90.26
15729536  3357       83.26
15778630  3357       90.26
15827139  3357       93.94
15959808  3357       80.00
16001576  3357       80.00
16137706  3357       86.66
16138119  3357       90.26
1631390   3357       81.50
16324090  3357       90.26
16594051  3357       83.26
16641426  3357       86.66
16736267  3357       90.26
16770549  3357       90.26
16788972  3357       90.26
16796439  3357       80.00
17011869  3357       90.26
17012587  3357       90.26
17019549  3357       90.26
17033230  3357       80.00
17033256  3357       80.00
17104175  3357       90.26
17306742  3357       80.00
1737075   3357       86.72
17379215  3357       83.26
17380736  3357       80.00
17504786  3357       83.26
17572385  3357       90.26
17574055  3357       83.26
17626132  3357       83.26
1763812   3357       90.31
1764349   3357       80.05
1765295   3357       41.79
1769938   3357       86.72
17727473  3357       83.26
17859806  3357       80.00
17965237  3357       90.26
18058393  3357       80.00
18059918  3357       90.26
18263579  3357       90.26
18263756  3357       90.26
1834693   3357       64.05
18471327  3357       90.26
18618969  3357       80.00
18656459  3357       90.26
18785684  3357       80.00
18950730  3357       80.00
1906129   3357       90.31
19166206  3357       80.00
19262723  3357       90.26
1926999   3357       94.00
19324610  3357       90.26
19827450  3357       80.00
19850185  3357       80.00
19886649  3357       90.26
19973112  3357       90.26
20187870  3357       83.26
20189202  3357       97.78
20235584  3357       83.26
2030572   3357       86.72
2033664   3357      101.84
20348834  3357       80.00
20351464  3357       90.26
21140944  3357       80.00
2130876   3357       80.05
2157417   3357      101.84
2186056   3357       86.72
2189077   3357       58.34
2196831   3357       83.31
2198274   3357       94.00
2198799   3357       86.72
2199826   3357       83.31
22326349  3357       83.26
2272067   3357       80.05
23156662  3357       98.84
2376223   3357      101.84
2380275   3357       94.00
2384661   3357       90.31
2529886   3357       90.31
2532585   3357       80.05
2533320   3357       93.08
2533977   3357       84.75
2534786   3357       72.26
2535843   3357       94.00
2536373   3357       94.00
2536795   3357       95.98
2538821   3357       86.72
2539607   3357       94.00
2539943   3357       80.05
2541142   3357       90.31
2541439   3357      101.84
2541709   3357       91.11
2543654   3357       90.31
2543932   3357       83.31
2592064   3357       93.99
2592966   3357      107.60
2593377   3357       96.84
2593686   3357       86.72
2596405   3357       83.85
2597854   3357       83.85
2598033   3357       76.76
2598872   3357       84.67
2601437   3357       90.31
2603046   3357       79.46
2605117   3357      101.29
2605164   3357       79.48
2605539   3357       57.53
2605823   3357       64.02
2607322   3357      129.51
2608233   3357      118.11
2608304   3357       89.18
2608554   3357       83.85
2684589   3357       90.31
2741170   3357       91.92
2854705   3357       86.72
2870837   3357       77.00
2910376   3357       80.05
2910432   3357       86.72
2911765   3357       86.72
2912407   3357       80.05
2912692   3357      101.84
2913757   3357       86.67
2913809   3357       80.05
2914272   3357       91.54
2915293   3357       80.05
2915714   3357       90.31
2915780   3357       78.91
2916102   3357       72.26
2916362   3357       82.19
2916467   3357       83.31
2916786   3357       86.72
2918280   3357       90.31
2992913   3357       80.05
3035349   3357       90.31
3039370   3357       93.49
3080057   3357      101.84
3080311   3357       90.31
3080984   3357       90.26
3081351   3357       90.31
3082505   3357       90.20
3083006   3357       90.31
3083065   3357       80.05
3083457   3357       70.81
3083843   3357       83.31
3084868   3357       89.55
3084978   3357       88.82
3085009   3357       97.58
3085276   3357       97.83
3090485   3357      117.33
3156003   3357       80.05
3234299   3357       97.83
3245420   3357       90.31
3314884   3357       72.23
3315121   3357       80.05
3315781   3357       80.05
3317339   3357      112.66
3317520   3357       98.84
3318589   3357      145.42
3318694   3357      127.10
3318719   3357       89.55
3319659   3357       83.31
3320986   3357       90.31
3322128   3357       83.85
3322284   3357       86.72
3322381   3357       88.30
3324084   3357      140.35
3324110   3357      118.21
3324403   3357      101.84
3329806   3357       79.46
3353242   3357       86.72
3457632   3357       66.63
3528540   3357      130.87
3533360   3357      137.37
3535445   3357       88.51
3535676   3357       83.28
3535838   3357       80.34
3538837   3357      125.45
3539352   3357       84.14
3541739   3357      101.51
3541975   3357       64.03
3542004   3357       93.94
3542015   3357       72.81
3554092   3357       94.00
3593839   3357       96.77
3598528   3357       87.58
3710064   3357      116.56
3759377   3357       76.31
3784066   3357      111.21
3784441   3357      123.53
3785251   3357      101.94
3792247   3357       97.41
3830110   3357       73.30
3855157   3357       64.02
3855577   3357       90.31
3856978   3357       73.71
3857004   3357       97.58
3857220   3357      102.39
3857667   3357       73.71
3857878   3357       82.62
3858323   3357      102.37
3858856   3357       93.94
3859230   3357      125.45
3864991   3357      116.09
3875055   3357       90.26
3877925   3357       93.94
3878006   3357       86.66
3963688   3357      128.87
3964093   3357      130.69
3964337   3357       68.03
3965704   3357       89.18
3969513   3357      112.80
4001934   3357      133.40
4064149   3357      107.55
4065177   3357       83.31
4065584   3357       90.26
4065648   3357      130.86
4066245   3357       83.20
4067118   3357      103.24
4067735   3357      119.16
4067795   3357       85.02
4068788   3357      108.23
4071074   3357      136.89
4071241   3357       71.90
4107436   3357       86.66
4191539   3357      101.05
4193094   3357      106.90
4194671   3357      121.58
4195654   3357       80.34
4199927   3357       66.64
4200911   3357       86.72
4238916   3357       68.88
430240    3357       80.05
4317775   3357      123.53
4373204   3357      126.35
4373479   3357      108.23
4375498   3357       86.53
4375998   3357       81.46
4376813   3357      109.48
4377201   3357       79.85
437803    3357       90.31
4378140   3357      105.20
4378236   3357       80.34
4378283   3357      101.94
4378759   3357       93.94
4379154   3357       68.83
4381341   3357       93.46
4381614   3357       80.00
4382400   3357      101.51
4383023   3357       93.94
4383200   3357       74.07
4385047   3357       76.56
4386936   3357       97.78
4387777   3357       86.66
439023    3357       81.50
4409485   3357       93.94
4409788   3357       85.37
4409789   3357       80.00
4414417   3357      128.47
4414541   3357       90.57
4414909   3357       79.48
4415675   3357       88.82
443869    3357       90.31
4609506   3357      123.53
4610129   3357       84.67
4720170   3357       80.00
4720923   3357       90.26
4721016   3357       80.00
4721639   3357       80.05
4722680   3357       70.81
4722814   3357       67.55
4723168   3357       76.31
4723276   3357      116.56
4723403   3357       81.58
4724433   3357       76.76
4725919   3357       93.94
4727740   3357       86.66
4728331   3357       80.34
4729448   3357       67.25
4729575   3357       93.14
4730168   3357       93.94
4730490   3357       93.08
4730823   3357      144.52
4731322   3357      124.94
4731494   3357      105.51
4732090   3357      105.20
4732618   3357       83.26
4734527   3357       83.26
4734940   3357       80.00
4735505   3357       80.05
4738424   3357       90.31
4739546   3357      109.51
4739796   3357       93.94
4754833   3357      110.43
4803744   3357       93.94
4805842   3357       90.26
4827213   3357      115.39
4853128   3357       86.84
4882144   3357       69.40
5017295   3357       86.66
5022967   3357       79.61
5237805   3357       90.26
5238236   3357       76.31
5239261   3357      115.56
5240821   3357       97.58
5242545   3357       95.24
5244302   3357       83.31
5244483   3357       86.66
5244484   3357      105.51
5244765   3357      114.47
5245261   3357       93.94
5248926   3357      123.22
5248954   3357       96.77
5249259   3357       90.26
5249817   3357       93.94
5250965   3357       89.26
5251153   3357      101.94
5251214   3357      105.97
5252606   3357       93.94
5253930   3357       69.35
5254613   3357      113.23
5254952   3357       89.88
5255567   3357       90.26
5255641   3357       93.94
5257069   3357      122.34
5257175   3357       83.85
5257421   3357       97.78
5257727   3357       90.26
5257774   3357       90.26
5259121   3357       73.71
5259785   3357       92.70
5261116   3357       83.26
5261139   3357      126.81
5261250   3357       94.94
5261418   3357      123.07
5261643   3357       80.00
5263470   3357       91.25
5344986   3357       80.00
5435450   3357       83.26
5436619   3357       93.94
5436795   3357       71.75
5438690   3357      105.19
5439480   3357       90.26
5439865   3357       97.78
5458236   3357       83.26
5461455   3357       83.87
5605414   3357      121.40
5658043   3357       90.26
5688352   3357       90.26
5765952   3357       90.26
5779173   3357       90.26
5915261   3357       90.31
5921128   3357       90.26
5921800   3357       80.00
5923624   3357       93.94
5925143   3357       93.94
5925949   3357       64.05
5929492   3357       90.26
5935536   3357       93.94
5938630   3357       90.26
5938995   3357       90.26
6044716   3357       90.26
6125595   3357       80.00
6127630   3357      130.87
6238388   3357      101.78
6394853   3357       86.23
64800     3357       97.83
6537141   3357       76.31
6573443   3357      144.07
6573855   3357       97.78
6573893   3357       83.26
6575243   3357       86.66
6575301   3357       90.26
6584406   3357       97.23
6602322   3357       80.00
6634354   3357       90.26
6689708   3357       90.26
6690236   3357       90.26
6701343   3357       90.26
6701344   3357       90.26
6701453   3357       90.26
673822    3357       83.31
6841910   3357       80.00
7076647   3357       90.26
7211860   3357       93.94
7240399   3357       90.26
7300376   3357      105.19
7301470   3357       73.71
7305494   3357       83.66
7305781   3357       89.18
7308623   3357      133.58
7309317   3357       80.00
7309375   3357       86.66
7310425   3357       97.78
7310959   3357      101.94
7311233   3357      128.16
7311255   3357      108.79
7312149   3357      128.17
7313189   3357       89.18
7314050   3357       80.00
7314987   3357       97.78
7315048   3357       93.94
7315058   3357       90.26
7315331   3357       90.26
7316059   3357       97.78
7316139   3357       93.94
7316607   3357      101.84
7316959   3357      105.51
7317744   3357       80.05
7318041   3357      101.51
7319649   3357       93.94
7321787   3357       86.66
7322304   3357       86.66
7322780   3357       83.26
7322794   3357      107.02
7324725   3357       88.30
7325664   3357       66.64
7325721   3357       82.68
7325722   3357      129.51
7325778   3357       64.67
7328421   3357       80.00
7330948   3357       90.26
7331943   3357       86.66
7332202   3357       80.00
7332734   3357       83.85
7333145   3357       93.94
7333526   3357       80.00
7335642   3357       90.26
7337422   3357      100.05
7337778   3357       80.00
7338055   3357       97.78
7340200   3357       86.72
7340742   3357       83.85
7340989   3357      105.19
7342107   3357       86.66
7342680   3357       90.31
7343605   3357       80.00
7344290   3357       86.66
7344465   3357       86.66
7347856   3357      102.37
7348137   3357       80.00
7348986   3357       90.26
7349428   3357      101.78
7349843   3357       80.00
7350162   3357      123.28
7350273   3357       86.66
7351297   3357       91.16
7352317   3357       86.66
7353364   3357       80.00
7353377   3357       90.26
7354064   3357       80.00
7354848   3357       64.67
7355928   3357       93.08
7359478   3357       93.94
7360346   3357       83.26
7360517   3357       90.26
7363171   3357       91.43
7363652   3357       90.26
7365166   3357       90.26
7365545   3357       86.66
7367276   3357       80.00
7368710   3357       80.00
7369018   3357       90.26
7371154   3357       90.26
7372156   3357       80.00
7372973   3357       55.77
7373089   3357       83.26
7373215   3357       97.78
7374243   3357       83.26
7374616   3357      101.94
7377030   3357       83.26
7377579   3357       90.26
7379256   3357       86.66
7380616   3357       80.00
7381553   3357       90.26
7382148   3357      133.40
7382532   3357       80.00
7384964   3357       90.26
7387544   3357       90.26
7388038   3357       80.00
7388080   3357       90.26
7388125   3357       93.94
7388199   3357       83.26
7389581   3357       90.26
7391472   3357       86.66
7392153   3357       93.94
7393061   3357       86.66
7393144   3357       80.00
7395742   3357       64.04
7396051   3357       90.26
7398038   3357       77.03
7400031   3357       90.26
7401094   3357       90.26
7401380   3357       90.26
7401853   3357       80.00
7403123   3357       80.00
7403188   3357       86.66
7403563   3357       86.66
7406353   3357       90.26
7408531   3357       90.26
7409730   3357       86.66
7410177   3357      101.78
7412535   3357       93.94
7412738   3357       83.26
7415285   3357      101.78
7415448   3357       90.26
7416870   3357       80.00
7417289   3357       80.00
7417791   3357       90.26
7418898   3357       80.00
7418939   3357       80.00
7419340   3357       86.66
7419740   3357       80.00
7419800   3357       90.26
7419866   3357       86.66
7420316   3357       90.26
7420429   3357       93.94
7423108   3357       93.94
7423415   3357       90.26
7423444   3357       90.26
7425063   3357       80.00
7425430   3357       90.26
7425900   3357       86.66
7426046   3357       90.26
7427359   3357       80.00
7427520   3357       90.26
7429274   3357       90.26
7432253   3357       93.94
7434591   3357       90.26
7435158   3357       80.00
7436077   3357       86.66
7436996   3357       90.26
7437806   3357       80.00
7437808   3357       80.00
7438450   3357       90.26
7439597   3357       97.78
7439617   3357       90.26
7439629   3357       90.26
7440809   3357       64.02
7442445   3357       90.26
7444497   3357       80.00
7444651   3357       93.94
7444842   3357       90.26
7444889   3357       97.78
7445661   3357       83.26
7446382   3357       93.94
7446644   3357       90.26
7447067   3357       90.26
7447334   3357       97.78
7447992   3357       80.00
7449457   3357       83.26
7455429   3357      125.46
7455588   3357       90.26
7461704   3357       90.26
7465820   3357       90.26
7465910   3357       90.26
7466779   3357      132.32
7466870   3357      125.46
7502836   3357      105.99
7548386   3357       91.58
7548420   3357       86.66
770342    3357       90.31
7917981   3357       90.26
7981510   3357       93.94
7982728   3357       80.00
7982865   3357       93.94
7983170   3357       80.00
7984159   3357       90.26
7985605   3357       57.50
7988969   3357      125.46
8054279   3357       83.26
8064487   3357       95.22
8068577   3357       89.15
8069571   3357       90.26
8140450   3357       76.44
8594315   3357       90.26
8718789   3357       90.26
8734286   3357       93.94
9066082   3357       92.70
9100619   3357      125.46
9211039   3357       86.66
9261804   3357       93.94
9317884   3357       93.94
9433060   3357       90.26
9540404   3357       93.94
9540845   3357       97.78
9542018   3357       93.94
9542237   3357       86.66
9543174   3357       90.26
9543530   3357      114.56
9544179   3357       90.26
9544345   3357       83.26
9544429   3357       93.94
9544827   3357       93.94
9545198   3357       93.08
9545952   3357      114.48
9546474   3357       90.26
9547148   3357       86.66
9551389   3357       90.26
9552709   3357       92.79
9553039   3357       90.26
9553047   3357       86.66
9553149   3357       80.00
9553310   3357       80.00
9555077   3357      110.16
9555609   3357       80.00
9555641   3357       90.26
9557148   3357       97.78
9557803   3357       83.26
9557875   3357       80.00
9557894   3357       88.82
9558628   3357       83.26
9560453   3357       80.00
9570736   3357      125.46
9572755   3357       90.26
9577605   3357      125.46
9601343   3357       90.26
9603154   3357       83.26
9603683   3357       90.26
9603870   3357       64.03
9604166   3357       86.66
9604592   3357      101.78
9607091   3357       97.58
9608547   3357       90.26
9609337   3357       80.00
9609338   3357       90.26
9612117   3357       89.17
9612530   3357       90.26
9612692   3357       90.26
9614364   3357       86.66
9615563   3357       90.26
9615964   3357       90.26
9617493   3357       86.66
9620242   3357       93.94
9620248   3357       97.78
9620376   3357       90.26
9620599   3357       93.94
9620701   3357       86.66
9620720   3357       86.66
9621777   3357       80.00
9622347   3357       90.26
9624370   3357      101.78
9624596   3357       80.00
9625361   3357       90.26
9625933   3357       90.26
9626082   3357       90.26
9626215   3357       86.66
9627150   3357       93.94
9627523   3357       90.26
9627724   3357       80.00
9629963   3357       93.94
9631462   3357       93.94
9634554   3357       90.26
9634674   3357       90.26
9636806   3357       80.00
9638320   3357       90.26
9639201   3357       86.66
9845319   3357       83.26
9846320   3357       93.94
9847068   3357       86.66
9847350   3357       90.26
9848693   3357       86.66
9850403   3357       90.26
9851111   3357       90.26
9851993   3357       90.26
