10107724  0357     1425.70
10120357  0357     1749.71
10121866  0357     3114.44
10125466  0357     1087.35
10126656  0357     1166.48
10141786  0357     1245.77
10312414  0357     1087.35
10373550  0357     2332.95
10639752  0357     1608.30
10726693  0357     1166.48
10760806  0357     1087.35
10764554  0357     1245.77
10770124  0357     1166.48
10772668  0357     1087.35
10774121  0357     1245.77
10775520  0357     2174.70
10776516  0357     1425.70
10776915  0357     1087.35
10777645  0357     1749.71
10778464  0357     1087.35
10779723  0357     1982.54
10784623  0357     1166.48
10820078  0357     1245.77
10840266  0357     1166.48
10841061  0357     1087.35
10841823  0357     1425.70
10842205  0357     1166.48
10843324  0357     2916.19
10844947  0357     2916.19
10845717  0357     1087.35
10845943  0357     1425.70
10846474  0357     1166.48
10846532  0357     1245.77
10846629  0357     1677.29
10846940  0357     2332.95
10846985  0357     1166.48
10847648  0357     1087.35
10848158  0357     2291.69
10849906  0357     1166.48
10849907  0357     1245.77
10860593  0357     1166.48
10903693  0357     1566.72
10959957  0357     1166.48
10960021  0357     1166.48
10963442  0357     1245.77
10963957  0357     1245.77
10964062  0357     2332.95
1108218   0357     1484.89
1112379   0357     1490.09
1115136   0357     1957.85
11163187  0357     1087.35
11177533  0357     1087.35
11260715  0357     1166.48
11261772  0357     1425.70
11262378  0357     1166.48
11263756  0357     1087.35
11264465  0357     1166.48
11264550  0357     1087.35
11265496  0357     1166.48
11265527  0357     1245.77
11266390  0357     2332.95
11267811  0357     2174.70
11267932  0357     2174.70
11268437  0357     1425.70
11269196  0357     1332.08
1129535   0357     1487.50
11414487  0357     1245.77
11425214  0357     1166.48
11425449  0357     1166.48
11426462  0357     1586.71
11428034  0357     1087.35
11428889  0357     2916.19
11429539  0357     2332.95
11429792  0357     1087.35
11429991  0357     1749.71
11430700  0357     1166.48
11433167  0357     1166.48
11433865  0357     2332.95
11433968  0357     2332.95
11434350  0357     1166.48
11546168  0357     1087.35
11584952  0357     1166.48
11586448  0357     1245.77
11589730  0357     2332.95
11594236  0357     1425.70
11594524  0357     1087.35
11596252  0357     1166.48
11597667  0357     1166.48
11598121  0357     1087.35
11598207  0357     1087.35
11633896  0357     1087.35
11645810  0357     1166.48
11651035  0357     1166.48
11651090  0357     1166.48
11652405  0357     1166.48
11653864  0357     1166.48
11694358  0357     1087.35
11694758  0357     1166.48
11695394  0357     2174.70
11749469  0357     1166.48
11783201  0357     1245.77
11783366  0357     1425.70
11784637  0357     1087.35
11786325  0357     1425.70
11786432  0357     1087.35
11787653  0357     2332.95
11788587  0357     2491.55
11788630  0357     1245.77
11790273  0357     1166.48
11790818  0357     1749.71
11791177  0357     1166.48
11792127  0357     1166.48
11792506  0357     1087.35
11792846  0357     1287.31
11878930  0357     1166.48
11879419  0357     1245.77
11879750  0357     1425.70
11881224  0357     1425.70
11881668  0357     2718.38
11881669  0357     1948.62
11882080  0357     1681.05
11883300  0357     2332.95
12011761  0357     2851.40
12018571  0357     1631.02
12018729  0357     1087.35
12018852  0357     1166.48
12019816  0357     1087.35
12020535  0357     1332.08
12021559  0357     1245.77
12021966  0357     1166.48
12022428  0357     1245.77
12023306  0357     1332.08
12023981  0357     1749.71
12024178  0357     1166.48
12024179  0357     1166.48
12025294  0357     1749.71
12025488  0357     1087.35
12025491  0357     1087.35
12026565  0357     1166.48
12027093  0357     1166.48
12027260  0357     2060.78
12027527  0357     1087.35
12027928  0357     1087.35
12027973  0357     2491.55
12080554  0357     1166.48
12241212  0357     1631.02
12242270  0357     1166.48
12243077  0357     1087.35
12244707  0357     1087.35
12247738  0357     1749.71
12248400  0357     2718.38
12248745  0357     1166.48
12248755  0357     1245.77
12248784  0357     2174.70
12248960  0357     1166.48
12249178  0357     1425.70
12314254  0357     3330.19
12369466  0357     1166.48
12370670  0357     2027.95
1239070   0357     1484.89
12434895  0357     1166.48
12435304  0357     1166.48
12435757  0357     1631.02
12435759  0357     2916.19
12527456  0357     1087.35
12534356  0357     1166.48
12536172  0357     1166.48
12536549  0357     1332.08
1257983   0357     1487.50
1258658   0357     1490.09
1261562   0357     1484.89
1262953   0357     1776.52
1263302   0357     1484.89
1263303   0357     1490.09
12638103  0357     1087.35
1265436   0357     1490.09
1266723   0357     1025.69
12691465  0357     1166.48
1269356   0357     2975.00
12698409  0357     1087.35
12698965  0357     1087.35
12701276  0357     1425.70
12701301  0357     2718.38
12702273  0357     1624.07
12704473  0357     1087.35
12704482  0357     2491.55
12704649  0357     1166.48
12704927  0357     1166.48
12705860  0357     1166.48
12706171  0357     1166.48
12706774  0357     2491.55
12707136  0357     1166.48
1272390   0357     1484.89
1273369   0357     1490.09
1277938   0357     1484.89
1278407   0357     1490.09
12848719  0357     1166.48
12849330  0357     1332.08
12851330  0357     1166.48
12852888  0357     1166.48
12858616  0357     1749.71
12878256  0357     1166.48
12884972  0357     1166.48
12934142  0357     1087.35
12934525  0357     1087.35
12935305  0357     1166.48
12935606  0357     1166.48
13032012  0357     2718.38
13032033  0357     1166.48
13034237  0357     1166.48
13035222  0357     1425.70
13084488  0357     1087.35
13084886  0357     1087.35
13179920  0357     1087.35
13180551  0357     1166.48
1318484   0357     1484.89
13187744  0357     2332.95
13187816  0357     1749.71
13188137  0357     1087.35
13188604  0357     1631.02
13264411  0357     1166.48
13265462  0357     1087.35
13265946  0357     2138.55
13266369  0357     1166.48
13268000  0357     2174.70
13268185  0357     2174.70
13268352  0357     1166.48
13268457  0357     1087.35
13268537  0357     1749.71
13343258  0357     1087.35
13408041  0357     1087.35
13510172  0357     1087.35
13510180  0357     1087.35
13519440  0357     1087.35
13527636  0357     1245.77
13566631  0357     1425.70
13643981  0357     2174.70
13643982  0357     1631.02
13644051  0357     1166.48
13644555  0357     2718.38
13644665  0357     1166.48
13644680  0357     3114.44
13652653  0357     1087.35
13674854  0357     1245.77
13678214  0357     1166.48
13678857  0357     1087.35
13679940  0357     1166.48
13724134  0357     1749.71
13774187  0357     1564.30
13774684  0357     1166.48
13775452  0357     1087.35
13775808  0357     1087.35
13777181  0357     1631.02
13785046  0357     1087.35
13785661  0357     1166.48
13785997  0357     1087.35
13786181  0357     1245.77
13787208  0357     1166.48
13787741  0357     1087.35
13842354  0357     1166.48
13843775  0357     1166.48
13856268  0357     1166.48
13867427  0357     1749.71
13868652  0357     1166.48
13880177  0357     1166.48
13880981  0357     1166.48
13905892  0357     1087.35
13986119  0357     1166.48
14003086  0357     1087.35
14030527  0357     1087.35
14031045  0357     1166.48
14031497  0357     2916.19
14093727  0357     1749.71
14094806  0357     1245.77
14143188  0357     1087.35
14159223  0357     2174.70
14176671  0357     1166.48
14228153  0357     1166.48
14270811  0357     2718.38
14293118  0357     1749.71
1431183   0357     1490.09
14335445  0357     1087.35
14335539  0357     1166.48
14372299  0357     1245.77
14372545  0357     1087.35
14372818  0357     3844.19
14376347  0357     1166.48
14398946  0357     1166.48
14399267  0357     1631.02
14405196  0357     1166.48
14405401  0357     1166.48
14513487  0357     1087.35
14590375  0357     1087.35
14607589  0357     1631.02
14648947  0357     1166.48
14649126  0357     1087.35
14825867  0357     2916.19
14877620  0357     1166.48
14877805  0357     1245.77
14877859  0357     1332.08
14879597  0357     2332.95
14879704  0357     2718.38
14880827  0357     1245.77
14880972  0357     2332.95
15056332  0357     1245.77
15170350  0357     1087.35
15177340  0357     1245.77
15177867  0357     2174.70
15229138  0357     1166.48
15272372  0357     1087.35
15306996  0357     1087.35
15351139  0357     1166.48
15352095  0357     1166.48
15444190  0357     1166.48
15448608  0357     1166.48
15597541  0357     1087.35
15598043  0357     1087.35
15598319  0357     1166.48
15598510  0357     2332.95
15598933  0357     1087.35
15599928  0357     1631.02
15599929  0357     2332.95
15668151  0357     2332.95
15668851  0357     1087.35
15690244  0357     1087.35
15729233  0357     1749.71
15729536  0357     2718.38
15778630  0357     1749.71
15885754  0357     1087.35
15886521  0357     1166.48
15959808  0357     1087.35
15961650  0357     1087.35
16001576  0357     1087.35
16137706  0357     1087.35
16138119  0357     1749.71
1631390   0357     1746.80
16385667  0357     1087.35
16387437  0357     2332.95
16594051  0357     1087.35
16641426  0357     1087.35
16736267  0357     1166.48
16770549  0357     1166.48
16788972  0357     2332.95
16796439  0357     2174.70
16796669  0357     1087.35
17011869  0357     2332.95
17012587  0357     2916.19
17019549  0357     1166.48
17033230  0357     1087.35
17033256  0357     1087.35
17104709  0357     1166.48
17306742  0357     1087.35
1737075   0357     1484.89
17379215  0357     1631.02
17380736  0357     1087.35
17572385  0357     2332.95
17574055  0357     1087.35
17626132  0357     2174.70
1763812   0357     1776.52
1764349   0357     1484.89
1765295   0357     2969.77
1769938   0357     1484.89
17727438  0357     2916.19
17727473  0357     1087.35
17853683  0357     2916.19
17859806  0357     1087.35
17859921  0357     2174.70
17872590  0357     1166.48
17942424  0357     1087.35
17942640  0357     1166.48
17965237  0357     1749.71
18054647  0357     1166.48
18058393  0357     1087.35
18059918  0357     1166.48
18263579  0357     1166.48
18263756  0357     1166.48
18332814  0357     1166.48
18421508  0357     1087.35
18422439  0357     2332.95
18618969  0357     1087.35
18655916  0357     1166.48
18656459  0357     1749.71
18785684  0357     1087.35
18923581  0357     1087.35
18928116  0357     1087.35
18950730  0357     1087.35
18998089  0357     2174.70
1906129   0357     1490.09
19262723  0357     1166.48
1926999   0357     1487.50
19324610  0357     2332.95
19348247  0357     1166.48
19355607  0357     1087.35
19431369  0357     1166.48
19436769  0357     1166.48
19827450  0357     1166.48
19850185  0357     2718.38
19886649  0357     2916.19
19973112  0357     1166.48
20015405  0357     1087.35
20046577  0357     2174.70
20046584  0357     2174.70
20187838  0357     1166.48
20187870  0357     2174.70
20189202  0357     1332.08
20235584  0357     2174.70
2030572   0357     1484.89
2033664   0357     1581.53
20348834  0357     1631.02
20351464  0357     2851.40
2101693   0357     1748.08
21140944  0357     1631.02
2130876   0357     1484.89
21505687  0357     2718.38
2157417   0357     3953.81
2186056   0357     1484.89
2189077   0357     1484.89
2196831   0357     1484.89
2198274   0357     1493.14
2198799   0357     1484.89
22326349  0357     1087.35
2272067   0357     1484.89
23156662  0357     1490.09
23573778  0357     1087.35
2376223   0357     1611.57
2380275   0357     1487.50
2384661   0357     1490.09
23851459  0357     1087.35
2529886   0357     1490.09
2532585   0357     1484.89
2533320   0357     1484.89
2534786   0357     1089.87
2535843   0357     1487.50
2536795   0357     1490.09
2539607   0357     1487.50
2539943   0357     1484.89
2541142   0357     1490.09
2541439   0357     2032.19
2541709   0357     1490.09
2543654   0357     1490.09
2543813   0357     1490.09
2543932   0357     1484.89
2592064   0357     1487.50
2592966   0357     1618.56
2593377   0357     1490.09
2593686   0357     1484.89
2596405   0357     1760.66
2598033   0357     1490.09
2598733   0357     1487.50
2598872   0357     1484.89
2601437   0357     1490.09
2603046   0357     1490.09
2605164   0357     1490.09
2605823   0357     1025.61
2607322   0357     1604.82
2608233   0357     1565.53
2608304   0357     1484.89
2608554   0357     1490.09
2684589   0357     1490.09
2741170   0357     1578.03
2854705   0357     1484.89
2870837   0357     1484.89
2910376   0357     1484.89
2910432   0357     1484.89
2911765   0357     1484.89
2912407   0357     1484.89
2912692   0357     1581.53
2913757   0357     1484.89
2913809   0357     1484.89
2915293   0357     1484.89
2915714   0357     1490.09
2915780   0357     1484.89
2916362   0357     1490.09
2916467   0357     1484.89
2916786   0357     1484.89
2918280   0357     3725.22
2992913   0357     1484.89
3035349   0357     1490.09
3080057   0357     2372.29
3080311   0357     1490.09
3080984   0357     2171.47
3081351   0357     1490.09
3082505   0357     1787.69
3083006   0357     1490.09
3083065   0357     1484.89
3083457   0357     1484.89
3083843   0357     1484.89
3084868   0357     1490.09
3084978   0357     1484.89
3085009   0357     1484.89
3085276   0357     1487.90
3090485   0357     1586.06
3156003   0357     1693.78
3234299   0357     1487.90
3245420   0357     1490.09
3314884   0357     1111.31
3315121   0357     1484.89
3315781   0357     1484.89
3317339   0357     1581.86
3318589   0357     1720.43
3318694   0357     1794.63
3318719   0357     1490.09
3320986   0357     1490.09
3322128   0357     1579.32
3322284   0357     1484.89
3322381   0357     1487.50
3324084   0357     2071.25
3324110   0357     2233.79
3329806   0357     1490.09
3353242   0357     1693.78
3528540   0357     1619.08
3533360   0357     1902.25
3535445   0357     1484.89
3535838   0357     1484.89
3538837   0357     1616.62
3539352   0357     1490.09
3541739   0357     1490.09
3541975   0357     1025.69
3542004   0357     1245.77
3542015   0357     1183.69
3554092   0357     1487.50
3593839   0357     1484.89
3598528   0357     1490.09
3710064   0357     1919.44
3759377   0357     1484.89
3784066   0357     1484.89
3784441   0357     1654.35
3785251   0357     1490.09
3792247   0357     1490.09
3830110   0357     1484.89
3855157   0357     1025.61
3855577   0357     1490.09
3856978   0357     1484.89
3857004   0357     1484.89
3857220   0357     1490.15
3857667   0357     1484.89
3857878   0357     1487.50
3858323   0357     2980.18
3858856   0357     1245.77
3859230   0357     2342.99
3864991   0357     1730.87
3875055   0357     1833.83
3877925   0357     4567.72
3878006   0357     1861.42
3963688   0357     1765.10
3964093   0357     2041.10
3965704   0357     1484.89
3969513   0357     1495.53
4001934   0357     1956.27
4064149   0357     1599.99
4065177   0357     1484.89
4065584   0357     1589.89
4065648   0357     1928.58
4066245   0357     1484.89
4067118   0357     1731.40
4067735   0357     1716.95
4067795   0357     1490.09
4068788   0357     1484.89
4071074   0357     2119.38
4071241   0357     1754.37
4107436   0357     1549.62
4191539   0357     1484.89
4193094   0357     3718.75
4194671   0357     1604.23
4195654   0357     1484.89
4199927   0357     1025.69
4200911   0357     1484.89
4238916   0357     1484.89
430240    0357     1484.89
4317775   0357     2285.41
4373204   0357     2350.74
4373479   0357     1484.89
4375498   0357     1581.53
4375998   0357     1521.64
4376813   0357     1629.85
4377201   0357     1487.50
4378140   0357     1484.89
4378236   0357     1484.89
4378283   0357     1484.89
4378759   0357     2167.01
4379154   0357     1484.89
4381341   0357     1484.89
4381614   0357     1694.91
4382400   0357     2235.13
4383023   0357     1980.86
4383200   0357     1484.89
4385047   0357     1490.09
4386936   0357     1332.08
4387777   0357     3970.04
4409485   0357     2194.36
4409788   0357     1484.89
4409789   0357     3224.19
4414417   0357     1686.58
4414541   0357     1576.44
4414909   0357     1490.09
4415675   0357     1484.89
443869    0357     1490.09
4609506   0357     1597.48
4610129   0357     1484.89
4720170   0357     1631.02
4720923   0357     1663.59
4721016   0357     1087.35
4721639   0357     1484.89
4722680   0357     1484.89
4722814   0357     1195.46
4723168   0357     1484.89
4723403   0357     1484.89
4724433   0357     1490.09
4725919   0357     2491.55
4727740   0357     1503.88
4728331   0357     1484.89
4729448   0357     1059.38
4730168   0357     2286.88
4730490   0357     1484.89
4730823   0357     2239.06
4731322   0357     2212.48
4731494   0357     1614.50
4732090   0357     1717.66
4732618   0357     1679.87
4734527   0357     1087.35
4734940   0357     1087.35
4735505   0357     1484.89
4738424   0357     1490.09
4739546   0357     1968.31
4739796   0357     1245.77
4754833   0357     2007.06
4803744   0357     2511.02
4805842   0357     1166.48
4827213   0357     1678.22
4853128   0357     1384.89
4882144   0357     1115.83
5017295   0357     1087.35
5022967   0357     1487.50
5237805   0357     1643.70
5238236   0357     1484.89
5239261   0357     1725.31
5240821   0357     1484.89
5242545   0357     1672.76
5244302   0357     1693.78
5244483   0357     1087.35
5244484   0357     1614.50
5244765   0357     1484.89
5245261   0357     1825.53
5248926   0357     1706.06
5248954   0357     1568.76
5249259   0357     1166.48
5249817   0357     1788.00
5250965   0357     1490.09
5251153   0357     1899.05
5251214   0357     1710.05
5252606   0357     2491.55
5253930   0357     1484.89
5254613   0357     1931.18
5254952   0357     1484.89
5255567   0357     1166.48
5255641   0357     1848.06
5257069   0357     1562.88
5257175   0357     1490.09
5257421   0357     1332.08
5257727   0357     2916.19
5257774   0357     1643.69
5259121   0357     1484.89
5259785   0357     1484.89
5261116   0357     1551.64
5261139   0357     1852.72
5261250   0357     1484.89
5261418   0357     1531.41
5261643   0357     1853.37
5263470   0357     1663.25
5344986   0357     1566.72
5435450   0357     1667.89
5436619   0357     1245.77
5436795   0357     1144.50
5438690   0357     1630.25
5439480   0357     1166.48
5439865   0357     3330.19
5458236   0357     1087.35
5461455   0357     1490.14
5605414   0357     3793.03
5658043   0357     1855.04
5688352   0357     1675.50
5765952   0357     1166.48
5779173   0357     1166.48
5915261   0357     1490.09
5921128   0357     2240.61
5921800   0357     1087.35
5923624   0357     1245.77
5925143   0357     1245.77
5925949   0357     1025.69
5929492   0357     1166.48
5935536   0357     5846.09
5938630   0357     1939.80
5938995   0357     1166.48
6044716   0357     1749.71
6125595   0357     3924.76
6127630   0357     1721.67
6238388   0357     1425.70
6394853   0357     1326.29
6537141   0357     1484.89
6573443   0357     1929.04
6573855   0357     1332.08
6573893   0357     1087.35
6575243   0357     1087.35
6575301   0357     1166.48
6584406   0357     3712.21
6602322   0357     1087.35
6634354   0357     1166.48
6689708   0357     1166.48
6690236   0357     1166.48
6701343   0357     1681.71
6701344   0357     1961.43
6701453   0357     1166.48
673822    0357     1484.89
6841910   0357     1087.35
7211860   0357     1245.77
7240399   0357     1166.48
7300376   0357     1630.25
7301470   0357     1484.89
7305494   0357     1490.09
7305781   0357     1484.89
7308623   0357     1744.11
7309317   0357     1087.35
7309375   0357     1537.81
7310425   0357     1332.08
7310959   0357     1490.09
7311233   0357     1590.52
7311255   0357     1925.47
7312149   0357     1873.05
7313189   0357     1484.89
7314050   0357     1756.52
7314987   0357     1332.08
7315048   0357     1245.77
7315058   0357     4504.25
7315331   0357     1166.48
7316059   0357     1332.08
7316139   0357     1834.20
7316607   0357     2032.19
7316959   0357     2975.00
7317744   0357     2969.77
7318041   0357     1622.50
7319649   0357     2491.55
7321787   0357     1087.35
7322304   0357     1087.35
7322780   0357     1087.35
7322794   0357     2095.88
7324725   0357     1487.50
7325664   0357     1476.36
7325721   0357     1490.09
7325722   0357     2165.26
7325778   0357     1025.69
7328421   0357     1087.35
7330948   0357     1166.48
7331943   0357     2726.64
7332202   0357     1853.25
7332734   0357     2235.13
7333145   0357     2313.20
7333526   0357     3706.50
7335642   0357     1166.48
7337422   0357     1458.58
7337778   0357     1087.35
7338055   0357     1967.45
7340200   0357     1484.89
7340742   0357     1579.32
7340989   0357     1744.24
7342107   0357     1087.35
7342680   0357     1490.09
7343605   0357     1566.72
7344290   0357     1087.35
7344465   0357     2174.70
7347856   0357     1490.09
7348137   0357     1515.43
7348986   0357     1891.85
7349428   0357     3564.25
7349843   0357     1087.35
7350162   0357     1525.42
7350273   0357     1087.35
7351297   0357     1283.70
7352317   0357     1087.35
7353377   0357     1166.48
7354064   0357     1087.35
7354848   0357     1025.69
7355928   0357     1484.89
7359478   0357     1245.77
7360346   0357     1087.35
7360517   0357     1166.48
7363171   0357     1421.62
7363652   0357     1166.48
7365166   0357     1865.38
7365545   0357     1087.35
7367276   0357     1087.35
7368710   0357     2174.70
7369018   0357     1166.48
7371154   0357     1166.48
7372156   0357     1087.35
7372973   0357     1657.20
7373089   0357     1569.30
7373215   0357     1332.08
7374243   0357     1660.47
7374616   0357     1490.09
7377030   0357     1087.35
7377579   0357     1166.48
7379256   0357     2174.70
7380616   0357     1087.35
7381553   0357     1166.48
7382148   0357     1643.16
7382532   0357     1087.35
7384964   0357     1166.48
7387544   0357     2332.95
7388038   0357     1087.35
7388080   0357     1166.48
7388125   0357     1245.77
7388199   0357     2490.71
7389581   0357     1166.48
7391472   0357     1529.64
7392153   0357     3114.44
7393061   0357     1087.35
7393144   0357     2935.83
7395742   0357     1025.61
7396051   0357     2500.19
7398038   0357     1321.66
7400031   0357     1166.48
7401094   0357     1166.48
7401380   0357     1769.33
7401853   0357     1087.35
7403123   0357     1087.35
7403188   0357     1087.35
7403563   0357     1087.35
7406353   0357     1166.48
7408531   0357     1166.48
7409730   0357     1087.35
7410177   0357     2142.25
7412535   0357     1245.77
7412738   0357     1087.35
7415285   0357     2072.95
7415448   0357     1166.48
7416870   0357     1566.72
7417289   0357     2174.70
7417791   0357     2332.95
7418898   0357     1087.35
7418939   0357     1166.48
7419340   0357     1087.35
7419740   0357     1827.66
7419800   0357     1166.48
7419866   0357     2718.38
7420316   0357     1166.48
7420429   0357     1245.77
7423108   0357     1245.77
7423415   0357     1166.48
7423444   0357     2074.85
7425063   0357     1087.35
7425430   0357     1166.48
7425900   0357     1087.35
7426046   0357     1166.48
7427359   0357     1087.35
7427520   0357     1166.48
7429274   0357     1166.48
7432253   0357     1245.77
7434591   0357     2916.19
7435158   0357     4162.11
7436077   0357     2174.70
7436996   0357     1166.48
7437806   0357     1087.35
7437808   0357     1541.20
7438450   0357     1732.87
7439597   0357     3851.85
7439617   0357     1166.48
7439629   0357     1166.48
7440809   0357     1115.75
7442445   0357     1166.48
7444497   0357     1631.02
7444651   0357     1245.77
7444842   0357     1166.48
7444889   0357     2664.15
7445661   0357     1087.35
7446382   0357     1245.77
7446644   0357     1166.48
7447067   0357     2916.19
7447334   0357     1332.08
7447992   0357     1087.35
7449457   0357     1087.35
7455429   0357     1957.32
7455588   0357     1769.33
7461704   0357     1728.42
7465820   0357     2916.19
7465910   0357     1166.48
7466779   0357     2210.63
7466870   0357     2085.06
7502836   0357     1710.09
7548386   0357     1402.95
7548420   0357     1773.47
770342    0357     1490.09
7917981   0357     1717.08
7981510   0357     2217.15
7982728   0357     1129.36
7982865   0357     1245.77
7983170   0357     1087.35
7984159   0357     1166.48
7985605   0357     1180.29
7988969   0357     2330.79
8054279   0357     1612.18
8064487   0357     2786.44
8069571   0357     1750.02
8140450   0357     1128.14
8594315   0357     1166.48
8718789   0357     2560.90
8734286   0357     1245.77
9066082   0357     1484.89
9100619   0357     2330.79
9211039   0357     1087.35
9261804   0357     1245.77
9317884   0357     2491.55
9433060   0357     1166.48
9540404   0357     1245.77
9540845   0357     2807.07
9542018   0357     3114.44
9542237   0357     1087.35
9543174   0357     1865.38
9543530   0357     1891.19
9544179   0357     1166.48
9544345   0357     1087.35
9544429   0357     2025.05
9544827   0357     1245.77
9545198   0357     1484.89
9545952   0357     1894.43
9546474   0357     1166.48
9547148   0357     2020.67
9551389   0357     1166.48
9552709   0357     1613.97
9553039   0357     2904.22
9553047   0357     1087.35
9553149   0357     1087.35
9555077   0357     1617.06
9555609   0357     1087.35
9555641   0357     1166.48
9557148   0357     2664.15
9557803   0357     1087.35
9557875   0357     1087.35
9557894   0357     1875.84
9558628   0357     1087.35
9560453   0357     1439.88
9570736   0357     1959.63
9572755   0357     2014.90
9577605   0357     2083.35
9601343   0357     2916.19
9603154   0357     1948.62
9603683   0357     1166.48
9603870   0357     1025.69
9604166   0357     1087.35
9604592   0357     2138.55
9607091   0357     1484.89
9608547   0357     1166.48
9609337   0357     1564.24
9609338   0357     2332.95
9612117   0357     2333.51
9612692   0357     1166.48
9614364   0357     2174.70
9615563   0357     1166.48
9615964   0357     1166.48
9617493   0357     2174.70
9620242   0357     2491.55
9620248   0357     2664.15
9620376   0357     1166.48
9620599   0357     1245.77
9620701   0357     1087.35
9620720   0357     1691.44
9621777   0357     1166.48
9622347   0357     1166.48
9624370   0357     2518.15
9624596   0357     1087.35
9625361   0357     1166.48
9625933   0357     2332.95
9626082   0357     1166.48
9626215   0357     1087.35
9627150   0357     3114.44
9627523   0357     2332.95
9627724   0357     1087.35
9629963   0357     1245.77
9631462   0357     1900.97
9634554   0357     2131.31
9634674   0357     1166.48
9636806   0357     1087.35
9638320   0357     1166.48
9639201   0357     1087.35
9845319   0357     1087.35
9846320   0357     1245.77
9847068   0357     1087.35
9847350   0357     2257.77
9848693   0357     1775.69
9850403   0357     1166.48
9851111   0357     1166.48
9851993   0357     2095.68
10107724  3357     1425.70
10120357  3357     1166.48
10121866  3357     1245.77
10125466  3357     1087.35
10126656  3357     1166.48
10141786  3357     1245.77
10312414  3357     1087.35
10373550  3357     1166.48
10639752  3357     1608.30
10726693  3357     1166.48
10760806  3357     1087.35
10764554  3357     1245.77
10770124  3357     1166.48
10772668  3357     1087.35
10774121  3357     1245.77
10775520  3357     1087.35
10776516  3357     1425.70
10776915  3357     1087.35
10777645  3357     1166.48
10778464  3357     1087.35
10779723  3357     1982.54
10784623  3357     1166.48
10820078  3357     1245.77
10840266  3357     1166.48
10841061  3357     1087.35
10841823  3357     1425.70
10842205  3357     1166.48
10843324  3357     1166.48
10844947  3357     1166.48
10845717  3357     1087.35
10845943  3357     1425.70
10846474  3357     1166.48
10846532  3357     1245.77
10846629  3357     1677.29
10846940  3357     1166.48
10846985  3357     1166.48
10847648  3357     1087.35
10848158  3357     2291.69
10849906  3357     1166.48
10849907  3357     1245.77
10860593  3357     1166.48
10903693  3357     1566.72
10959957  3357     1166.48
10960021  3357     1166.48
10963442  3357     1245.77
10963957  3357     1245.77
10964062  3357     1166.48
1108218   3357     1484.89
1112379   3357     1490.09
1115136   3357     1957.85
11163187  3357     1087.35
11177533  3357     1087.35
11260715  3357     1166.48
11261772  3357     1425.70
11262378  3357     1166.48
11263756  3357     1087.35
11264465  3357     1166.48
11264550  3357     1087.35
11265496  3357     1166.48
11265527  3357     1245.77
11266390  3357     1166.48
11267811  3357     1087.35
11267932  3357     1087.35
11268437  3357     1425.70
11269196  3357     1332.08
1129535   3357     1487.50
11414487  3357     1245.77
11425214  3357     1166.48
11425449  3357     1166.48
11426462  3357     1586.71
11428034  3357     1087.35
11428889  3357     1166.48
11429539  3357     1166.48
11429792  3357     1087.35
11429991  3357     1166.48
11430700  3357     1166.48
11433167  3357     1166.48
11433865  3357     1166.48
11433968  3357     1166.48
11434350  3357     1166.48
11546168  3357     1087.35
11584952  3357     1166.48
11586448  3357     1245.77
11589730  3357     1166.48
11594236  3357     1425.70
11594524  3357     1087.35
11596252  3357     1166.48
11597667  3357     1166.48
11598121  3357     1087.35
11598207  3357     1087.35
11633896  3357     1087.35
11645810  3357     1166.48
11651035  3357     1166.48
11651090  3357     1166.48
11652405  3357     1166.48
11653864  3357     1166.48
11694358  3357     1087.35
11694758  3357     1166.48
11695394  3357     1087.35
11749469  3357     1166.48
11783201  3357     1245.77
11783366  3357     1425.70
11784637  3357     1087.35
11786325  3357     1425.70
11786432  3357     1087.35
11787653  3357     1166.48
11788587  3357     1245.77
11788630  3357     1245.77
11790273  3357     1166.48
11790818  3357     1166.48
11791177  3357     1166.48
11792127  3357     1166.48
11792506  3357     1087.35
11792846  3357     1287.31
11878930  3357     1166.48
11879419  3357     1245.77
11879750  3357     1425.70
11881224  3357     1425.70
11881668  3357     1087.35
11881669  3357     1948.62
11882080  3357     1681.05
11883300  3357     1166.48
12011761  3357     1425.70
12018571  3357     1087.35
12018729  3357     1087.35
12018852  3357     1166.48
12019816  3357     1087.35
12020535  3357     1332.08
12021559  3357     1245.77
12021966  3357     1166.48
12022428  3357     1245.77
12023306  3357     1332.08
12023981  3357     1166.48
12024178  3357     1166.48
12024179  3357     1166.48
12025294  3357     1166.48
12025488  3357     1087.35
12025491  3357     1087.35
12026565  3357     1166.48
12027093  3357     1166.48
12027260  3357     2060.78
12027527  3357     1087.35
12027928  3357     1087.35
12027973  3357     1245.77
12080554  3357     1166.48
12241212  3357     1087.35
12242270  3357     1166.48
12243077  3357     1087.35
12244707  3357     1087.35
12247738  3357     1166.48
12248400  3357     1087.35
12248745  3357     1166.48
12248755  3357     1245.77
12248784  3357     1087.35
12248960  3357     1166.48
12249178  3357     1425.70
12314254  3357     1332.08
12369466  3357     1166.48
12370670  3357     2027.95
1239070   3357     1484.89
12434895  3357     1166.48
12435304  3357     1166.48
12435757  3357     1087.35
12435759  3357     1166.48
12527456  3357     1087.35
12534356  3357     1166.48
12536172  3357     1166.48
12536549  3357     1332.08
1257983   3357     1487.50
1258658   3357     1490.09
1261562   3357     1484.89
1262953   3357     1776.52
1263302   3357     1484.89
1263303   3357     1490.09
12638103  3357     1087.35
1265436   3357     1490.09
1266723   3357     1025.69
12691465  3357     1166.48
1269356   3357     1487.50
12698409  3357     1087.35
12698965  3357     1087.35
12701276  3357     1425.70
12701301  3357     1087.35
12702273  3357     1624.07
12704473  3357     1087.35
12704482  3357     1245.77
12704649  3357     1166.48
12704927  3357     1166.48
12705860  3357     1166.48
12706171  3357     1166.48
12706774  3357     1245.77
12707136  3357     1166.48
1272390   3357     1484.89
1273369   3357     1490.09
1277938   3357     1484.89
1278407   3357     1490.09
12848719  3357     1166.48
12849330  3357     1332.08
12851330  3357     1166.48
12852888  3357     1166.48
12858616  3357     1166.48
12878256  3357     1166.48
12884972  3357     1166.48
12934142  3357     1087.35
12934525  3357     1087.35
12935305  3357     1166.48
12935606  3357     1166.48
13032012  3357     1087.35
13032033  3357     1166.48
13034237  3357     1166.48
13035222  3357     1425.70
13084488  3357     1087.35
13084886  3357     1087.35
13179920  3357     1087.35
13180551  3357     1166.48
1318484   3357     1484.89
13187744  3357     1166.48
13187816  3357     1166.48
13188137  3357     1087.35
13188604  3357     1087.35
13264411  3357     1166.48
13265462  3357     1087.35
13265946  3357     1425.70
13266369  3357     1166.48
13268000  3357     1087.35
13268185  3357     1087.35
13268352  3357     1166.48
13268457  3357     1087.35
13268537  3357     1166.48
13343258  3357     1087.35
13408041  3357     1087.35
13510172  3357     1087.35
13510180  3357     1087.35
13519440  3357     1087.35
13527636  3357     1245.77
13566631  3357     1425.70
13643981  3357     1087.35
13643982  3357     1087.35
13644051  3357     1166.48
13644555  3357     1087.35
13644665  3357     1166.48
13644680  3357     1245.77
13652653  3357     1087.35
13674854  3357     1245.77
13678214  3357     1166.48
13678857  3357     1087.35
13679940  3357     1166.48
13724134  3357     1166.48
13774187  3357     1564.30
13774684  3357     1166.48
13775452  3357     1087.35
13775808  3357     1087.35
13777181  3357     1087.35
13785046  3357     1087.35
13785661  3357     1166.48
13785997  3357     1087.35
13786181  3357     1245.77
13787208  3357     1166.48
13787741  3357     1087.35
13842354  3357     1166.48
13843775  3357     1166.48
13856268  3357     1166.48
13867427  3357     1166.48
13868652  3357     1166.48
13880177  3357     1166.48
13880981  3357     1166.48
13905892  3357     1087.35
13986119  3357     1166.48
14003086  3357     1087.35
14030527  3357     1087.35
14031045  3357     1166.48
14031497  3357     1166.48
14093727  3357     1166.48
14094806  3357     1245.77
14143188  3357     1087.35
14159223  3357     1087.35
14176671  3357     1166.48
14228153  3357     1166.48
14270811  3357     1087.35
14293118  3357     1166.48
1431183   3357     1490.09
14335445  3357     1087.35
14335539  3357     1166.48
14372299  3357     1245.77
14372545  3357     1087.35
14372818  3357     1537.67
14376347  3357     1166.48
14398946  3357     1166.48
14399267  3357     1087.35
14405196  3357     1166.48
14405401  3357     1166.48
14513487  3357     1087.35
14590375  3357     1087.35
14607589  3357     1087.35
14648947  3357     1166.48
14649126  3357     1087.35
14825867  3357     1166.48
14877620  3357     1166.48
14877805  3357     1245.77
14877859  3357     1332.08
14879597  3357     1166.48
14879704  3357     1087.35
14880827  3357     1245.77
14880972  3357     1166.48
15056332  3357     1245.77
15170350  3357     1087.35
15177340  3357     1245.77
15177867  3357     1087.35
15229138  3357     1166.48
15272372  3357     1087.35
15306996  3357     1087.35
15351139  3357     1166.48
15352095  3357     1166.48
15444190  3357     1166.48
15448608  3357     1166.48
15597541  3357     1087.35
15598043  3357     1087.35
15598319  3357     1166.48
15598510  3357     1166.48
15598933  3357     1087.35
15599928  3357     1087.35
15599929  3357     1166.48
15668151  3357     1166.48
15668851  3357     1087.35
15690244  3357     1087.35
15729233  3357     1166.48
15729536  3357     1087.35
15778630  3357     1166.48
15885754  3357     1087.35
15886521  3357     1166.48
15959808  3357     1087.35
15961650  3357     1087.35
16001576  3357     1087.35
16137706  3357     1087.35
16138119  3357     1166.48
1631390   3357     1746.80
16385667  3357     1087.35
16387437  3357     1166.48
16594051  3357     1087.35
16641426  3357     1087.35
16736267  3357     1166.48
16770549  3357     1166.48
16788972  3357     1166.48
16796439  3357     1087.35
16796669  3357     1087.35
17011869  3357     1166.48
17012587  3357     1166.48
17019549  3357     1166.48
17033230  3357     1087.35
17033256  3357     1087.35
17104709  3357     1166.48
17306742  3357     1087.35
1737075   3357     1484.89
17379215  3357     1087.35
17380736  3357     1087.35
17572385  3357     1166.48
17574055  3357     1087.35
17626132  3357     1087.35
1763812   3357     1776.52
1764349   3357     1484.89
1765295   3357     1484.89
1769938   3357     1484.89
17727438  3357     1166.48
17727473  3357     1087.35
17853683  3357     1166.48
17859806  3357     1087.35
17859921  3357     1087.35
17872590  3357     1166.48
17942424  3357     1087.35
17942640  3357     1166.48
17965237  3357     1166.48
18054647  3357     1166.48
18058393  3357     1087.35
18059918  3357     1166.48
18263579  3357     1166.48
18263756  3357     1166.48
18332814  3357     1166.48
18421508  3357     1087.35
18422439  3357     1166.48
18618969  3357     1087.35
18655916  3357     1166.48
18656459  3357     1166.48
18785684  3357     1087.35
18923581  3357     1087.35
18928116  3357     1087.35
18950730  3357     1087.35
18998089  3357     1087.35
1906129   3357     1490.09
19262723  3357     1166.48
1926999   3357     1487.50
19324610  3357     1166.48
19348247  3357     1166.48
19355607  3357     1087.35
19431369  3357     1166.48
19436769  3357     1166.48
19827450  3357     1166.48
19850185  3357     1087.35
19886649  3357     1166.48
19973112  3357     1166.48
20015405  3357     1087.35
20046577  3357     1087.35
20046584  3357     1087.35
20187838  3357     1166.48
20187870  3357     1087.35
20189202  3357     1332.08
20235584  3357     1087.35
2030572   3357     1484.89
2033664   3357     1581.53
20348834  3357     1087.35
20351464  3357     1425.70
2101693   3357     1748.08
21140944  3357     1087.35
2130876   3357     1484.89
21505687  3357     1087.35
2157417   3357     1581.53
2186056   3357     1484.89
2189077   3357     1484.89
2196831   3357     1484.89
2198274   3357     1493.14
2198799   3357     1484.89
22326349  3357     1087.35
2272067   3357     1484.89
23156662  3357     1490.09
23573778  3357     1087.35
2376223   3357     1611.57
2380275   3357     1487.50
2384661   3357     1490.09
23851459  3357     1087.35
2529886   3357     1490.09
2532585   3357     1484.89
2533320   3357     1484.89
2534786   3357     1089.87
2535843   3357     1487.50
2536795   3357     1490.09
2539607   3357     1487.50
2539943   3357     1484.89
2541142   3357     1490.09
2541439   3357     2032.19
2541709   3357     1490.09
2543654   3357     1490.09
2543813   3357     1490.09
2543932   3357     1484.89
2592064   3357     1487.50
2592966   3357     1618.56
2593377   3357     1490.09
2593686   3357     1484.89
2596405   3357     1760.66
2598033   3357     1490.09
2598733   3357     1487.50
2598872   3357     1484.89
2601437   3357     1490.09
2603046   3357     1490.09
2605164   3357     1490.09
2605823   3357     1025.61
2607322   3357     1604.82
2608233   3357     1565.53
2608304   3357     1484.89
2608554   3357     1490.09
2684589   3357     1490.09
2741170   3357     1578.03
2854705   3357     1484.89
2870837   3357     1484.89
2910376   3357     1484.89
2910432   3357     1484.89
2911765   3357     1484.89
2912407   3357     1484.89
2912692   3357     1581.53
2913757   3357     1484.89
2913809   3357     1484.89
2915293   3357     1484.89
2915714   3357     1490.09
2915780   3357     1484.89
2916362   3357     1490.09
2916467   3357     1484.89
2916786   3357     1484.89
2918280   3357     1490.09
2992913   3357     1484.89
3035349   3357     1490.09
3080057   3357     1581.53
3080311   3357     1490.09
3080984   3357     2171.47
3081351   3357     1490.09
3082505   3357     1787.69
3083006   3357     1490.09
3083065   3357     1484.89
3083457   3357     1484.89
3083843   3357     1484.89
3084868   3357     1490.09
3084978   3357     1484.89
3085009   3357     1484.89
3085276   3357     1487.90
3090485   3357     1586.06
3156003   3357     1693.78
3234299   3357     1487.90
3245420   3357     1490.09
3314884   3357     1111.31
3315121   3357     1484.89
3315781   3357     1484.89
3317339   3357     1581.86
3318589   3357     1720.43
3318694   3357     1794.63
3318719   3357     1490.09
3320986   3357     1490.09
3322128   3357     1579.32
3322284   3357     1484.89
3322381   3357     1487.50
3324084   3357     2071.25
3324110   3357     2233.79
3329806   3357     1490.09
3353242   3357     1693.78
3528540   3357     1619.08
3533360   3357     1902.25
3535445   3357     1484.89
3535838   3357     1484.89
3538837   3357     1616.62
3539352   3357     1490.09
3541739   3357     1490.09
3541975   3357     1025.69
3542004   3357     1245.77
3542015   3357     1183.69
3554092   3357     1487.50
3593839   3357     1484.89
3598528   3357     1490.09
3710064   3357     1919.44
3759377   3357     1484.89
3784066   3357     1484.89
3784441   3357     1654.35
3785251   3357     1490.09
3792247   3357     1490.09
3830110   3357     1484.89
3855157   3357     1025.61
3855577   3357     1490.09
3856978   3357     1484.89
3857004   3357     1484.89
3857220   3357     1490.15
3857667   3357     1484.89
3857878   3357     1487.50
3858323   3357     1490.09
3858856   3357     1245.77
3859230   3357     1561.99
3864991   3357     1730.87
3875055   3357     1833.83
3877925   3357     2283.86
3878006   3357     1861.42
3963688   3357     1765.10
3964093   3357     2041.10
3965704   3357     1484.89
3969513   3357     1495.53
4001934   3357     1956.27
4064149   3357     1599.99
4065177   3357     1484.89
4065584   3357     1589.89
4065648   3357     1928.58
4066245   3357     1484.89
4067118   3357     1731.40
4067735   3357     1716.95
4067795   3357     1490.09
4068788   3357     1484.89
4071074   3357     2119.38
4071241   3357     1754.37
4107436   3357     1549.62
4191539   3357     1484.89
4193094   3357     1487.50
4194671   3357     1604.23
4195654   3357     1484.89
4199927   3357     1025.69
4200911   3357     1484.89
4238916   3357     1484.89
430240    3357     1484.89
4317775   3357     2285.41
4373204   3357     2350.74
4373479   3357     1484.89
4375498   3357     1581.53
4375998   3357     1521.64
4376813   3357     1629.85
4377201   3357     1487.50
4378140   3357     1484.89
4378236   3357     1484.89
4378283   3357     1484.89
4378759   3357     2167.01
4379154   3357     1484.89
4381341   3357     1484.89
4381614   3357     1694.91
4382400   3357     1490.09
4383023   3357     1980.86
4383200   3357     1484.89
4385047   3357     1490.09
4386936   3357     1332.08
4387777   3357     1588.02
4409485   3357     2194.36
4409788   3357     1484.89
4409789   3357     1612.10
4414417   3357     1686.58
4414541   3357     1576.44
4414909   3357     1490.09
4415675   3357     1484.89
443869    3357     1490.09
4609506   3357     1597.48
4610129   3357     1484.89
4720170   3357     1087.35
4720923   3357     1663.59
4721016   3357     1087.35
4721639   3357     1484.89
4722680   3357     1484.89
4722814   3357     1195.46
4723168   3357     1484.89
4723403   3357     1484.89
4724433   3357     1490.09
4725919   3357     1245.77
4727740   3357     1503.88
4728331   3357     1484.89
4729448   3357     1059.38
4730168   3357     2286.88
4730490   3357     1484.89
4730823   3357     2239.06
4731322   3357     2212.48
4731494   3357     1614.50
4732090   3357     1717.66
4732618   3357     1679.87
4734527   3357     1087.35
4734940   3357     1087.35
4735505   3357     1484.89
4738424   3357     1490.09
4739546   3357     1968.31
4739796   3357     1245.77
4754833   3357     2007.06
4803744   3357     2511.02
4805842   3357     1166.48
4827213   3357     1678.22
4853128   3357     1384.89
4882144   3357     1115.83
5017295   3357     1087.35
5022967   3357     1487.50
5237805   3357     1643.70
5238236   3357     1484.89
5239261   3357     1725.31
5240821   3357     1484.89
5242545   3357     1672.76
5244302   3357     1693.78
5244483   3357     1087.35
5244484   3357     1614.50
5244765   3357     1484.89
5245261   3357     1825.53
5248926   3357     1706.06
5248954   3357     1568.76
5249259   3357     1166.48
5249817   3357     1788.00
5250965   3357     1490.09
5251153   3357     1899.05
5251214   3357     1710.05
5252606   3357     1245.77
5253930   3357     1484.89
5254613   3357     1931.18
5254952   3357     1484.89
5255567   3357     1166.48
5255641   3357     1848.06
5257069   3357     1562.88
5257175   3357     1490.09
5257421   3357     1332.08
5257727   3357     1166.48
5257774   3357     1643.69
5259121   3357     1484.89
5259785   3357     1484.89
5261116   3357     1551.64
5261139   3357     1852.72
5261250   3357     1484.89
5261418   3357     1531.41
5261643   3357     1853.37
5263470   3357     1663.25
5344986   3357     1566.72
5435450   3357     1667.89
5436619   3357     1245.77
5436795   3357     1144.50
5438690   3357     1630.25
5439480   3357     1166.48
5439865   3357     1332.08
5458236   3357     1087.35
5461455   3357     1490.14
5605414   3357     1896.51
5658043   3357     1855.04
5688352   3357     1675.50
5765952   3357     1166.48
5779173   3357     1166.48
5915261   3357     1490.09
5921128   3357     2240.61
5921800   3357     1087.35
5923624   3357     1245.77
5925143   3357     1245.77
5925949   3357     1025.69
5929492   3357     1166.48
5935536   3357     2338.44
5938630   3357     1939.80
5938995   3357     1166.48
6044716   3357     1166.48
6125595   3357     1569.90
6127630   3357     1721.67
6238388   3357     1425.70
6394853   3357     1326.29
6537141   3357     1484.89
6573443   3357     1929.04
6573855   3357     1332.08
6573893   3357     1087.35
6575243   3357     1087.35
6575301   3357     1166.48
6584406   3357     1484.89
6602322   3357     1087.35
6634354   3357     1166.48
6689708   3357     1166.48
6690236   3357     1166.48
6701343   3357     1681.71
6701344   3357     1961.43
6701453   3357     1166.48
673822    3357     1484.89
6841910   3357     1087.35
7211860   3357     1245.77
7240399   3357     1166.48
7300376   3357     1630.25
7301470   3357     1484.89
7305494   3357     1490.09
7305781   3357     1484.89
7308623   3357     1744.11
7309317   3357     1087.35
7309375   3357     1537.81
7310425   3357     1332.08
7310959   3357     1490.09
7311233   3357     1590.52
7311255   3357     1925.47
7312149   3357     1873.05
7313189   3357     1484.89
7314050   3357     1756.52
7314987   3357     1332.08
7315048   3357     1245.77
7315058   3357     1801.70
7315331   3357     1166.48
7316059   3357     1332.08
7316139   3357     1834.20
7316607   3357     2032.19
7316959   3357     1487.50
7317744   3357     1484.89
7318041   3357     1622.50
7319649   3357     1245.77
7321787   3357     1087.35
7322304   3357     1087.35
7322780   3357     1087.35
7322794   3357     2095.88
7324725   3357     1487.50
7325664   3357     1476.36
7325721   3357     1490.09
7325722   3357     2165.26
7325778   3357     1025.69
7328421   3357     1087.35
7330948   3357     1166.48
7331943   3357     2726.64
7332202   3357     1853.25
7332734   3357     1490.09
7333145   3357     2313.20
7333526   3357     1853.25
7335642   3357     1166.48
7337422   3357     1458.58
7337778   3357     1087.35
7338055   3357     1967.45
7340200   3357     1484.89
7340742   3357     1579.32
7340989   3357     1744.24
7342107   3357     1087.35
7342680   3357     1490.09
7343605   3357     1566.72
7344290   3357     1087.35
7344465   3357     1087.35
7347856   3357     1490.09
7348137   3357     1515.43
7348986   3357     1891.85
7349428   3357     1425.70
7349843   3357     1087.35
7350162   3357     1525.42
7350273   3357     1087.35
7351297   3357     1283.70
7352317   3357     1087.35
7353377   3357     1166.48
7354064   3357     1087.35
7354848   3357     1025.69
7355928   3357     1484.89
7359478   3357     1245.77
7360346   3357     1087.35
7360517   3357     1166.48
7363171   3357     1421.62
7363652   3357     1166.48
7365166   3357     1865.38
7365545   3357     1087.35
7367276   3357     1087.35
7368710   3357     1087.35
7369018   3357     1166.48
7371154   3357     1166.48
7372156   3357     1087.35
7372973   3357     1657.20
7373089   3357     1569.30
7373215   3357     1332.08
7374243   3357     1660.47
7374616   3357     1490.09
7377030   3357     1087.35
7377579   3357     1166.48
7379256   3357     1087.35
7380616   3357     1087.35
7381553   3357     1166.48
7382148   3357     1643.16
7382532   3357     1087.35
7384964   3357     1166.48
7387544   3357     1166.48
7388038   3357     1087.35
7388080   3357     1166.48
7388125   3357     1245.77
7388199   3357     1660.47
7389581   3357     1166.48
7391472   3357     1529.64
7392153   3357     1245.77
7393061   3357     1087.35
7393144   3357     1467.92
7395742   3357     1025.61
7396051   3357     1666.79
7398038   3357     1321.66
7400031   3357     1166.48
7401094   3357     1166.48
7401380   3357     1769.33
7401853   3357     1087.35
7403123   3357     1087.35
7403188   3357     1087.35
7403563   3357     1087.35
7406353   3357     1166.48
7408531   3357     1166.48
7409730   3357     1087.35
7410177   3357     2142.25
7412535   3357     1245.77
7412738   3357     1087.35
7415285   3357     2072.95
7415448   3357     1166.48
7416870   3357     1566.72
7417289   3357     1087.35
7417791   3357     1166.48
7418898   3357     1087.35
7418939   3357     1166.48
7419340   3357     1087.35
7419740   3357     1827.66
7419800   3357     1166.48
7419866   3357     1087.35
7420316   3357     1166.48
7420429   3357     1245.77
7423108   3357     1245.77
7423415   3357     1166.48
7423444   3357     2074.85
7425063   3357     1087.35
7425430   3357     1166.48
7425900   3357     1087.35
7426046   3357     1166.48
7427359   3357     1087.35
7427520   3357     1166.48
7429274   3357     1166.48
7432253   3357     1245.77
7434591   3357     1166.48
7435158   3357     1664.85
7436077   3357     1087.35
7436996   3357     1166.48
7437806   3357     1087.35
7437808   3357     1541.20
7438450   3357     1732.87
7439597   3357     1925.93
7439617   3357     1166.48
7439629   3357     1166.48
7440809   3357     1115.75
7442445   3357     1166.48
7444497   3357     1087.35
7444651   3357     1245.77
7444842   3357     1166.48
7444889   3357     1332.08
7445661   3357     1087.35
7446382   3357     1245.77
7446644   3357     1166.48
7447067   3357     1166.48
7447334   3357     1332.08
7447992   3357     1087.35
7449457   3357     1087.35
7455429   3357     1957.32
7455588   3357     1769.33
7461704   3357     1728.42
7465820   3357     1166.48
7465910   3357     1166.48
7466779   3357     2210.63
7466870   3357     2085.06
7502836   3357     1710.09
7548386   3357     1402.95
7548420   3357     1773.47
770342    3357     1490.09
7917981   3357     1717.08
7981510   3357     2217.15
7982728   3357     1129.36
7982865   3357     1245.77
7983170   3357     1087.35
7984159   3357     1166.48
7985605   3357     1180.29
7988969   3357     2330.79
8054279   3357     1612.18
8064487   3357     1393.22
8069571   3357     1750.02
8140450   3357     1128.14
8594315   3357     1166.48
8718789   3357     1280.45
8734286   3357     1245.77
9066082   3357     1484.89
9100619   3357     2330.79
9211039   3357     1087.35
9261804   3357     1245.77
9317884   3357     1245.77
9433060   3357     1166.48
9540404   3357     1245.77
9540845   3357     1871.38
9542018   3357     1245.77
9542237   3357     1087.35
9543174   3357     1865.38
9543530   3357     1891.19
9544179   3357     1166.48
9544345   3357     1087.35
9544429   3357     2025.05
9544827   3357     1245.77
9545198   3357     1484.89
9545952   3357     1894.43
9546474   3357     1166.48
9547148   3357     2020.67
9551389   3357     1166.48
9552709   3357     1613.97
9553039   3357     2904.22
9553047   3357     1087.35
9553149   3357     1087.35
9555077   3357     1617.06
9555609   3357     1087.35
9555641   3357     1166.48
9557148   3357     1332.08
9557803   3357     1087.35
9557875   3357     1087.35
9557894   3357     1875.84
9558628   3357     1087.35
9560453   3357     1439.88
9570736   3357     1959.63
9572755   3357     2014.90
9577605   3357     2083.35
9601343   3357     1166.48
9603154   3357     1948.62
9603683   3357     1166.48
9603870   3357     1025.69
9604166   3357     1087.35
9604592   3357     1425.70
9607091   3357     1484.89
9608547   3357     1166.48
9609337   3357     1564.24
9609338   3357     1166.48
9612117   3357     2333.51
9612692   3357     1166.48
9614364   3357     1087.35
9615563   3357     1166.48
9615964   3357     1166.48
9617493   3357     1087.35
9620242   3357     1245.77
9620248   3357     1332.08
9620376   3357     1166.48
9620599   3357     1245.77
9620701   3357     1087.35
9620720   3357     1691.44
9621777   3357     1166.48
9622347   3357     1166.48
9624370   3357     2518.15
9624596   3357     1087.35
9625361   3357     1166.48
9625933   3357     1166.48
9626082   3357     1166.48
9626215   3357     1087.35
9627150   3357     1245.77
9627523   3357     1166.48
9627724   3357     1087.35
9629963   3357     1245.77
9631462   3357     1900.97
9634554   3357     2131.31
9634674   3357     1166.48
9636806   3357     1087.35
9638320   3357     1166.48
9639201   3357     1087.35
9845319   3357     1087.35
9846320   3357     1245.77
9847068   3357     1087.35
9847350   3357     2257.77
9848693   3357     1775.69
9850403   3357     1166.48
9851111   3357     1166.48
9851993   3357     2095.68
