10107724  0357      226.30
10120357  0357      277.73
10121866  0357      494.35
10125466  0357      172.59
10126656  0357      185.15
10141786  0357      197.74
10312414  0357      172.59
10373550  0357      370.31
10639752  0357      172.59
10726693  0357      185.15
10760806  0357      172.59
10764554  0357      197.74
10770124  0357      185.15
10772668  0357      172.59
10774121  0357      197.74
10775520  0357      345.19
10776516  0357      226.30
10776915  0357      172.59
10777645  0357      277.73
10778464  0357      172.59
10779723  0357      314.69
10784623  0357      185.15
10820078  0357      197.74
10840266  0357      185.15
10841061  0357      172.59
10841823  0357      226.30
10842205  0357      185.15
10843324  0357      462.89
10844575  0357      452.61
10844947  0357      462.89
10845717  0357      172.59
10845943  0357      226.30
10846474  0357      185.15
10846532  0357      197.74
10846629  0357      185.15
10846940  0357      370.31
10846985  0357      185.15
10847648  0357      172.59
10848158  0357      363.76
10849906  0357      185.15
10849907  0357      197.74
10860593  0357      185.15
10903693  0357      172.59
10959957  0357      185.15
10960021  0357      185.15
10963442  0357      197.74
10963957  0357      197.74
10964062  0357      370.31
1108218   0357      235.70
1112379   0357      236.52
1115136   0357      310.77
11163187  0357      172.59
11177533  0357      172.59
11260715  0357      185.15
11261772  0357      226.30
11262378  0357      185.15
11263756  0357      172.59
11264465  0357      185.15
11264550  0357      172.59
11265496  0357      185.15
11265527  0357      197.74
11266390  0357      370.31
11267811  0357      345.19
11267932  0357      345.19
11268437  0357      226.30
11269196  0357      211.44
1129535   0357      236.11
11414487  0357      197.74
11425214  0357      185.15
11425449  0357      185.15
11426462  0357      172.59
11428034  0357      172.59
11428889  0357      462.89
11429539  0357      370.31
11429792  0357      172.59
11429991  0357      277.73
11430700  0357      185.15
11433167  0357      185.15
11433865  0357      370.31
11433968  0357      370.31
11434350  0357      185.15
11546168  0357      172.59
11580362  0357      197.74
11584952  0357      185.15
11586448  0357      197.74
11589730  0357      370.31
11594236  0357      226.30
11594524  0357      172.59
11596252  0357      185.15
11597667  0357      185.15
11598121  0357      172.59
11598207  0357      172.59
11598956  0357      172.59
11633896  0357      172.59
11645810  0357      185.15
11651035  0357      185.15
11651090  0357      185.15
11652405  0357      185.15
11653864  0357      185.15
11694358  0357      172.59
11694758  0357      185.15
11695394  0357      345.19
11749469  0357      185.15
11783201  0357      197.74
11783366  0357      226.30
11784637  0357      172.59
11786325  0357      226.30
11786432  0357      172.59
11787653  0357      370.31
11787807  0357      185.15
11788587  0357      395.48
11788630  0357      197.74
11790273  0357      185.15
11790818  0357      277.73
11791177  0357      185.15
11792127  0357      185.15
11792506  0357      172.59
11792846  0357      185.15
11878930  0357      185.15
11879419  0357      197.74
11879750  0357      226.30
11881224  0357      226.30
11881668  0357      431.48
11881669  0357      309.31
11882080  0357      172.59
11882720  0357      226.30
11883300  0357      370.31
11949766  0357      226.30
12011761  0357      452.61
12018571  0357      258.89
12018729  0357      172.59
12018852  0357      185.15
12019816  0357      172.59
12020535  0357      211.44
12021559  0357      197.74
12021966  0357      185.15
12022428  0357      197.74
12023306  0357      211.44
12023981  0357      277.73
12024178  0357      185.15
12024179  0357      185.15
12025294  0357      277.73
12025488  0357      172.59
12025491  0357      172.59
12026565  0357      185.15
12027093  0357      185.15
12027260  0357      327.11
12027527  0357      172.59
12027928  0357      172.59
12027973  0357      395.48
12080554  0357      185.15
12241212  0357      258.89
12242270  0357      185.15
12243077  0357      172.59
12244707  0357      172.59
12247738  0357      277.73
12248400  0357      431.48
12248745  0357      185.15
12248755  0357      197.74
12248784  0357      345.19
12248960  0357      185.15
12249178  0357      226.30
12279667  0357      185.15
12314254  0357      528.60
1232375   0357      236.11
12369466  0357      185.15
12370670  0357      211.44
1239070   0357      235.70
12434895  0357      172.59
12435304  0357      185.15
12435757  0357      258.89
12435759  0357      462.89
12527456  0357      172.59
12534356  0357      185.15
12536172  0357      185.15
12536549  0357      211.44
1257983   0357      236.11
1258658   0357      236.52
1261562   0357      235.70
1262953   0357      281.99
1263302   0357      235.70
1263303   0357      236.52
12638103  0357      172.59
1265436   0357      236.52
1266723   0357      162.81
12691465  0357      185.15
1269356   0357      472.22
12698409  0357      172.59
12698965  0357      172.59
12700553  0357      172.59
12701276  0357      185.15
12701301  0357      431.48
12702273  0357      172.59
12704473  0357      172.59
12704482  0357      395.48
12704649  0357      185.15
12704927  0357      185.15
12705860  0357      185.15
12706171  0357      185.15
12706774  0357      395.48
12707136  0357      185.15
1272390   0357      235.70
1273369   0357      236.52
1277938   0357      235.70
1278407   0357      236.52
12848719  0357      185.15
12849330  0357      211.44
12851330  0357      185.15
12852888  0357      185.15
12858616  0357      277.73
12878256  0357      185.15
12884972  0357      185.15
12934142  0357      172.59
12934525  0357      172.59
12935305  0357      185.15
12935606  0357      185.15
13032012  0357      431.48
13032033  0357      185.15
13034237  0357      185.15
13035222  0357      226.30
13084488  0357      172.59
13084886  0357      172.59
13179920  0357      172.59
13180551  0357      185.15
1318484   0357      235.70
13187744  0357      370.31
13187816  0357      277.73
13188137  0357      172.59
13188604  0357      258.89
13264411  0357      185.15
13265462  0357      172.59
13265946  0357      277.73
13266369  0357      185.15
13268000  0357      345.19
13268185  0357      345.19
13268457  0357      172.59
13268537  0357      277.73
13343258  0357      172.59
13408041  0357      172.59
13510172  0357      172.59
13510180  0357      172.59
13519440  0357      172.59
13527636  0357      197.74
13566631  0357      226.30
13643981  0357      345.19
13643982  0357      258.89
13644051  0357      185.15
13644555  0357      431.48
13644665  0357      185.15
13644680  0357      494.35
13652653  0357      172.59
13674854  0357      197.74
13678214  0357      185.15
13678857  0357      172.59
13679940  0357      185.15
13724134  0357      277.73
13774187  0357      172.59
13774684  0357      185.15
13775452  0357      172.59
13775808  0357      172.59
13777181  0357      258.89
13785046  0357      172.59
13785661  0357      185.15
13785997  0357      172.59
13786181  0357      198.28
13787208  0357      185.15
13787741  0357      172.59
13842354  0357      185.15
13843775  0357      185.15
13856268  0357      185.15
13867427  0357      277.73
13868652  0357      185.15
13880177  0357      185.15
13880981  0357      185.15
13905892  0357      172.59
13986119  0357      185.15
13990906  0357      296.61
14003086  0357      172.59
14030527  0357      172.59
14031045  0357      185.15
14031497  0357      462.89
14093727  0357      277.73
14094806  0357      197.74
14143188  0357      172.59
14159223  0357      345.19
14176671  0357      185.15
14228153  0357      185.15
14270811  0357      431.48
14293118  0357      277.73
1431183   0357      236.52
14335445  0357      172.59
14335539  0357      185.15
14372299  0357      197.74
14372545  0357      172.59
14372818  0357      610.19
14376347  0357      185.15
14398946  0357      185.15
14399267  0357      258.89
14405196  0357      185.15
14405401  0357      185.15
14513487  0357      172.59
14590375  0357      172.59
14607589  0357      258.89
14648947  0357      185.15
14649126  0357      172.59
14825867  0357      462.89
14877620  0357      185.15
14877805  0357      197.74
14877859  0357      211.44
14879597  0357      370.31
14879704  0357      431.48
14880827  0357      197.74
14880972  0357      370.31
15170350  0357      172.59
15177340  0357      197.74
15177867  0357      345.19
15229138  0357      185.15
15272372  0357      172.59
15306151  0357      431.48
15306996  0357      172.59
15351139  0357      185.15
15352095  0357      185.15
15444190  0357      185.15
15444811  0357      197.74
15448608  0357      185.15
15597541  0357      172.59
15598043  0357      172.59
15598319  0357      185.15
15598510  0357      370.31
15598933  0357      172.59
15599928  0357      258.89
15599929  0357      370.31
15668151  0357      370.31
15668851  0357      172.59
15690244  0357      172.59
15729233  0357      277.73
15729536  0357      431.48
15778630  0357      277.73
15885754  0357      172.59
15959808  0357      172.59
15961650  0357      172.59
16001576  0357      172.59
16137706  0357      172.59
16138119  0357      277.73
1631390   0357      277.27
16324090  0357      185.15
16385667  0357      172.59
16387437  0357      370.31
16594051  0357      172.59
16641426  0357      172.59
16736267  0357      185.15
16770549  0357      185.15
16788972  0357      370.31
16796439  0357      345.19
16796669  0357      172.59
17011869  0357      370.31
17012587  0357      462.89
17019549  0357      185.15
17033230  0357      172.59
17033256  0357      172.59
17104175  0357      277.73
17104709  0357      185.15
17306742  0357      172.59
1737075   0357      235.70
17379215  0357      258.89
17380736  0357      172.59
17572385  0357      370.31
17574055  0357      172.59
17626132  0357      345.19
1763812   0357      281.99
1764349   0357      235.70
1765295   0357      471.39
1769938   0357      235.70
17727473  0357      172.59
17859806  0357      172.59
17859921  0357      345.19
17872590  0357      185.15
17942640  0357      185.15
17965237  0357      277.73
18054647  0357      185.15
18058393  0357      172.59
18059918  0357      185.15
18263579  0357      185.15
18263756  0357      185.15
18421508  0357      172.59
18422439  0357      370.31
18618969  0357      172.59
18655916  0357      185.15
18656459  0357      277.73
18785684  0357      172.59
18923581  0357      172.59
18928116  0357      172.59
18950730  0357      172.59
1906129   0357      236.52
19166206  0357      431.48
19262723  0357      185.15
1926999   0357      236.11
19324610  0357      370.31
19348247  0357      185.15
19424156  0357      370.31
19431369  0357      185.15
19436769  0357      185.15
19827450  0357      185.15
19850185  0357      431.48
19886649  0357      462.89
19973112  0357      185.15
20046577  0357      345.19
20046584  0357      345.19
20187870  0357      345.19
20189202  0357      211.44
20235584  0357      345.19
2030572   0357      235.70
2033664   0357      251.04
20348834  0357      258.89
20351464  0357      370.31
2101693   0357      277.47
21140944  0357      258.89
2130876   0357      235.70
21505687  0357      431.48
2157417   0357      627.59
2186056   0357      235.70
2189077   0357      235.70
2196831   0357      235.70
2198274   0357      237.01
2198799   0357      235.70
22326349  0357      172.59
2272067   0357      235.70
23156662  0357      236.52
2376223   0357      255.81
2380275   0357      236.11
2384661   0357      236.52
2529886   0357      236.52
2532585   0357      235.70
2533320   0357      235.70
2534786   0357      173.00
2535843   0357      236.11
2536373   0357      236.11
2536795   0357      236.52
2539607   0357      236.11
2539943   0357      235.70
2541142   0357      236.52
2541439   0357      322.57
2541709   0357      236.52
2543654   0357      236.52
2543813   0357      236.52
2543932   0357      235.70
2592064   0357      236.11
2592966   0357      256.91
2593377   0357      236.52
2593686   0357      235.70
2596405   0357      279.47
2597854   0357      236.52
2598033   0357      236.52
2598733   0357      236.11
2598872   0357      235.70
2601437   0357      236.52
2603046   0357      236.52
2605164   0357      236.52
2605823   0357      162.80
2607322   0357      254.73
2608233   0357      248.50
2608304   0357      235.70
2608554   0357      236.52
2684589   0357      236.52
2741170   0357      250.48
2854705   0357      235.70
2870837   0357      235.70
2910376   0357      235.70
2910432   0357      235.70
2911765   0357      235.70
2912407   0357      235.70
2912692   0357      251.04
2913757   0357      235.70
2913809   0357      235.70
2915293   0357      235.70
2915714   0357      236.52
2915780   0357      235.70
2916362   0357      236.52
2916467   0357      235.70
2916786   0357      235.70
2918280   0357      591.30
2992913   0357      235.70
3035349   0357      236.52
3080057   0357      376.55
3080311   0357      236.52
3080984   0357      344.68
3081351   0357      236.52
3082505   0357      283.76
3083006   0357      236.52
3083065   0357      235.70
3083457   0357      235.70
3083843   0357      235.70
3084868   0357      236.52
3084978   0357      235.70
3085009   0357      235.70
3085276   0357      236.17
3090485   0357      251.76
3156003   0357      268.85
3234299   0357      236.17
3245420   0357      236.52
3314884   0357      176.40
3315121   0357      235.70
3315781   0357      235.70
3317339   0357      251.09
3318589   0357      273.08
3318694   0357      284.86
3318719   0357      236.52
3320986   0357      236.52
3322128   0357      250.69
3322284   0357      235.70
3322381   0357      236.11
3324084   0357      328.77
3324110   0357      354.57
3329806   0357      236.52
3353242   0357      268.85
3528540   0357      257.00
3533360   0357      301.94
3535445   0357      235.70
3535838   0357      235.70
3538837   0357      256.61
3539352   0357      236.52
3541739   0357      236.52
3541975   0357      162.81
3542004   0357      197.74
3542015   0357      187.89
3554092   0357      236.11
3593839   0357      235.70
3598528   0357      236.52
3710064   0357      304.67
3759377   0357      235.70
3784066   0357      235.70
3784441   0357      262.59
3785251   0357      236.52
3792247   0357      236.52
3830110   0357      235.70
3855157   0357      162.80
3855577   0357      236.52
3856978   0357      235.70
3857004   0357      235.70
3857220   0357      236.53
3857667   0357      235.70
3857878   0357      236.11
3858323   0357      473.04
3858856   0357      197.74
3859230   0357      371.90
3864991   0357      274.74
3875055   0357      291.08
3877925   0357      725.03
3878006   0357      295.46
3963688   0357      280.18
3964093   0357      323.98
3964337   0357      235.70
3965704   0357      235.70
3969513   0357      237.39
4001934   0357      310.52
4064149   0357      253.97
4065177   0357      235.70
4065584   0357      185.15
4065648   0357      306.12
4066245   0357      235.70
4067118   0357      274.83
4067735   0357      272.53
4067795   0357      236.52
4068788   0357      235.70
4071074   0357      336.41
4071241   0357      278.47
4107436   0357      172.59
4191539   0357      235.70
4193094   0357      590.28
4194671   0357      254.64
4195654   0357      235.70
4199927   0357      162.81
4200911   0357      235.70
4238916   0357      235.70
430240    0357      235.70
4317775   0357      362.76
4373204   0357      373.13
4373479   0357      235.70
4375498   0357      251.04
4375998   0357      241.53
4376813   0357      258.71
4377201   0357      236.11
4378140   0357      235.70
4378236   0357      235.70
4378283   0357      235.70
4378759   0357      343.97
4379154   0357      235.70
4381341   0357      235.70
4381614   0357      269.03
4382400   0357      354.78
4383023   0357      314.42
4383200   0357      235.70
4385047   0357      236.52
4386936   0357      211.44
4387777   0357      630.17
4409485   0357      348.31
4409788   0357      235.70
4409789   0357      511.78
4414417   0357      267.71
4414541   0357      250.23
4414909   0357      236.52
4415675   0357      235.70
443869    0357      236.52
4609506   0357      253.57
4610129   0357      235.70
4720170   0357      258.89
4720923   0357      185.15
4721016   0357      172.59
4721639   0357      235.70
4722680   0357      235.70
4722814   0357      189.76
4723168   0357      235.70
4723403   0357      235.70
4724433   0357      236.52
4725919   0357      395.48
4727740   0357      172.59
4728331   0357      235.70
4729448   0357      168.15
4730168   0357      363.00
4730490   0357      235.70
4730823   0357      355.41
4731322   0357      351.19
4731494   0357      256.27
4732090   0357      272.65
4732618   0357      266.65
4734527   0357      172.59
4734940   0357      172.59
4735505   0357      235.70
4738424   0357      236.52
4739546   0357      312.43
4739796   0357      197.74
4754833   0357      318.58
4803744   0357      398.58
4805842   0357      185.15
4827213   0357      266.38
4853128   0357      219.82
4882144   0357      177.12
5017295   0357      172.59
5022967   0357      236.11
5237805   0357      185.15
5238236   0357      235.70
5239261   0357      273.86
5240821   0357      235.70
5242545   0357      265.52
5244302   0357      268.85
5244483   0357      172.59
5244484   0357      256.27
5244765   0357      235.70
5245261   0357      197.74
5248926   0357      270.80
5248954   0357      249.01
5249259   0357      185.15
5249817   0357      197.74
5250965   0357      236.52
5251153   0357      301.44
5251214   0357      271.44
5252606   0357      395.48
5253930   0357      235.70
5254613   0357      306.54
5254952   0357      235.70
5255567   0357      185.15
5255641   0357      293.34
5257069   0357      248.08
5257175   0357      236.52
5257421   0357      211.44
5257727   0357      462.89
5257774   0357      185.15
5259121   0357      235.70
5259785   0357      235.70
5261116   0357      172.59
5261139   0357      294.08
5261250   0357      235.70
5261418   0357      243.08
5261643   0357      294.19
5263470   0357      264.01
5344986   0357      172.59
5435450   0357      264.74
5436619   0357      197.74
5436795   0357      181.67
5438690   0357      258.77
5439480   0357      185.15
5439865   0357      528.60
5458236   0357      172.59
5461455   0357      236.53
5605414   0357      602.07
5658043   0357      294.45
5688352   0357      265.95
5765952   0357      185.15
5779173   0357      185.15
5915261   0357      236.52
5921128   0357      355.65
5921800   0357      172.59
5923624   0357      197.74
5925143   0357      197.74
5925949   0357      162.81
5929492   0357      185.15
5935536   0357      927.95
5938630   0357      307.90
5938995   0357      185.15
6044716   0357      277.73
6125595   0357      622.98
6127630   0357      273.28
6238388   0357      226.30
6394853   0357      210.52
6537141   0357      235.70
6573443   0357      306.20
6573855   0357      211.44
6573893   0357      172.59
6575243   0357      172.59
6575301   0357      185.15
6584406   0357      589.24
6602322   0357      172.59
6634354   0357      185.15
6689708   0357      185.15
6690236   0357      185.15
6701343   0357      185.15
6701344   0357      311.34
6701453   0357      185.15
673822    0357      235.70
6841910   0357      172.59
7211860   0357      197.74
7240399   0357      185.15
7300376   0357      258.77
7301470   0357      235.70
7305494   0357      236.52
7305781   0357      235.70
7308623   0357      276.84
7309317   0357      172.59
7309375   0357      172.59
7310425   0357      211.44
7310959   0357      236.52
7311233   0357      252.46
7311255   0357      305.63
7312149   0357      297.31
7313189   0357      235.70
7314050   0357      278.81
7314987   0357      211.44
7315048   0357      197.74
7315058   0357      714.96
7315331   0357      185.15
7316059   0357      211.44
7316139   0357      197.74
7316607   0357      322.57
7316959   0357      472.22
7317744   0357      471.39
7318041   0357      257.54
7319649   0357      395.48
7321787   0357      172.59
7322304   0357      172.59
7322780   0357      172.59
7322794   0357      332.68
7324725   0357      236.11
7325664   0357      234.34
7325721   0357      236.52
7325722   0357      343.69
7325778   0357      162.81
7328421   0357      172.59
7330948   0357      185.15
7331943   0357      432.80
7332202   0357      294.17
7332734   0357      354.78
7333145   0357      367.17
7333526   0357      588.33
7335642   0357      185.15
7337422   0357      231.52
7337778   0357      172.59
7338055   0357      211.44
7340200   0357      235.70
7340742   0357      250.69
7340989   0357      276.86
7342107   0357      172.59
7342680   0357      236.52
7343605   0357      172.59
7344290   0357      172.59
7344465   0357      345.19
7347856   0357      236.52
7348137   0357      172.59
7348986   0357      300.29
7349428   0357      565.76
7349843   0357      172.59
7350162   0357      242.13
7350273   0357      172.59
7351297   0357      203.76
7352317   0357      172.59
7353377   0357      185.15
7354064   0357      172.59
7354848   0357      162.81
7355928   0357      235.70
7359478   0357      197.74
7360346   0357      172.59
7360517   0357      185.15
7363171   0357      225.65
7363652   0357      185.15
7365166   0357      296.09
7365545   0357      172.59
7367276   0357      172.59
7368710   0357      345.19
7369018   0357      185.15
7371154   0357      185.15
7372156   0357      172.59
7372973   0357      263.05
7373089   0357      172.59
7373215   0357      211.44
7374243   0357      263.57
7374616   0357      236.52
7377030   0357      172.59
7377579   0357      185.15
7379256   0357      345.19
7380616   0357      172.59
7381553   0357      185.15
7382148   0357      260.82
7382532   0357      172.59
7384964   0357      185.15
7387544   0357      370.31
7388038   0357      172.59
7388080   0357      185.15
7388125   0357      197.74
7388199   0357      395.35
7389581   0357      185.15
7391472   0357      172.59
7392153   0357      494.35
7393061   0357      172.59
7393144   0357      345.19
7395742   0357      162.80
7396051   0357      277.73
7398038   0357      209.79
7400031   0357      185.15
7401094   0357      185.15
7401380   0357      280.85
7401853   0357      172.59
7403123   0357      172.59
7403188   0357      172.59
7403563   0357      172.59
7406353   0357      185.15
7408531   0357      185.15
7409730   0357      172.59
7410177   0357      226.30
7412535   0357      197.74
7412738   0357      172.59
7415285   0357      226.30
7415448   0357      185.15
7416870   0357      248.69
7417289   0357      345.19
7417791   0357      370.31
7418898   0357      172.59
7418939   0357      185.15
7419340   0357      172.59
7419740   0357      290.11
7419800   0357      185.15
7419866   0357      431.48
7420316   0357      185.15
7420429   0357      197.74
7423108   0357      197.74
7423415   0357      185.15
7423444   0357      329.34
7425063   0357      172.59
7425430   0357      185.15
7425900   0357      172.59
7426046   0357      185.15
7427359   0357      172.59
7427520   0357      185.15
7429274   0357      185.15
7432253   0357      197.74
7434591   0357      462.89
7435158   0357      660.65
7436077   0357      345.19
7436996   0357      185.15
7437806   0357      172.59
7437808   0357      172.59
7438450   0357      185.15
7439597   0357      422.88
7439617   0357      185.15
7439629   0357      185.15
7440809   0357      177.10
7442445   0357      185.15
7444497   0357      258.89
7444651   0357      197.74
7444842   0357      185.15
7444889   0357      422.88
7445661   0357      172.59
7446382   0357      197.74
7446644   0357      185.15
7447067   0357      462.89
7447334   0357      211.44
7447992   0357      172.59
7449457   0357      172.59
7455429   0357      310.69
7455588   0357      280.85
7461704   0357      185.15
7465820   0357      462.89
7465910   0357      185.15
7466779   0357      350.89
7466870   0357      330.96
7502836   0357      271.44
7548386   0357      222.69
7548420   0357      281.50
770342    0357      236.52
7917981   0357      185.15
7981510   0357      351.93
7982728   0357      172.59
7982865   0357      197.74
7983170   0357      172.59
7984159   0357      185.15
7985605   0357      187.35
7988969   0357      369.97
8054279   0357      255.90
8064487   0357      442.29
8069571   0357      277.78
8140450   0357      179.07
8594315   0357      185.15
8718789   0357      370.31
8734286   0357      197.74
9066082   0357      235.70
9100619   0357      369.97
9211039   0357      172.59
9261804   0357      197.74
9317884   0357      395.48
9433060   0357      185.15
9540404   0357      197.74
9540845   0357      317.16
9542018   0357      494.35
9542237   0357      172.59
9543174   0357      296.09
9543530   0357      300.19
9544179   0357      185.15
9544345   0357      172.59
9544429   0357      321.44
9544827   0357      197.74
9545198   0357      235.70
9545952   0357      300.70
9546474   0357      185.15
9547148   0357      320.74
9551389   0357      185.15
9552709   0357      256.19
9553039   0357      460.99
9553047   0357      172.59
9553149   0357      172.59
9555077   0357      256.68
9555609   0357      172.59
9555641   0357      185.15
9557148   0357      422.88
9557803   0357      172.59
9557875   0357      172.59
9557894   0357      297.75
9558628   0357      172.59
9560453   0357      172.59
9570736   0357      311.05
9572755   0357      185.15
9577605   0357      330.69
9601343   0357      462.89
9603154   0357      309.31
9603683   0357      185.15
9603870   0357      162.81
9604166   0357      172.59
9604592   0357      339.45
9607091   0357      235.70
9608547   0357      185.15
9609337   0357      172.59
9609338   0357      370.31
9612117   0357      370.40
9612530   0357      867.82
9612692   0357      185.15
9614364   0357      345.19
9615563   0357      185.15
9615964   0357      185.15
9617493   0357      345.19
9620242   0357      395.48
9620248   0357      422.88
9620376   0357      185.15
9620599   0357      197.74
9620701   0357      172.59
9620720   0357      172.59
9621777   0357      185.15
9622347   0357      185.15
9624370   0357      226.30
9624596   0357      172.59
9625361   0357      185.15
9625933   0357      370.31
9626082   0357      185.15
9626215   0357      172.59
9627150   0357      494.35
9627523   0357      370.31
9627724   0357      172.59
9629963   0357      197.74
9631462   0357      197.74
9634554   0357      338.30
9634674   0357      185.15
9636806   0357      172.59
9638320   0357      185.15
9639201   0357      172.59
9845319   0357      172.59
9846320   0357      197.74
9847068   0357      172.59
9847350   0357      358.38
9848693   0357      281.86
9850403   0357      185.15
9851111   0357      185.15
9851993   0357      332.65
10107724  3357      226.30
10120357  3357      185.15
10121866  3357      197.74
10125466  3357      172.59
10126656  3357      185.15
10141786  3357      197.74
10312414  3357      172.59
10373550  3357      185.15
10639752  3357      172.59
10726693  3357      185.15
10760806  3357      172.59
10764554  3357      197.74
10770124  3357      185.15
10772668  3357      172.59
10774121  3357      197.74
10775520  3357      172.59
10776516  3357      226.30
10776915  3357      172.59
10777645  3357      185.15
10778464  3357      172.59
10779723  3357      314.69
10784623  3357      185.15
10820078  3357      197.74
10840266  3357      185.15
10841061  3357      172.59
10841823  3357      226.30
10842205  3357      185.15
10843324  3357      185.15
10844575  3357      226.30
10844947  3357      185.15
10845717  3357      172.59
10845943  3357      226.30
10846474  3357      185.15
10846532  3357      197.74
10846629  3357      185.15
10846940  3357      185.15
10846985  3357      185.15
10847648  3357      172.59
10848158  3357      363.76
10849906  3357      185.15
10849907  3357      197.74
10860593  3357      185.15
10903693  3357      172.59
10959957  3357      185.15
10960021  3357      185.15
10963442  3357      197.74
10963957  3357      197.74
10964062  3357      185.15
1108218   3357      235.70
1112379   3357      236.52
1115136   3357      310.77
11163187  3357      172.59
11177533  3357      172.59
11260715  3357      185.15
11261772  3357      226.30
11262378  3357      185.15
11263756  3357      172.59
11264465  3357      185.15
11264550  3357      172.59
11265496  3357      185.15
11265527  3357      197.74
11266390  3357      185.15
11267811  3357      172.59
11267932  3357      172.59
11268437  3357      226.30
11269196  3357      211.44
1129535   3357      236.11
11414487  3357      197.74
11425214  3357      185.15
11425449  3357      185.15
11426462  3357      172.59
11428034  3357      172.59
11428889  3357      185.15
11429539  3357      185.15
11429792  3357      172.59
11429991  3357      185.15
11430700  3357      185.15
11433167  3357      185.15
11433865  3357      185.15
11433968  3357      185.15
11434350  3357      185.15
11546168  3357      172.59
11580362  3357      197.74
11584952  3357      185.15
11586448  3357      197.74
11589730  3357      185.15
11594236  3357      226.30
11594524  3357      172.59
11596252  3357      185.15
11597667  3357      185.15
11598121  3357      172.59
11598207  3357      172.59
11598956  3357      172.59
11633896  3357      172.59
11645810  3357      185.15
11651035  3357      185.15
11651090  3357      185.15
11652405  3357      185.15
11653864  3357      185.15
11694358  3357      172.59
11694758  3357      185.15
11695394  3357      172.59
11749469  3357      185.15
11783201  3357      197.74
11783366  3357      226.30
11784637  3357      172.59
11786325  3357      226.30
11786432  3357      172.59
11787653  3357      185.15
11787807  3357      185.15
11788587  3357      197.74
11788630  3357      197.74
11790273  3357      185.15
11790818  3357      185.15
11791177  3357      185.15
11792127  3357      185.15
11792506  3357      172.59
11792846  3357      185.15
11878930  3357      185.15
11879419  3357      197.74
11879750  3357      226.30
11881224  3357      226.30
11881668  3357      172.59
11881669  3357      309.31
11882080  3357      172.59
11882720  3357      226.30
11883300  3357      185.15
11949766  3357      226.30
12011761  3357      226.30
12018571  3357      172.59
12018729  3357      172.59
12018852  3357      185.15
12019816  3357      172.59
12020535  3357      211.44
12021559  3357      197.74
12021966  3357      185.15
12022428  3357      197.74
12023306  3357      211.44
12023981  3357      185.15
12024178  3357      185.15
12024179  3357      185.15
12025294  3357      185.15
12025488  3357      172.59
12025491  3357      172.59
12026565  3357      185.15
12027093  3357      185.15
12027260  3357      327.11
12027527  3357      172.59
12027928  3357      172.59
12027973  3357      197.74
12080554  3357      185.15
12241212  3357      172.59
12242270  3357      185.15
12243077  3357      172.59
12244707  3357      172.59
12247738  3357      185.15
12248400  3357      172.59
12248745  3357      185.15
12248755  3357      197.74
12248784  3357      172.59
12248960  3357      185.15
12249178  3357      226.30
12279667  3357      185.15
12314254  3357      211.44
1232375   3357      236.11
12369466  3357      185.15
12370670  3357      211.44
1239070   3357      235.70
12434895  3357      172.59
12435304  3357      185.15
12435757  3357      172.59
12435759  3357      185.15
12527456  3357      172.59
12534356  3357      185.15
12536172  3357      185.15
12536549  3357      211.44
1257983   3357      236.11
1258658   3357      236.52
1261562   3357      235.70
1262953   3357      281.99
1263302   3357      235.70
1263303   3357      236.52
12638103  3357      172.59
1265436   3357      236.52
1266723   3357      162.81
12691465  3357      185.15
1269356   3357      236.11
12698409  3357      172.59
12698965  3357      172.59
12700553  3357      172.59
12701276  3357      185.15
12701301  3357      172.59
12702273  3357      172.59
12704473  3357      172.59
12704482  3357      197.74
12704649  3357      185.15
12704927  3357      185.15
12705860  3357      185.15
12706171  3357      185.15
12706774  3357      197.74
12707136  3357      185.15
1272390   3357      235.70
1273369   3357      236.52
1277938   3357      235.70
1278407   3357      236.52
12848719  3357      185.15
12849330  3357      211.44
12851330  3357      185.15
12852888  3357      185.15
12858616  3357      185.15
12878256  3357      185.15
12884972  3357      185.15
12934142  3357      172.59
12934525  3357      172.59
12935305  3357      185.15
12935606  3357      185.15
13032012  3357      172.59
13032033  3357      185.15
13034237  3357      185.15
13035222  3357      226.30
13084488  3357      172.59
13084886  3357      172.59
13179920  3357      172.59
13180551  3357      185.15
1318484   3357      235.70
13187744  3357      185.15
13187816  3357      185.15
13188137  3357      172.59
13188604  3357      172.59
13264411  3357      185.15
13265462  3357      172.59
13265946  3357      185.15
13266369  3357      185.15
13268000  3357      172.59
13268185  3357      172.59
13268457  3357      172.59
13268537  3357      185.15
13343258  3357      172.59
13408041  3357      172.59
13510172  3357      172.59
13510180  3357      172.59
13519440  3357      172.59
13527636  3357      197.74
13566631  3357      226.30
13643981  3357      172.59
13643982  3357      172.59
13644051  3357      185.15
13644555  3357      172.59
13644665  3357      185.15
13644680  3357      197.74
13652653  3357      172.59
13674854  3357      197.74
13678214  3357      185.15
13678857  3357      172.59
13679940  3357      185.15
13724134  3357      185.15
13774187  3357      172.59
13774684  3357      185.15
13775452  3357      172.59
13775808  3357      172.59
13777181  3357      172.59
13785046  3357      172.59
13785661  3357      185.15
13785997  3357      172.59
13786181  3357      198.28
13787208  3357      185.15
13787741  3357      172.59
13842354  3357      185.15
13843775  3357      185.15
13856268  3357      185.15
13867427  3357      185.15
13868652  3357      185.15
13880177  3357      185.15
13880981  3357      185.15
13905892  3357      172.59
13986119  3357      185.15
13990906  3357      197.74
14003086  3357      172.59
14030527  3357      172.59
14031045  3357      185.15
14031497  3357      185.15
14093727  3357      185.15
14094806  3357      197.74
14143188  3357      172.59
14159223  3357      172.59
14176671  3357      185.15
14228153  3357      185.15
14270811  3357      172.59
14293118  3357      185.15
1431183   3357      236.52
14335445  3357      172.59
14335539  3357      185.15
14372299  3357      197.74
14372545  3357      172.59
14372818  3357      244.08
14376347  3357      185.15
14398946  3357      185.15
14399267  3357      172.59
14405196  3357      185.15
14405401  3357      185.15
14513487  3357      172.59
14590375  3357      172.59
14607589  3357      172.59
14648947  3357      185.15
14649126  3357      172.59
14825867  3357      185.15
14877620  3357      185.15
14877805  3357      197.74
14877859  3357      211.44
14879597  3357      185.15
14879704  3357      172.59
14880827  3357      197.74
14880972  3357      185.15
15170350  3357      172.59
15177340  3357      197.74
15177867  3357      172.59
15229138  3357      185.15
15272372  3357      172.59
15306151  3357      172.59
15306996  3357      172.59
15351139  3357      185.15
15352095  3357      185.15
15444190  3357      185.15
15444811  3357      197.74
15448608  3357      185.15
15597541  3357      172.59
15598043  3357      172.59
15598319  3357      185.15
15598510  3357      185.15
15598933  3357      172.59
15599928  3357      172.59
15599929  3357      185.15
15668151  3357      185.15
15668851  3357      172.59
15690244  3357      172.59
15729233  3357      185.15
15729536  3357      172.59
15778630  3357      185.15
15885754  3357      172.59
15959808  3357      172.59
15961650  3357      172.59
16001576  3357      172.59
16137706  3357      172.59
16138119  3357      185.15
1631390   3357      277.27
16324090  3357      185.15
16385667  3357      172.59
16387437  3357      185.15
16594051  3357      172.59
16641426  3357      172.59
16736267  3357      185.15
16770549  3357      185.15
16788972  3357      185.15
16796439  3357      172.59
16796669  3357      172.59
17011869  3357      185.15
17012587  3357      185.15
17019549  3357      185.15
17033230  3357      172.59
17033256  3357      172.59
17104175  3357      185.15
17104709  3357      185.15
17306742  3357      172.59
1737075   3357      235.70
17379215  3357      172.59
17380736  3357      172.59
17572385  3357      185.15
17574055  3357      172.59
17626132  3357      172.59
1763812   3357      281.99
1764349   3357      235.70
1765295   3357      235.70
1769938   3357      235.70
17727473  3357      172.59
17859806  3357      172.59
17859921  3357      172.59
17872590  3357      185.15
17942640  3357      185.15
17965237  3357      185.15
18054647  3357      185.15
18058393  3357      172.59
18059918  3357      185.15
18263579  3357      185.15
18263756  3357      185.15
18421508  3357      172.59
18422439  3357      185.15
18618969  3357      172.59
18655916  3357      185.15
18656459  3357      185.15
18785684  3357      172.59
18923581  3357      172.59
18928116  3357      172.59
18950730  3357      172.59
1906129   3357      236.52
19166206  3357      172.59
19262723  3357      185.15
1926999   3357      236.11
19324610  3357      185.15
19348247  3357      185.15
19424156  3357      185.15
19431369  3357      185.15
19436769  3357      185.15
19827450  3357      185.15
19850185  3357      172.59
19886649  3357      185.15
19973112  3357      185.15
20046577  3357      172.59
20046584  3357      172.59
20187870  3357      172.59
20189202  3357      211.44
20235584  3357      172.59
2030572   3357      235.70
2033664   3357      251.04
20348834  3357      172.59
20351464  3357      185.15
2101693   3357      277.47
21140944  3357      172.59
2130876   3357      235.70
21505687  3357      172.59
2157417   3357      251.04
2186056   3357      235.70
2189077   3357      235.70
2196831   3357      235.70
2198274   3357      237.01
2198799   3357      235.70
22326349  3357      172.59
2272067   3357      235.70
23156662  3357      236.52
2376223   3357      255.81
2380275   3357      236.11
2384661   3357      236.52
2529886   3357      236.52
2532585   3357      235.70
2533320   3357      235.70
2534786   3357      173.00
2535843   3357      236.11
2536373   3357      236.11
2536795   3357      236.52
2539607   3357      236.11
2539943   3357      235.70
2541142   3357      236.52
2541439   3357      322.57
2541709   3357      236.52
2543654   3357      236.52
2543813   3357      236.52
2543932   3357      235.70
2592064   3357      236.11
2592966   3357      256.91
2593377   3357      236.52
2593686   3357      235.70
2596405   3357      279.47
2597854   3357      236.52
2598033   3357      236.52
2598733   3357      236.11
2598872   3357      235.70
2601437   3357      236.52
2603046   3357      236.52
2605164   3357      236.52
2605823   3357      162.80
2607322   3357      254.73
2608233   3357      248.50
2608304   3357      235.70
2608554   3357      236.52
2684589   3357      236.52
2741170   3357      250.48
2854705   3357      235.70
2870837   3357      235.70
2910376   3357      235.70
2910432   3357      235.70
2911765   3357      235.70
2912407   3357      235.70
2912692   3357      251.04
2913757   3357      235.70
2913809   3357      235.70
2915293   3357      235.70
2915714   3357      236.52
2915780   3357      235.70
2916362   3357      236.52
2916467   3357      235.70
2916786   3357      235.70
2918280   3357      236.52
2992913   3357      235.70
3035349   3357      236.52
3080057   3357      251.04
3080311   3357      236.52
3080984   3357      344.68
3081351   3357      236.52
3082505   3357      283.76
3083006   3357      236.52
3083065   3357      235.70
3083457   3357      235.70
3083843   3357      235.70
3084868   3357      236.52
3084978   3357      235.70
3085009   3357      235.70
3085276   3357      236.17
3090485   3357      251.76
3156003   3357      268.85
3234299   3357      236.17
3245420   3357      236.52
3314884   3357      176.40
3315121   3357      235.70
3315781   3357      235.70
3317339   3357      251.09
3318589   3357      273.08
3318694   3357      284.86
3318719   3357      236.52
3320986   3357      236.52
3322128   3357      250.69
3322284   3357      235.70
3322381   3357      236.11
3324084   3357      328.77
3324110   3357      354.57
3329806   3357      236.52
3353242   3357      268.85
3528540   3357      257.00
3533360   3357      301.94
3535445   3357      235.70
3535838   3357      235.70
3538837   3357      256.61
3539352   3357      236.52
3541739   3357      236.52
3541975   3357      162.81
3542004   3357      197.74
3542015   3357      187.89
3554092   3357      236.11
3593839   3357      235.70
3598528   3357      236.52
3710064   3357      304.67
3759377   3357      235.70
3784066   3357      235.70
3784441   3357      262.59
3785251   3357      236.52
3792247   3357      236.52
3830110   3357      235.70
3855157   3357      162.80
3855577   3357      236.52
3856978   3357      235.70
3857004   3357      235.70
3857220   3357      236.53
3857667   3357      235.70
3857878   3357      236.11
3858323   3357      236.52
3858856   3357      197.74
3859230   3357      247.94
3864991   3357      274.74
3875055   3357      291.08
3877925   3357      362.52
3878006   3357      295.46
3963688   3357      280.18
3964093   3357      323.98
3964337   3357      235.70
3965704   3357      235.70
3969513   3357      237.39
4001934   3357      310.52
4064149   3357      253.97
4065177   3357      235.70
4065584   3357      185.15
4065648   3357      306.12
4066245   3357      235.70
4067118   3357      274.83
4067735   3357      272.53
4067795   3357      236.52
4068788   3357      235.70
4071074   3357      336.41
4071241   3357      278.47
4107436   3357      172.59
4191539   3357      235.70
4193094   3357      236.11
4194671   3357      254.64
4195654   3357      235.70
4199927   3357      162.81
4200911   3357      235.70
4238916   3357      235.70
430240    3357      235.70
4317775   3357      362.76
4373204   3357      373.13
4373479   3357      235.70
4375498   3357      251.04
4375998   3357      241.53
4376813   3357      258.71
4377201   3357      236.11
4378140   3357      235.70
4378236   3357      235.70
4378283   3357      235.70
4378759   3357      343.97
4379154   3357      235.70
4381341   3357      235.70
4381614   3357      269.03
4382400   3357      236.52
4383023   3357      314.42
4383200   3357      235.70
4385047   3357      236.52
4386936   3357      211.44
4387777   3357      252.07
4409485   3357      348.31
4409788   3357      235.70
4409789   3357      255.89
4414417   3357      267.71
4414541   3357      250.23
4414909   3357      236.52
4415675   3357      235.70
443869    3357      236.52
4609506   3357      253.57
4610129   3357      235.70
4720170   3357      172.59
4720923   3357      185.15
4721016   3357      172.59
4721639   3357      235.70
4722680   3357      235.70
4722814   3357      189.76
4723168   3357      235.70
4723403   3357      235.70
4724433   3357      236.52
4725919   3357      197.74
4727740   3357      172.59
4728331   3357      235.70
4729448   3357      168.15
4730168   3357      363.00
4730490   3357      235.70
4730823   3357      355.41
4731322   3357      351.19
4731494   3357      256.27
4732090   3357      272.65
4732618   3357      266.65
4734527   3357      172.59
4734940   3357      172.59
4735505   3357      235.70
4738424   3357      236.52
4739546   3357      312.43
4739796   3357      197.74
4754833   3357      318.58
4803744   3357      398.58
4805842   3357      185.15
4827213   3357      266.38
4853128   3357      219.82
4882144   3357      177.12
5017295   3357      172.59
5022967   3357      236.11
5237805   3357      185.15
5238236   3357      235.70
5239261   3357      273.86
5240821   3357      235.70
5242545   3357      265.52
5244302   3357      268.85
5244483   3357      172.59
5244484   3357      256.27
5244765   3357      235.70
5245261   3357      197.74
5248926   3357      270.80
5248954   3357      249.01
5249259   3357      185.15
5249817   3357      197.74
5250965   3357      236.52
5251153   3357      301.44
5251214   3357      271.44
5252606   3357      197.74
5253930   3357      235.70
5254613   3357      306.54
5254952   3357      235.70
5255567   3357      185.15
5255641   3357      293.34
5257069   3357      248.08
5257175   3357      236.52
5257421   3357      211.44
5257727   3357      185.15
5257774   3357      185.15
5259121   3357      235.70
5259785   3357      235.70
5261116   3357      172.59
5261139   3357      294.08
5261250   3357      235.70
5261418   3357      243.08
5261643   3357      294.19
5263470   3357      264.01
5344986   3357      172.59
5435450   3357      264.74
5436619   3357      197.74
5436795   3357      181.67
5438690   3357      258.77
5439480   3357      185.15
5439865   3357      211.44
5458236   3357      172.59
5461455   3357      236.53
5605414   3357      301.03
5658043   3357      294.45
5688352   3357      265.95
5765952   3357      185.15
5779173   3357      185.15
5915261   3357      236.52
5921128   3357      355.65
5921800   3357      172.59
5923624   3357      197.74
5925143   3357      197.74
5925949   3357      162.81
5929492   3357      185.15
5935536   3357      371.18
5938630   3357      307.90
5938995   3357      185.15
6044716   3357      185.15
6125595   3357      249.19
6127630   3357      273.28
6238388   3357      226.30
6394853   3357      210.52
6537141   3357      235.70
6573443   3357      306.20
6573855   3357      211.44
6573893   3357      172.59
6575243   3357      172.59
6575301   3357      185.15
6584406   3357      235.70
6602322   3357      172.59
6634354   3357      185.15
6689708   3357      185.15
6690236   3357      185.15
6701343   3357      185.15
6701344   3357      311.34
6701453   3357      185.15
673822    3357      235.70
6841910   3357      172.59
7211860   3357      197.74
7240399   3357      185.15
7300376   3357      258.77
7301470   3357      235.70
7305494   3357      236.52
7305781   3357      235.70
7308623   3357      276.84
7309317   3357      172.59
7309375   3357      172.59
7310425   3357      211.44
7310959   3357      236.52
7311233   3357      252.46
7311255   3357      305.63
7312149   3357      297.31
7313189   3357      235.70
7314050   3357      278.81
7314987   3357      211.44
7315048   3357      197.74
7315058   3357      285.98
7315331   3357      185.15
7316059   3357      211.44
7316139   3357      197.74
7316607   3357      322.57
7316959   3357      236.11
7317744   3357      235.70
7318041   3357      257.54
7319649   3357      197.74
7321787   3357      172.59
7322304   3357      172.59
7322780   3357      172.59
7322794   3357      332.68
7324725   3357      236.11
7325664   3357      234.34
7325721   3357      236.52
7325722   3357      343.69
7325778   3357      162.81
7328421   3357      172.59
7330948   3357      185.15
7331943   3357      432.80
7332202   3357      294.17
7332734   3357      236.52
7333145   3357      367.17
7333526   3357      294.17
7335642   3357      185.15
7337422   3357      231.52
7337778   3357      172.59
7338055   3357      211.44
7340200   3357      235.70
7340742   3357      250.69
7340989   3357      276.86
7342107   3357      172.59
7342680   3357      236.52
7343605   3357      172.59
7344290   3357      172.59
7344465   3357      172.59
7347856   3357      236.52
7348137   3357      172.59
7348986   3357      300.29
7349428   3357      226.30
7349843   3357      172.59
7350162   3357      242.13
7350273   3357      172.59
7351297   3357      203.76
7352317   3357      172.59
7353377   3357      185.15
7354064   3357      172.59
7354848   3357      162.81
7355928   3357      235.70
7359478   3357      197.74
7360346   3357      172.59
7360517   3357      185.15
7363171   3357      225.65
7363652   3357      185.15
7365166   3357      296.09
7365545   3357      172.59
7367276   3357      172.59
7368710   3357      172.59
7369018   3357      185.15
7371154   3357      185.15
7372156   3357      172.59
7372973   3357      263.05
7373089   3357      172.59
7373215   3357      211.44
7374243   3357      263.57
7374616   3357      236.52
7377030   3357      172.59
7377579   3357      185.15
7379256   3357      172.59
7380616   3357      172.59
7381553   3357      185.15
7382148   3357      260.82
7382532   3357      172.59
7384964   3357      185.15
7387544   3357      185.15
7388038   3357      172.59
7388080   3357      185.15
7388125   3357      197.74
7388199   3357      263.57
7389581   3357      185.15
7391472   3357      172.59
7392153   3357      197.74
7393061   3357      172.59
7393144   3357      172.59
7395742   3357      162.80
7396051   3357      185.15
7398038   3357      209.79
7400031   3357      185.15
7401094   3357      185.15
7401380   3357      280.85
7401853   3357      172.59
7403123   3357      172.59
7403188   3357      172.59
7403563   3357      172.59
7406353   3357      185.15
7408531   3357      185.15
7409730   3357      172.59
7410177   3357      226.30
7412535   3357      197.74
7412738   3357      172.59
7415285   3357      226.30
7415448   3357      185.15
7416870   3357      248.69
7417289   3357      172.59
7417791   3357      185.15
7418898   3357      172.59
7418939   3357      185.15
7419340   3357      172.59
7419740   3357      290.11
7419800   3357      185.15
7419866   3357      172.59
7420316   3357      185.15
7420429   3357      197.74
7423108   3357      197.74
7423415   3357      185.15
7423444   3357      329.34
7425063   3357      172.59
7425430   3357      185.15
7425900   3357      172.59
7426046   3357      185.15
7427359   3357      172.59
7427520   3357      185.15
7429274   3357      185.15
7432253   3357      197.74
7434591   3357      185.15
7435158   3357      264.26
7436077   3357      172.59
7436996   3357      185.15
7437806   3357      172.59
7437808   3357      172.59
7438450   3357      185.15
7439597   3357      211.44
7439617   3357      185.15
7439629   3357      185.15
7440809   3357      177.10
7442445   3357      185.15
7444497   3357      172.59
7444651   3357      197.74
7444842   3357      185.15
7444889   3357      211.44
7445661   3357      172.59
7446382   3357      197.74
7446644   3357      185.15
7447067   3357      185.15
7447334   3357      211.44
7447992   3357      172.59
7449457   3357      172.59
7455429   3357      310.69
7455588   3357      280.85
7461704   3357      185.15
7465820   3357      185.15
7465910   3357      185.15
7466779   3357      350.89
7466870   3357      330.96
7502836   3357      271.44
7548386   3357      222.69
7548420   3357      281.50
770342    3357      236.52
7917981   3357      185.15
7981510   3357      351.93
7982728   3357      172.59
7982865   3357      197.74
7983170   3357      172.59
7984159   3357      185.15
7985605   3357      187.35
7988969   3357      369.97
8054279   3357      255.90
8064487   3357      221.15
8069571   3357      277.78
8140450   3357      179.07
8594315   3357      185.15
8718789   3357      185.15
8734286   3357      197.74
9066082   3357      235.70
9100619   3357      369.97
9211039   3357      172.59
9261804   3357      197.74
9317884   3357      197.74
9433060   3357      185.15
9540404   3357      197.74
9540845   3357      211.44
9542018   3357      197.74
9542237   3357      172.59
9543174   3357      296.09
9543530   3357      300.19
9544179   3357      185.15
9544345   3357      172.59
9544429   3357      321.44
9544827   3357      197.74
9545198   3357      235.70
9545952   3357      300.70
9546474   3357      185.15
9547148   3357      320.74
9551389   3357      185.15
9552709   3357      256.19
9553039   3357      460.99
9553047   3357      172.59
9553149   3357      172.59
9555077   3357      256.68
9555609   3357      172.59
9555641   3357      185.15
9557148   3357      211.44
9557803   3357      172.59
9557875   3357      172.59
9557894   3357      297.75
9558628   3357      172.59
9560453   3357      172.59
9570736   3357      311.05
9572755   3357      185.15
9577605   3357      330.69
9601343   3357      185.15
9603154   3357      309.31
9603683   3357      185.15
9603870   3357      162.81
9604166   3357      172.59
9604592   3357      226.30
9607091   3357      235.70
9608547   3357      185.15
9609337   3357      172.59
9609338   3357      185.15
9612117   3357      370.40
9612530   3357      347.13
9612692   3357      185.15
9614364   3357      172.59
9615563   3357      185.15
9615964   3357      185.15
9617493   3357      172.59
9620242   3357      197.74
9620248   3357      211.44
9620376   3357      185.15
9620599   3357      197.74
9620701   3357      172.59
9620720   3357      172.59
9621777   3357      185.15
9622347   3357      185.15
9624370   3357      226.30
9624596   3357      172.59
9625361   3357      185.15
9625933   3357      185.15
9626082   3357      185.15
9626215   3357      172.59
9627150   3357      197.74
9627523   3357      185.15
9627724   3357      172.59
9629963   3357      197.74
9631462   3357      197.74
9634554   3357      338.30
9634674   3357      185.15
9636806   3357      172.59
9638320   3357      185.15
9639201   3357      172.59
9845319   3357      172.59
9846320   3357      197.74
9847068   3357      172.59
9847350   3357      358.38
9848693   3357      281.86
9850403   3357      185.15
9851111   3357      185.15
9851993   3357      332.65
