10107724  0357       48.99
10120357  0357       60.10
10121866  0357      107.00
10125466  0357       37.35
10126656  0357       40.07
10141786  0357       42.80
10312414  0357       37.35
10373550  0357       80.16
10639752  0357       37.35
10726693  0357       40.07
10760806  0357       37.35
10764554  0357       42.80
10770124  0357       40.07
10772668  0357       37.35
10774121  0357       42.80
10775520  0357       74.72
10776516  0357       48.99
10776915  0357       37.35
10777645  0357       60.10
10778464  0357       37.35
10779723  0357       68.12
10784623  0357       40.07
10820078  0357       42.80
10840266  0357       40.07
10841061  0357       37.35
10841823  0357       48.99
10842205  0357       40.07
10843324  0357      100.20
10844575  0357       97.96
10844947  0357      100.20
10845717  0357       37.35
10845943  0357       48.99
10846474  0357       40.07
10846532  0357       42.80
10846629  0357       40.07
10846940  0357       80.16
10846985  0357       40.07
10847648  0357       37.35
10848158  0357       78.74
10849906  0357       40.07
10849907  0357       42.80
10860593  0357       40.07
10903693  0357       37.35
10959957  0357       40.07
10960021  0357       40.07
10963442  0357       42.80
10963957  0357       42.80
10964062  0357       80.16
1108218   0357       51.03
1112379   0357       51.18
1115136   0357       67.27
11163187  0357       37.35
11177533  0357       37.35
11260715  0357       40.07
11261772  0357       48.99
11262378  0357       40.07
11263756  0357       37.35
11264465  0357       40.07
11264550  0357       37.35
11265496  0357       40.07
11265527  0357       42.80
11266390  0357       80.16
11267811  0357       74.72
11267932  0357       74.72
11268437  0357       48.99
11269196  0357       45.76
1129535   0357       51.12
11414487  0357       42.80
11425214  0357       40.07
11425449  0357       40.07
11426462  0357       37.35
11428034  0357       37.35
11428889  0357      100.20
11429539  0357       80.16
11429792  0357       37.35
11429991  0357       60.10
11430700  0357       40.07
11433167  0357       40.07
11433865  0357       80.16
11433968  0357       80.16
11434350  0357       40.07
11546168  0357       37.35
11580362  0357       42.80
11584952  0357       40.07
11586448  0357       42.80
11589730  0357       80.16
11594236  0357       48.99
11594524  0357       37.35
11596252  0357       40.07
11597667  0357       40.07
11598121  0357       37.35
11598207  0357       37.35
11598956  0357       37.35
11633896  0357       37.35
11645810  0357       40.07
11651035  0357       40.07
11651090  0357       40.07
11652405  0357       40.07
11653864  0357       40.07
11694358  0357       37.35
11694758  0357       40.07
11695394  0357       74.72
11749469  0357       40.07
11783201  0357       42.80
11783366  0357       48.99
11784637  0357       37.35
11786325  0357       48.99
11786432  0357       37.35
11787653  0357       80.16
11787807  0357       40.07
11788587  0357       85.60
11788630  0357       42.80
11790273  0357       40.07
11790818  0357       60.10
11791177  0357       40.07
11792127  0357       40.07
11792506  0357       37.35
11792846  0357       40.07
11878930  0357       40.07
11879419  0357       42.80
11879750  0357       48.99
11881224  0357       48.99
11881668  0357       93.40
11881669  0357       66.96
11882080  0357       37.35
11882720  0357       48.99
11883300  0357       80.16
11949766  0357       48.99
12011761  0357       97.96
12018571  0357       56.02
12018729  0357       37.35
12018852  0357       40.07
12019816  0357       37.35
12020535  0357       45.76
12021559  0357       42.80
12021966  0357       40.07
12022428  0357       42.80
12023306  0357       45.76
12023981  0357       60.10
12024178  0357       40.07
12024179  0357       40.07
12025294  0357       60.10
12025488  0357       37.35
12025491  0357       37.35
12026565  0357       40.07
12027093  0357       40.07
12027260  0357       70.80
12027527  0357       37.35
12027928  0357       37.35
12027973  0357       85.60
12080554  0357       40.07
12241212  0357       56.02
12242270  0357       40.07
12243077  0357       37.35
12244707  0357       37.35
12247738  0357       60.10
12248400  0357       93.40
12248755  0357       42.80
12248784  0357       74.72
12248960  0357       40.07
12249178  0357       48.99
12279667  0357       40.07
12314254  0357      114.41
1232375   0357       51.12
12369466  0357       40.07
12370670  0357       45.76
1239070   0357       51.03
12434895  0357       37.35
12435304  0357       40.07
12435757  0357       56.02
12435759  0357      100.20
12527456  0357       37.35
12534356  0357       40.07
12536172  0357       40.07
12536549  0357       45.76
1254062   0357       51.03
1257983   0357       51.12
1258658   0357       51.18
1261562   0357       51.03
1262953   0357       61.04
1263302   0357       51.03
1263303   0357       51.18
1265436   0357       51.18
1266723   0357       35.24
12691465  0357       40.07
1269356   0357      102.21
12698409  0357       37.35
12698965  0357       37.35
12700553  0357       37.35
12701276  0357       40.07
12701301  0357       93.40
12702273  0357       37.35
12704473  0357       37.35
12704482  0357       85.60
12704649  0357       40.07
12704927  0357       40.07
12705860  0357       40.07
12706171  0357       40.07
12706774  0357       85.60
12707136  0357       40.07
1272390   0357       51.03
1273369   0357       51.18
1277938   0357       51.03
1278407   0357       51.18
12848719  0357       40.07
12849330  0357       45.76
12851330  0357       40.07
12852888  0357       40.07
12858616  0357       60.10
12878256  0357       40.07
12884972  0357       40.07
12934142  0357       37.35
12934525  0357       37.35
12935305  0357       40.07
12935606  0357       40.07
13032012  0357       93.40
13032033  0357       40.07
13034237  0357       40.07
13035222  0357       48.99
13084488  0357       37.35
13084886  0357       37.35
13180551  0357       40.07
1318484   0357       51.03
13187744  0357       80.16
13187816  0357       60.10
13188137  0357       37.35
13188604  0357       56.02
13264411  0357       40.07
13265462  0357       37.35
13265946  0357       60.10
13266369  0357       40.07
13268000  0357       74.72
13268185  0357       74.72
13268457  0357       37.35
13268537  0357       60.10
13343258  0357       37.35
13408041  0357       37.35
13510172  0357       37.35
13510180  0357       37.35
13519440  0357       37.35
13527636  0357       42.80
13566631  0357       48.99
13643981  0357       74.72
13643982  0357       56.02
13644051  0357       40.07
13644555  0357       93.40
13644665  0357       40.07
13644680  0357      107.00
13652653  0357       37.35
13674854  0357       42.80
13678214  0357       40.07
13678857  0357       37.35
13679940  0357       40.07
13724134  0357       60.10
13774187  0357       37.35
13774684  0357       40.07
13775452  0357       37.35
13775808  0357       37.35
13777181  0357       56.02
13785046  0357       37.35
13785661  0357       40.07
13785997  0357       37.35
13786181  0357       40.07
13787208  0357       40.07
13787741  0357       37.35
13842354  0357       40.07
13843775  0357       40.07
13856268  0357       40.07
13867427  0357       60.10
13868652  0357       40.07
13880177  0357       40.07
13880981  0357       40.07
13905892  0357       37.35
13986119  0357       40.07
13990906  0357       64.20
14003086  0357       37.35
14030527  0357       37.35
14031045  0357       40.07
14031497  0357      100.20
14093727  0357       60.10
14094806  0357       42.80
14143188  0357       37.35
14159223  0357       74.72
14176671  0357       40.07
14270811  0357       93.40
14293118  0357       60.10
1431183   0357       51.18
14335445  0357       37.35
14335539  0357       40.07
14372299  0357       42.80
14372545  0357       37.35
14372818  0357      132.07
14376347  0357       40.07
14398946  0357       40.07
14399267  0357       56.02
14405196  0357       40.07
14405401  0357       40.07
14513487  0357       37.35
14590375  0357       37.35
14607589  0357       56.02
14648947  0357       40.07
14649126  0357       37.35
14825867  0357      100.20
14877620  0357       40.07
14877805  0357       42.80
14877859  0357       45.76
14879597  0357       80.16
14879704  0357       93.40
14880827  0357       42.80
14880972  0357       80.16
15170350  0357       37.35
15177340  0357       42.80
15177867  0357       74.72
15306151  0357       93.40
15306996  0357       37.35
15351139  0357       40.07
15352095  0357       40.07
15444811  0357       42.80
15448608  0357       40.07
15597541  0357       37.35
15598043  0357       37.35
15598319  0357       40.07
15598510  0357       80.16
15598933  0357       37.35
15599928  0357       56.02
15668151  0357       80.16
15668851  0357       37.35
15690244  0357       37.35
15729233  0357       60.10
15729536  0357       93.40
15778630  0357       60.10
15885754  0357       37.35
15959808  0357       37.35
15961650  0357       37.35
16001576  0357       37.35
16137706  0357       37.35
16138119  0357       60.10
1631390   0357       60.00
16324090  0357       40.07
16385667  0357       37.35
16387437  0357       80.16
16594051  0357       37.35
16641426  0357       37.35
16736267  0357       40.07
16770549  0357       40.07
16788972  0357       80.16
16796439  0357       74.72
17011869  0357       80.16
17012587  0357      100.20
17019549  0357       40.07
17033230  0357       37.35
17033256  0357       37.35
17104175  0357       60.10
17104709  0357       40.07
17306742  0357       37.35
1737075   0357       51.03
17379215  0357       56.02
17380736  0357       37.35
17572385  0357       80.16
17574055  0357       37.35
17626132  0357       74.72
1763812   0357       61.04
1764349   0357       51.03
1765295   0357      102.04
1769938   0357       51.03
17727473  0357       37.35
17859806  0357       37.35
17859921  0357       74.72
17872590  0357       40.07
17942640  0357       40.07
17965237  0357       60.10
18054647  0357       40.07
18058393  0357       37.35
18059918  0357       40.07
18263579  0357       40.07
18263756  0357       40.07
1834693   0357       35.24
18421508  0357       37.35
18422439  0357       80.16
18471327  0357       40.07
18618969  0357       37.35
18655916  0357       40.07
18656459  0357       60.10
18785684  0357       37.35
18928116  0357       37.35
18950730  0357       37.35
1906129   0357       51.18
19166206  0357       93.40
19262723  0357       40.07
1926999   0357       51.12
19324610  0357       80.16
19348247  0357       40.07
19424156  0357       80.16
19431369  0357       40.07
19827450  0357       37.35
19850185  0357       93.40
19886649  0357      100.20
19973112  0357       40.07
20046577  0357       74.72
20046584  0357       74.72
20187870  0357       74.72
20189202  0357       45.76
20235584  0357       74.72
2030572   0357       51.03
2033664   0357       54.33
20348834  0357       56.02
20351464  0357       80.16
2101693   0357       60.07
21140944  0357       56.02
2130876   0357       51.03
2157417   0357      135.85
2186056   0357       51.03
2189077   0357       51.03
2196831   0357       51.03
2198274   0357       51.30
2198799   0357       51.03
22326349  0357       37.35
2272067   0357       51.03
23156662  0357       51.18
2376223   0357       55.38
2380275   0357       51.12
2384661   0357       51.18
2529886   0357       51.18
2532585   0357       51.03
2533320   0357       51.03
2534786   0357       37.43
2535843   0357       51.12
2536373   0357       51.12
2536795   0357       51.18
2539607   0357       51.12
2539943   0357       51.03
2541142   0357       51.18
2541439   0357       69.83
2541709   0357       51.18
2543654   0357       51.18
2543813   0357       51.18
2543932   0357       51.03
2592064   0357       51.12
2592966   0357       55.60
2593377   0357       51.18
2593686   0357       51.03
2596405   0357       60.48
2597854   0357       51.18
2598033   0357       51.18
2598733   0357       51.12
2598872   0357       51.03
2601437   0357       51.18
2603046   0357       51.18
2605117   0357       51.12
2605164   0357       51.18
2605823   0357       35.23
2607322   0357       55.13
2608233   0357       53.78
2608304   0357       51.03
2608554   0357       51.18
2684589   0357       51.18
2741170   0357       54.21
2854705   0357       51.03
2870837   0357       51.03
2910376   0357       51.03
2910432   0357       51.03
2911765   0357       51.03
2912407   0357       51.03
2912692   0357       54.33
2913757   0357       51.03
2913809   0357       51.03
2915293   0357       51.03
2915714   0357       51.18
2915780   0357       51.03
2916102   0357       37.43
2916362   0357       51.18
2916467   0357       51.03
2916786   0357       51.03
2918280   0357      127.98
2992913   0357       51.03
3035349   0357       51.18
3080057   0357       81.49
3080311   0357       51.18
3080984   0357       74.60
3081351   0357       51.18
3082505   0357       61.42
3083006   0357       51.18
3083065   0357       51.03
3083457   0357       51.03
3083843   0357       51.03
3084868   0357       51.18
3084978   0357       51.03
3085009   0357       51.03
3085276   0357       51.12
3090485   0357       54.49
3156003   0357       58.18
3234299   0357       51.12
3245420   0357       51.18
3314884   0357       38.18
3315121   0357       51.03
3315781   0357       51.03
3317339   0357       54.34
3318589   0357       59.12
3318694   0357       61.66
3318719   0357       51.18
3320986   0357       51.18
3322128   0357       54.25
3322284   0357       51.03
3322381   0357       51.12
3324084   0357       71.15
3324110   0357       76.74
3324403   0357       54.33
3329806   0357       51.18
3353242   0357       58.18
3528540   0357       55.62
3533360   0357       65.36
3535445   0357       51.03
3535676   0357       51.18
3535838   0357       51.03
3538837   0357       55.53
3539352   0357       51.18
3541739   0357       51.18
3541975   0357       35.24
3542004   0357       42.80
3542015   0357       40.66
3554092   0357       51.12
3593839   0357       51.03
3598528   0357       51.18
3710064   0357       65.96
3759377   0357       51.03
3784066   0357       51.03
3784441   0357       56.84
3785251   0357       51.18
3792247   0357       51.18
3830110   0357       51.03
3855157   0357       35.23
3855577   0357       51.18
3856978   0357       51.03
3857004   0357       51.03
3857220   0357       51.20
3857667   0357       51.03
3857878   0357       51.12
3858323   0357      102.40
3858856   0357       42.80
3859230   0357       80.49
3864991   0357       59.48
3875055   0357       62.99
3877925   0357      156.93
3878006   0357       63.96
3963688   0357       60.64
3964093   0357       70.12
3964337   0357       51.03
3965704   0357       51.03
3969513   0357       51.37
4001934   0357       67.22
4064149   0357       54.96
4065177   0357       51.03
4065584   0357       40.07
4065648   0357       66.27
4066245   0357       51.03
4067118   0357       59.49
4067735   0357       58.98
4067795   0357       51.18
4068788   0357       51.03
4071074   0357       72.82
4071241   0357       60.27
4107436   0357       37.35
4191539   0357       51.03
4193094   0357      127.76
4194671   0357       55.11
4195654   0357       51.03
4199927   0357       35.24
4200911   0357       51.03
4238916   0357       51.03
430240    0357       51.03
4317775   0357       78.53
4373204   0357       80.75
4373479   0357       51.03
4375498   0357       54.33
4375998   0357       52.27
4376813   0357       55.99
4377201   0357       51.12
4378140   0357       51.03
4378236   0357       51.03
4378283   0357       51.03
4378759   0357       74.44
4379154   0357       51.03
4381341   0357       51.03
4381614   0357       58.23
4382400   0357       76.79
4383023   0357       68.05
4383200   0357       51.03
4385047   0357       51.18
4386936   0357       45.76
4387777   0357      136.39
4409485   0357       75.40
4409788   0357       51.03
4409789   0357      110.77
4414417   0357       57.95
4414541   0357       54.17
4414909   0357       51.18
4415675   0357       51.03
443869    0357       51.18
4609506   0357       54.87
4610129   0357       51.03
4720170   0357       56.02
4720923   0357       40.07
4721016   0357       37.35
4721639   0357       51.03
4722680   0357       51.03
4722814   0357       41.07
4723168   0357       51.03
4723276   0357       57.23
4723403   0357       51.03
4724433   0357       51.18
4725919   0357       85.60
4727740   0357       37.35
4728331   0357       51.03
4729448   0357       36.39
4730168   0357       78.56
4730490   0357       51.03
4730823   0357       76.92
4731322   0357       76.02
4731494   0357       55.46
4732090   0357       59.01
4732618   0357       37.35
4734527   0357       37.35
4734940   0357       37.35
4735505   0357       51.03
4738424   0357       51.18
4739546   0357       67.62
4739796   0357       42.80
4754833   0357       68.95
4803744   0357       86.28
4805842   0357       40.07
4827213   0357       57.67
4853128   0357       47.57
4882144   0357       38.33
5017295   0357       37.35
5022967   0357       51.12
5237805   0357       40.07
5238236   0357       51.03
5239261   0357       59.27
5240821   0357       51.03
5242545   0357       57.46
5244302   0357       58.18
5244483   0357       37.35
5244484   0357       55.46
5244765   0357       51.03
5245261   0357       42.80
5248926   0357       58.61
5248954   0357       53.89
5249259   0357       40.07
5249817   0357       42.80
5250965   0357       51.18
5251153   0357       65.24
5251214   0357       58.74
5252606   0357       85.60
5253930   0357       51.03
5254613   0357       66.35
5254952   0357       51.03
5255567   0357       40.07
5255641   0357       42.80
5257069   0357       53.70
5257175   0357       51.18
5257421   0357       45.76
5257727   0357      100.20
5257774   0357       40.07
5259121   0357       51.03
5259785   0357       51.03
5261116   0357       37.35
5261139   0357       63.65
5261250   0357       51.03
5261418   0357       52.60
5261643   0357       63.69
5263470   0357       57.15
5344986   0357       37.35
5435450   0357       57.30
5436619   0357       42.80
5436795   0357       39.33
5438690   0357       56.02
5439480   0357       40.07
5439865   0357      114.41
5458236   0357       37.35
5461455   0357       51.19
5605414   0357      130.33
5658043   0357       63.73
5688352   0357       40.07
5765952   0357       40.07
5779173   0357       40.07
5915261   0357       51.18
5921128   0357       76.98
5921800   0357       37.35
5923624   0357       42.80
5925143   0357       42.80
5925949   0357       35.24
5929492   0357       40.07
5935536   0357      200.84
5938630   0357       66.65
5938995   0357       40.07
6044716   0357       60.10
6125595   0357       93.40
6127630   0357       59.16
6238388   0357       48.99
6394853   0357       45.58
64800     0357       51.12
6537141   0357       51.03
6573443   0357       66.27
6573855   0357       45.76
6573893   0357       37.35
6575243   0357       37.35
6575301   0357       40.07
6584406   0357      127.53
6602322   0357       37.35
6634354   0357       40.07
6689708   0357       40.07
6690236   0357       40.07
6701343   0357       40.07
6701344   0357       67.40
6701453   0357       40.07
673822    0357       51.03
6841910   0357       37.35
7076647   0357       40.07
7211860   0357       42.80
7240399   0357       40.07
7300376   0357       56.02
7301470   0357       51.03
7305494   0357       51.18
7305781   0357       51.03
7308623   0357       59.92
7309317   0357       37.35
7309375   0357       37.35
7310425   0357       45.76
7310959   0357       51.18
7311233   0357       54.65
7311255   0357       66.14
7312149   0357       64.35
7313189   0357       51.03
7314050   0357       60.36
7314987   0357       45.76
7315048   0357       42.80
7315058   0357      154.76
7315331   0357       40.07
7316059   0357       45.76
7316139   0357       42.80
7316607   0357       69.83
7316959   0357      102.21
7317744   0357      102.04
7318041   0357       55.75
7319649   0357       85.60
7321787   0357       37.35
7322304   0357       37.35
7322780   0357       37.35
7322794   0357       72.01
7324725   0357       51.12
7325664   0357       50.71
7325721   0357       51.18
7325722   0357       74.40
7325778   0357       35.24
7328421   0357       37.35
7330948   0357       40.07
7331943   0357       93.67
7332202   0357       63.67
7332734   0357       76.79
7333145   0357       42.80
7333526   0357      127.33
7335642   0357       40.07
7337422   0357       50.11
7337778   0357       37.35
7338055   0357       45.76
7340200   0357       51.03
7340742   0357       54.25
7340989   0357       59.92
7342107   0357       37.35
7342680   0357       51.18
7343605   0357       37.35
7344290   0357       37.35
7344465   0357       74.72
7347856   0357       51.18
7348137   0357       37.35
7348986   0357       65.00
7349428   0357      122.45
7349843   0357       37.35
7350162   0357       52.42
7350273   0357       37.35
7351297   0357       44.10
7352317   0357       37.35
7353377   0357       40.07
7354064   0357       37.35
7354848   0357       35.24
7355928   0357       51.03
7359478   0357       42.80
7360346   0357       37.35
7360517   0357       40.07
7363171   0357       48.85
7363652   0357       40.07
7365166   0357       64.10
7365545   0357       37.35
7367276   0357       37.35
7368710   0357       74.72
7369018   0357       40.07
7371154   0357       40.07
7372156   0357       37.35
7372973   0357       56.93
7373089   0357       37.35
7373215   0357       45.76
7374243   0357       37.35
7374616   0357       51.18
7377030   0357       37.35
7377579   0357       40.07
7379256   0357       74.72
7380616   0357       37.35
7381553   0357       40.07
7382148   0357       56.46
7382532   0357       37.35
7384964   0357       40.07
7387544   0357       80.16
7388038   0357       37.35
7388080   0357       40.07
7388125   0357       42.80
7388199   0357       56.02
7389581   0357       40.07
7391472   0357       37.35
7392153   0357      107.00
7393061   0357       37.35
7393144   0357       74.72
7395742   0357       35.23
7396051   0357       60.10
7398038   0357       45.41
7400031   0357       40.07
7401094   0357       40.07
7401380   0357       60.80
7401853   0357       37.35
7403123   0357       37.35
7403188   0357       37.35
7403563   0357       37.35
7406353   0357       40.07
7408531   0357       40.07
7409730   0357       37.35
7410177   0357       48.99
7412535   0357       42.80
7412738   0357       37.35
7415285   0357       48.99
7415448   0357       40.07
7416870   0357       37.35
7417289   0357       74.72
7417791   0357       80.16
7418898   0357       37.35
7418939   0357       40.07
7419340   0357       37.35
7419740   0357       62.80
7419800   0357       40.07
7419866   0357       93.40
7420316   0357       40.07
7420429   0357       42.80
7423108   0357       42.80
7423415   0357       40.07
7423444   0357       71.29
7425063   0357       37.35
7425430   0357       40.07
7425900   0357       37.35
7426046   0357       40.07
7427359   0357       37.35
7427520   0357       40.07
7429274   0357       40.07
7432253   0357       42.80
7434591   0357      100.20
7435158   0357       93.40
7436077   0357       74.72
7436996   0357       40.07
7437806   0357       37.35
7437808   0357       37.35
7438450   0357       40.07
7439597   0357       91.54
7439617   0357       40.07
7439629   0357       40.07
7440809   0357       38.33
7442445   0357       40.07
7444497   0357       56.02
7444651   0357       42.80
7444842   0357       40.07
7444889   0357       91.54
7445661   0357       37.35
7446382   0357       42.80
7446644   0357       40.07
7447067   0357      100.20
7447334   0357       45.76
7447992   0357       37.35
7449457   0357       37.35
7455429   0357       67.24
7455588   0357       60.80
7461704   0357       40.07
7465820   0357      100.20
7465910   0357       40.07
7466779   0357       75.94
7466870   0357       71.63
7502836   0357       58.75
7548386   0357       48.20
7548420   0357       60.94
770342    0357       51.18
7917981   0357       40.07
7981510   0357       42.80
7982728   0357       37.35
7982865   0357       42.80
7983170   0357       37.35
7984159   0357       40.07
7985605   0357       40.55
7988969   0357       80.07
8054279   0357       55.39
8064487   0357       95.73
8069571   0357       40.07
8140450   0357       38.75
8594315   0357       40.07
8718789   0357       80.16
8734286   0357       42.80
9066082   0357       51.03
9100619   0357       80.07
9211039   0357       37.35
9261804   0357       42.80
9317884   0357       85.60
9433060   0357       40.07
9540404   0357       42.80
9540845   0357       68.65
9542018   0357      107.00
9542237   0357       37.35
9543174   0357       64.10
9543530   0357       64.98
9544179   0357       40.07
9544345   0357       37.35
9544429   0357       42.80
9544827   0357       42.80
9545198   0357       51.03
9545952   0357       65.09
9546474   0357       40.07
9547148   0357       69.43
9551389   0357       40.07
9552709   0357       55.45
9553039   0357       99.79
9553047   0357       37.35
9553149   0357       37.35
9555077   0357       55.57
9555609   0357       37.35
9555641   0357       40.07
9557148   0357       91.54
9557803   0357       37.35
9557875   0357       37.35
9557894   0357       64.44
9558628   0357       37.35
9560453   0357       37.35
9570736   0357       67.32
9572755   0357       40.07
9577605   0357       71.57
9601343   0357      100.20
9603154   0357       37.35
9603683   0357       40.07
9603870   0357       35.24
9604166   0357       37.35
9604592   0357       73.46
9607091   0357       51.03
9608547   0357       40.07
9609337   0357       37.35
9609338   0357       80.16
9612117   0357       80.18
9612530   0357      187.83
9612692   0357       40.07
9614364   0357       74.72
9615563   0357       40.07
9615964   0357       40.07
9617493   0357       74.72
9620242   0357       85.60
9620248   0357       91.54
9620376   0357       40.07
9620599   0357       42.80
9620701   0357       37.35
9620720   0357       37.35
9621777   0357       40.07
9622347   0357       40.07
9624370   0357       48.99
9624596   0357       37.35
9625361   0357       40.07
9625933   0357       80.16
9626082   0357       40.07
9626215   0357       37.35
9627150   0357      107.00
9627523   0357       80.16
9627724   0357       37.35
9629963   0357       42.80
9631462   0357       42.80
9634554   0357       73.23
9634674   0357       40.07
9636806   0357       37.35
9638320   0357       40.07
9639201   0357       37.35
9845319   0357       37.35
9846320   0357       42.80
9847068   0357       37.35
9847350   0357       77.58
9848693   0357       61.02
9850403   0357       40.07
9851111   0357       40.07
9851993   0357       72.01
10107724  3357       48.99
10120357  3357       40.07
10121866  3357       42.80
10125466  3357       37.35
10126656  3357       40.07
10141786  3357       42.80
10312414  3357       37.35
10373550  3357       40.07
10639752  3357       37.35
10726693  3357       40.07
10760806  3357       37.35
10764554  3357       42.80
10770124  3357       40.07
10772668  3357       37.35
10774121  3357       42.80
10775520  3357       37.35
10776516  3357       48.99
10776915  3357       37.35
10777645  3357       40.07
10778464  3357       37.35
10779723  3357       68.12
10784623  3357       40.07
10820078  3357       42.80
10840266  3357       40.07
10841061  3357       37.35
10841823  3357       48.99
10842205  3357       40.07
10843324  3357       40.07
10844575  3357       48.99
10844947  3357       40.07
10845717  3357       37.35
10845943  3357       48.99
10846474  3357       40.07
10846532  3357       42.80
10846629  3357       40.07
10846940  3357       40.07
10846985  3357       40.07
10847648  3357       37.35
10848158  3357       78.74
10849906  3357       40.07
10849907  3357       42.80
10860593  3357       40.07
10903693  3357       37.35
10959957  3357       40.07
10960021  3357       40.07
10963442  3357       42.80
10963957  3357       42.80
10964062  3357       40.07
1108218   3357       51.03
1112379   3357       51.18
1115136   3357       67.27
11163187  3357       37.35
11177533  3357       37.35
11260715  3357       40.07
11261772  3357       48.99
11262378  3357       40.07
11263756  3357       37.35
11264465  3357       40.07
11264550  3357       37.35
11265496  3357       40.07
11265527  3357       42.80
11266390  3357       40.07
11267811  3357       37.35
11267932  3357       37.35
11268437  3357       48.99
11269196  3357       45.76
1129535   3357       51.12
11414487  3357       42.80
11425214  3357       40.07
11425449  3357       40.07
11426462  3357       37.35
11428034  3357       37.35
11428889  3357       40.07
11429539  3357       40.07
11429792  3357       37.35
11429991  3357       40.07
11430700  3357       40.07
11433167  3357       40.07
11433865  3357       40.07
11433968  3357       40.07
11434350  3357       40.07
11546168  3357       37.35
11580362  3357       42.80
11584952  3357       40.07
11586448  3357       42.80
11589730  3357       40.07
11594236  3357       48.99
11594524  3357       37.35
11596252  3357       40.07
11597667  3357       40.07
11598121  3357       37.35
11598207  3357       37.35
11598956  3357       37.35
11633896  3357       37.35
11645810  3357       40.07
11651035  3357       40.07
11651090  3357       40.07
11652405  3357       40.07
11653864  3357       40.07
11694358  3357       37.35
11694758  3357       40.07
11695394  3357       37.35
11749469  3357       40.07
11783201  3357       42.80
11783366  3357       48.99
11784637  3357       37.35
11786325  3357       48.99
11786432  3357       37.35
11787653  3357       40.07
11787807  3357       40.07
11788587  3357       42.80
11788630  3357       42.80
11790273  3357       40.07
11790818  3357       40.07
11791177  3357       40.07
11792127  3357       40.07
11792506  3357       37.35
11792846  3357       40.07
11878930  3357       40.07
11879419  3357       42.80
11879750  3357       48.99
11881224  3357       48.99
11881668  3357       37.35
11881669  3357       66.96
11882080  3357       37.35
11882720  3357       48.99
11883300  3357       40.07
11949766  3357       48.99
12011761  3357       48.99
12018571  3357       37.35
12018729  3357       37.35
12018852  3357       40.07
12019816  3357       37.35
12020535  3357       45.76
12021559  3357       42.80
12021966  3357       40.07
12022428  3357       42.80
12023306  3357       45.76
12023981  3357       40.07
12024178  3357       40.07
12024179  3357       40.07
12025294  3357       40.07
12025488  3357       37.35
12025491  3357       37.35
12026565  3357       40.07
12027093  3357       40.07
12027260  3357       70.80
12027527  3357       37.35
12027928  3357       37.35
12027973  3357       42.80
12080554  3357       40.07
12241212  3357       37.35
12242270  3357       40.07
12243077  3357       37.35
12244707  3357       37.35
12247738  3357       40.07
12248400  3357       37.35
12248755  3357       42.80
12248784  3357       37.35
12248960  3357       40.07
12249178  3357       48.99
12279667  3357       40.07
12314254  3357       45.76
1232375   3357       51.12
12369466  3357       40.07
12370670  3357       45.76
1239070   3357       51.03
12434895  3357       37.35
12435304  3357       40.07
12435757  3357       37.35
12435759  3357       40.07
12527456  3357       37.35
12534356  3357       40.07
12536172  3357       40.07
12536549  3357       45.76
1254062   3357       51.03
1257983   3357       51.12
1258658   3357       51.18
1261562   3357       51.03
1262953   3357       61.04
1263302   3357       51.03
1263303   3357       51.18
1265436   3357       51.18
1266723   3357       35.24
12691465  3357       40.07
1269356   3357       51.12
12698409  3357       37.35
12698965  3357       37.35
12700553  3357       37.35
12701276  3357       40.07
12701301  3357       37.35
12702273  3357       37.35
12704473  3357       37.35
12704482  3357       42.80
12704649  3357       40.07
12704927  3357       40.07
12705860  3357       40.07
12706171  3357       40.07
12706774  3357       42.80
12707136  3357       40.07
1272390   3357       51.03
1273369   3357       51.18
1277938   3357       51.03
1278407   3357       51.18
12848719  3357       40.07
12849330  3357       45.76
12851330  3357       40.07
12852888  3357       40.07
12858616  3357       40.07
12878256  3357       40.07
12884972  3357       40.07
12934142  3357       37.35
12934525  3357       37.35
12935305  3357       40.07
12935606  3357       40.07
13032012  3357       37.35
13032033  3357       40.07
13034237  3357       40.07
13035222  3357       48.99
13084488  3357       37.35
13084886  3357       37.35
13180551  3357       40.07
1318484   3357       51.03
13187744  3357       40.07
13187816  3357       40.07
13188137  3357       37.35
13188604  3357       37.35
13264411  3357       40.07
13265462  3357       37.35
13265946  3357       40.07
13266369  3357       40.07
13268000  3357       37.35
13268185  3357       37.35
13268457  3357       37.35
13268537  3357       40.07
13343258  3357       37.35
13408041  3357       37.35
13510172  3357       37.35
13510180  3357       37.35
13519440  3357       37.35
13527636  3357       42.80
13566631  3357       48.99
13643981  3357       37.35
13643982  3357       37.35
13644051  3357       40.07
13644555  3357       37.35
13644665  3357       40.07
13644680  3357       42.80
13652653  3357       37.35
13674854  3357       42.80
13678214  3357       40.07
13678857  3357       37.35
13679940  3357       40.07
13724134  3357       40.07
13774187  3357       37.35
13774684  3357       40.07
13775452  3357       37.35
13775808  3357       37.35
13777181  3357       37.35
13785046  3357       37.35
13785661  3357       40.07
13785997  3357       37.35
13786181  3357       40.07
13787208  3357       40.07
13787741  3357       37.35
13842354  3357       40.07
13843775  3357       40.07
13856268  3357       40.07
13867427  3357       40.07
13868652  3357       40.07
13880177  3357       40.07
13880981  3357       40.07
13905892  3357       37.35
13986119  3357       40.07
13990906  3357       42.80
14003086  3357       37.35
14030527  3357       37.35
14031045  3357       40.07
14031497  3357       40.07
14093727  3357       40.07
14094806  3357       42.80
14143188  3357       37.35
14159223  3357       37.35
14176671  3357       40.07
14270811  3357       37.35
14293118  3357       40.07
1431183   3357       51.18
14335445  3357       37.35
14335539  3357       40.07
14372299  3357       42.80
14372545  3357       37.35
14372818  3357       52.83
14376347  3357       40.07
14398946  3357       40.07
14399267  3357       37.35
14405196  3357       40.07
14405401  3357       40.07
14513487  3357       37.35
14590375  3357       37.35
14607589  3357       37.35
14648947  3357       40.07
14649126  3357       37.35
14825867  3357       40.07
14877620  3357       40.07
14877805  3357       42.80
14877859  3357       45.76
14879597  3357       40.07
14879704  3357       37.35
14880827  3357       42.80
14880972  3357       40.07
15170350  3357       37.35
15177340  3357       42.80
15177867  3357       37.35
15306151  3357       37.35
15306996  3357       37.35
15351139  3357       40.07
15352095  3357       40.07
15444811  3357       42.80
15448608  3357       40.07
15597541  3357       37.35
15598043  3357       37.35
15598319  3357       40.07
15598510  3357       40.07
15598933  3357       37.35
15599928  3357       37.35
15668151  3357       40.07
15668851  3357       37.35
15690244  3357       37.35
15729233  3357       40.07
15729536  3357       37.35
15778630  3357       40.07
15885754  3357       37.35
15959808  3357       37.35
15961650  3357       37.35
16001576  3357       37.35
16137706  3357       37.35
16138119  3357       40.07
1631390   3357       60.00
16324090  3357       40.07
16385667  3357       37.35
16387437  3357       40.07
16594051  3357       37.35
16641426  3357       37.35
16736267  3357       40.07
16770549  3357       40.07
16788972  3357       40.07
16796439  3357       37.35
17011869  3357       40.07
17012587  3357       40.07
17019549  3357       40.07
17033230  3357       37.35
17033256  3357       37.35
17104175  3357       40.07
17104709  3357       40.07
17306742  3357       37.35
1737075   3357       51.03
17379215  3357       37.35
17380736  3357       37.35
17572385  3357       40.07
17574055  3357       37.35
17626132  3357       37.35
1763812   3357       61.04
1764349   3357       51.03
1765295   3357       51.03
1769938   3357       51.03
17727473  3357       37.35
17859806  3357       37.35
17859921  3357       37.35
17872590  3357       40.07
17942640  3357       40.07
17965237  3357       40.07
18054647  3357       40.07
18058393  3357       37.35
18059918  3357       40.07
18263579  3357       40.07
18263756  3357       40.07
1834693   3357       35.24
18421508  3357       37.35
18422439  3357       40.07
18471327  3357       40.07
18618969  3357       37.35
18655916  3357       40.07
18656459  3357       40.07
18785684  3357       37.35
18928116  3357       37.35
18950730  3357       37.35
1906129   3357       51.18
19166206  3357       37.35
19262723  3357       40.07
1926999   3357       51.12
19324610  3357       40.07
19348247  3357       40.07
19424156  3357       40.07
19431369  3357       40.07
19827450  3357       37.35
19850185  3357       37.35
19886649  3357       40.07
19973112  3357       40.07
20046577  3357       37.35
20046584  3357       37.35
20187870  3357       37.35
20189202  3357       45.76
20235584  3357       37.35
2030572   3357       51.03
2033664   3357       54.33
20348834  3357       37.35
20351464  3357       40.07
2101693   3357       60.07
21140944  3357       37.35
2130876   3357       51.03
2157417   3357       54.33
2186056   3357       51.03
2189077   3357       51.03
2196831   3357       51.03
2198274   3357       51.30
2198799   3357       51.03
22326349  3357       37.35
2272067   3357       51.03
23156662  3357       51.18
2376223   3357       55.38
2380275   3357       51.12
2384661   3357       51.18
2529886   3357       51.18
2532585   3357       51.03
2533320   3357       51.03
2534786   3357       37.43
2535843   3357       51.12
2536373   3357       51.12
2536795   3357       51.18
2539607   3357       51.12
2539943   3357       51.03
2541142   3357       51.18
2541439   3357       69.83
2541709   3357       51.18
2543654   3357       51.18
2543813   3357       51.18
2543932   3357       51.03
2592064   3357       51.12
2592966   3357       55.60
2593377   3357       51.18
2593686   3357       51.03
2596405   3357       60.48
2597854   3357       51.18
2598033   3357       51.18
2598733   3357       51.12
2598872   3357       51.03
2601437   3357       51.18
2603046   3357       51.18
2605117   3357       51.12
2605164   3357       51.18
2605823   3357       35.23
2607322   3357       55.13
2608233   3357       53.78
2608304   3357       51.03
2608554   3357       51.18
2684589   3357       51.18
2741170   3357       54.21
2854705   3357       51.03
2870837   3357       51.03
2910376   3357       51.03
2910432   3357       51.03
2911765   3357       51.03
2912407   3357       51.03
2912692   3357       54.33
2913757   3357       51.03
2913809   3357       51.03
2915293   3357       51.03
2915714   3357       51.18
2915780   3357       51.03
2916102   3357       37.43
2916362   3357       51.18
2916467   3357       51.03
2916786   3357       51.03
2918280   3357       51.18
2992913   3357       51.03
3035349   3357       51.18
3080057   3357       54.33
3080311   3357       51.18
3080984   3357       74.60
3081351   3357       51.18
3082505   3357       61.42
3083006   3357       51.18
3083065   3357       51.03
3083457   3357       51.03
3083843   3357       51.03
3084868   3357       51.18
3084978   3357       51.03
3085009   3357       51.03
3085276   3357       51.12
3090485   3357       54.49
3156003   3357       58.18
3234299   3357       51.12
3245420   3357       51.18
3314884   3357       38.18
3315121   3357       51.03
3315781   3357       51.03
3317339   3357       54.34
3318589   3357       59.12
3318694   3357       61.66
3318719   3357       51.18
3320986   3357       51.18
3322128   3357       54.25
3322284   3357       51.03
3322381   3357       51.12
3324084   3357       71.15
3324110   3357       76.74
3324403   3357       54.33
3329806   3357       51.18
3353242   3357       58.18
3528540   3357       55.62
3533360   3357       65.36
3535445   3357       51.03
3535676   3357       51.18
3535838   3357       51.03
3538837   3357       55.53
3539352   3357       51.18
3541739   3357       51.18
3541975   3357       35.24
3542004   3357       42.80
3542015   3357       40.66
3554092   3357       51.12
3593839   3357       51.03
3598528   3357       51.18
3710064   3357       65.96
3759377   3357       51.03
3784066   3357       51.03
3784441   3357       56.84
3785251   3357       51.18
3792247   3357       51.18
3830110   3357       51.03
3855157   3357       35.23
3855577   3357       51.18
3856978   3357       51.03
3857004   3357       51.03
3857220   3357       51.20
3857667   3357       51.03
3857878   3357       51.12
3858323   3357       51.18
3858856   3357       42.80
3859230   3357       53.66
3864991   3357       59.48
3875055   3357       62.99
3877925   3357       78.46
3878006   3357       63.96
3963688   3357       60.64
3964093   3357       70.12
3964337   3357       51.03
3965704   3357       51.03
3969513   3357       51.37
4001934   3357       67.22
4064149   3357       54.96
4065177   3357       51.03
4065584   3357       40.07
4065648   3357       66.27
4066245   3357       51.03
4067118   3357       59.49
4067735   3357       58.98
4067795   3357       51.18
4068788   3357       51.03
4071074   3357       72.82
4071241   3357       60.27
4107436   3357       37.35
4191539   3357       51.03
4193094   3357       51.12
4194671   3357       55.11
4195654   3357       51.03
4199927   3357       35.24
4200911   3357       51.03
4238916   3357       51.03
430240    3357       51.03
4317775   3357       78.53
4373204   3357       80.75
4373479   3357       51.03
4375498   3357       54.33
4375998   3357       52.27
4376813   3357       55.99
4377201   3357       51.12
4378140   3357       51.03
4378236   3357       51.03
4378283   3357       51.03
4378759   3357       74.44
4379154   3357       51.03
4381341   3357       51.03
4381614   3357       58.23
4382400   3357       51.18
4383023   3357       68.05
4383200   3357       51.03
4385047   3357       51.18
4386936   3357       45.76
4387777   3357       54.55
4409485   3357       75.40
4409788   3357       51.03
4409789   3357       55.38
4414417   3357       57.95
4414541   3357       54.17
4414909   3357       51.18
4415675   3357       51.03
443869    3357       51.18
4609506   3357       54.87
4610129   3357       51.03
4720170   3357       37.35
4720923   3357       40.07
4721016   3357       37.35
4721639   3357       51.03
4722680   3357       51.03
4722814   3357       41.07
4723168   3357       51.03
4723276   3357       57.23
4723403   3357       51.03
4724433   3357       51.18
4725919   3357       42.80
4727740   3357       37.35
4728331   3357       51.03
4729448   3357       36.39
4730168   3357       78.56
4730490   3357       51.03
4730823   3357       76.92
4731322   3357       76.02
4731494   3357       55.46
4732090   3357       59.01
4732618   3357       37.35
4734527   3357       37.35
4734940   3357       37.35
4735505   3357       51.03
4738424   3357       51.18
4739546   3357       67.62
4739796   3357       42.80
4754833   3357       68.95
4803744   3357       86.28
4805842   3357       40.07
4827213   3357       57.67
4853128   3357       47.57
4882144   3357       38.33
5017295   3357       37.35
5022967   3357       51.12
5237805   3357       40.07
5238236   3357       51.03
5239261   3357       59.27
5240821   3357       51.03
5242545   3357       57.46
5244302   3357       58.18
5244483   3357       37.35
5244484   3357       55.46
5244765   3357       51.03
5245261   3357       42.80
5248926   3357       58.61
5248954   3357       53.89
5249259   3357       40.07
5249817   3357       42.80
5250965   3357       51.18
5251153   3357       65.24
5251214   3357       58.74
5252606   3357       42.80
5253930   3357       51.03
5254613   3357       66.35
5254952   3357       51.03
5255567   3357       40.07
5255641   3357       42.80
5257069   3357       53.70
5257175   3357       51.18
5257421   3357       45.76
5257727   3357       40.07
5257774   3357       40.07
5259121   3357       51.03
5259785   3357       51.03
5261116   3357       37.35
5261139   3357       63.65
5261250   3357       51.03
5261418   3357       52.60
5261643   3357       63.69
5263470   3357       57.15
5344986   3357       37.35
5435450   3357       57.30
5436619   3357       42.80
5436795   3357       39.33
5438690   3357       56.02
5439480   3357       40.07
5439865   3357       45.76
5458236   3357       37.35
5461455   3357       51.19
5605414   3357       65.17
5658043   3357       63.73
5688352   3357       40.07
5765952   3357       40.07
5779173   3357       40.07
5915261   3357       51.18
5921128   3357       76.98
5921800   3357       37.35
5923624   3357       42.80
5925143   3357       42.80
5925949   3357       35.24
5929492   3357       40.07
5935536   3357       80.35
5938630   3357       66.65
5938995   3357       40.07
6044716   3357       40.07
6125595   3357       37.35
6127630   3357       59.16
6238388   3357       48.99
6394853   3357       45.58
64800     3357       51.12
6537141   3357       51.03
6573443   3357       66.27
6573855   3357       45.76
6573893   3357       37.35
6575243   3357       37.35
6575301   3357       40.07
6584406   3357       51.03
6602322   3357       37.35
6634354   3357       40.07
6689708   3357       40.07
6690236   3357       40.07
6701343   3357       40.07
6701344   3357       67.40
6701453   3357       40.07
673822    3357       51.03
6841910   3357       37.35
7076647   3357       40.07
7211860   3357       42.80
7240399   3357       40.07
7300376   3357       56.02
7301470   3357       51.03
7305494   3357       51.18
7305781   3357       51.03
7308623   3357       59.92
7309317   3357       37.35
7309375   3357       37.35
7310425   3357       45.76
7310959   3357       51.18
7311233   3357       54.65
7311255   3357       66.14
7312149   3357       64.35
7313189   3357       51.03
7314050   3357       60.36
7314987   3357       45.76
7315048   3357       42.80
7315058   3357       61.90
7315331   3357       40.07
7316059   3357       45.76
7316139   3357       42.80
7316607   3357       69.83
7316959   3357       51.12
7317744   3357       51.03
7318041   3357       55.75
7319649   3357       42.80
7321787   3357       37.35
7322304   3357       37.35
7322780   3357       37.35
7322794   3357       72.01
7324725   3357       51.12
7325664   3357       50.71
7325721   3357       51.18
7325722   3357       74.40
7325778   3357       35.24
7328421   3357       37.35
7330948   3357       40.07
7331943   3357       93.67
7332202   3357       63.67
7332734   3357       51.18
7333145   3357       42.80
7333526   3357       63.67
7335642   3357       40.07
7337422   3357       50.11
7337778   3357       37.35
7338055   3357       45.76
7340200   3357       51.03
7340742   3357       54.25
7340989   3357       59.92
7342107   3357       37.35
7342680   3357       51.18
7343605   3357       37.35
7344290   3357       37.35
7344465   3357       37.35
7347856   3357       51.18
7348137   3357       37.35
7348986   3357       65.00
7349428   3357       48.99
7349843   3357       37.35
7350162   3357       52.42
7350273   3357       37.35
7351297   3357       44.10
7352317   3357       37.35
7353377   3357       40.07
7354064   3357       37.35
7354848   3357       35.24
7355928   3357       51.03
7359478   3357       42.80
7360346   3357       37.35
7360517   3357       40.07
7363171   3357       48.85
7363652   3357       40.07
7365166   3357       64.10
7365545   3357       37.35
7367276   3357       37.35
7368710   3357       37.35
7369018   3357       40.07
7371154   3357       40.07
7372156   3357       37.35
7372973   3357       56.93
7373089   3357       37.35
7373215   3357       45.76
7374243   3357       37.35
7374616   3357       51.18
7377030   3357       37.35
7377579   3357       40.07
7379256   3357       37.35
7380616   3357       37.35
7381553   3357       40.07
7382148   3357       56.46
7382532   3357       37.35
7384964   3357       40.07
7387544   3357       40.07
7388038   3357       37.35
7388080   3357       40.07
7388125   3357       42.80
7388199   3357       37.35
7389581   3357       40.07
7391472   3357       37.35
7392153   3357       42.80
7393061   3357       37.35
7393144   3357       37.35
7395742   3357       35.23
7396051   3357       40.07
7398038   3357       45.41
7400031   3357       40.07
7401094   3357       40.07
7401380   3357       60.80
7401853   3357       37.35
7403123   3357       37.35
7403188   3357       37.35
7403563   3357       37.35
7406353   3357       40.07
7408531   3357       40.07
7409730   3357       37.35
7410177   3357       48.99
7412535   3357       42.80
7412738   3357       37.35
7415285   3357       48.99
7415448   3357       40.07
7416870   3357       37.35
7417289   3357       37.35
7417791   3357       40.07
7418898   3357       37.35
7418939   3357       40.07
7419340   3357       37.35
7419740   3357       62.80
7419800   3357       40.07
7419866   3357       37.35
7420316   3357       40.07
7420429   3357       42.80
7423108   3357       42.80
7423415   3357       40.07
7423444   3357       71.29
7425063   3357       37.35
7425430   3357       40.07
7425900   3357       37.35
7426046   3357       40.07
7427359   3357       37.35
7427520   3357       40.07
7429274   3357       40.07
7432253   3357       42.80
7434591   3357       40.07
7435158   3357       37.35
7436077   3357       37.35
7436996   3357       40.07
7437806   3357       37.35
7437808   3357       37.35
7438450   3357       40.07
7439597   3357       45.76
7439617   3357       40.07
7439629   3357       40.07
7440809   3357       38.33
7442445   3357       40.07
7444497   3357       37.35
7444651   3357       42.80
7444842   3357       40.07
7444889   3357       45.76
7445661   3357       37.35
7446382   3357       42.80
7446644   3357       40.07
7447067   3357       40.07
7447334   3357       45.76
7447992   3357       37.35
7449457   3357       37.35
7455429   3357       67.24
7455588   3357       60.80
7461704   3357       40.07
7465820   3357       40.07
7465910   3357       40.07
7466779   3357       75.94
7466870   3357       71.63
7502836   3357       58.75
7548386   3357       48.20
7548420   3357       60.94
770342    3357       51.18
7917981   3357       40.07
7981510   3357       42.80
7982728   3357       37.35
7982865   3357       42.80
7983170   3357       37.35
7984159   3357       40.07
7985605   3357       40.55
7988969   3357       80.07
8054279   3357       55.39
8064487   3357       47.86
8069571   3357       40.07
8140450   3357       38.75
8594315   3357       40.07
8718789   3357       40.07
8734286   3357       42.80
9066082   3357       51.03
9100619   3357       80.07
9211039   3357       37.35
9261804   3357       42.80
9317884   3357       42.80
9433060   3357       40.07
9540404   3357       42.80
9540845   3357       45.76
9542018   3357       42.80
9542237   3357       37.35
9543174   3357       64.10
9543530   3357       64.98
9544179   3357       40.07
9544345   3357       37.35
9544429   3357       42.80
9544827   3357       42.80
9545198   3357       51.03
9545952   3357       65.09
9546474   3357       40.07
9547148   3357       69.43
9551389   3357       40.07
9552709   3357       55.45
9553039   3357       99.79
9553047   3357       37.35
9553149   3357       37.35
9555077   3357       55.57
9555609   3357       37.35
9555641   3357       40.07
9557148   3357       45.76
9557803   3357       37.35
9557875   3357       37.35
9557894   3357       64.44
9558628   3357       37.35
9560453   3357       37.35
9570736   3357       67.32
9572755   3357       40.07
9577605   3357       71.57
9601343   3357       40.07
9603154   3357       37.35
9603683   3357       40.07
9603870   3357       35.24
9604166   3357       37.35
9604592   3357       48.99
9607091   3357       51.03
9608547   3357       40.07
9609337   3357       37.35
9609338   3357       40.07
9612117   3357       80.18
9612530   3357       75.13
9612692   3357       40.07
9614364   3357       37.35
9615563   3357       40.07
9615964   3357       40.07
9617493   3357       37.35
9620242   3357       42.80
9620248   3357       45.76
9620376   3357       40.07
9620599   3357       42.80
9620701   3357       37.35
9620720   3357       37.35
9621777   3357       40.07
9622347   3357       40.07
9624370   3357       48.99
9624596   3357       37.35
9625361   3357       40.07
9625933   3357       40.07
9626082   3357       40.07
9626215   3357       37.35
9627150   3357       42.80
9627523   3357       40.07
9627724   3357       37.35
9629963   3357       42.80
9631462   3357       42.80
9634554   3357       73.23
9634674   3357       40.07
9636806   3357       37.35
9638320   3357       40.07
9639201   3357       37.35
9845319   3357       37.35
9846320   3357       42.80
9847068   3357       37.35
9847350   3357       77.58
9848693   3357       61.02
9850403   3357       40.07
9851111   3357       40.07
9851993   3357       72.01
