10107724  0357      123.59
10120357  0357      164.40
10121866  0357      285.18
10125466  0357       97.14
10126656  0357      109.60
10141786  0357      114.07
10312414  0357      105.23
10373550  0357      219.20
10639752  0357       97.14
10726693  0357      109.60
10760806  0357       97.14
10764554  0357      114.07
10770124  0357      109.60
10772668  0357       97.14
10774121  0357      114.07
10775520  0357      210.46
10776516  0357      123.59
10776915  0357       97.14
10777482  0357       97.14
10777645  0357      164.40
10778464  0357       97.14
10779723  0357      247.39
10784623  0357      109.60
10820078  0357      114.07
10840266  0357      109.60
10841061  0357      101.10
10841823  0357      123.59
10842205  0357      109.60
10843324  0357      274.00
10844575  0357      247.18
10844947  0357      109.60
10845717  0357       97.14
10845943  0357      123.59
10846474  0357      109.60
10846532  0357      114.07
10846629  0357      109.60
10846940  0357      219.20
10846985  0357      109.60
10847648  0357       97.14
10848158  0357      118.73
10849906  0357      109.60
10849907  0357      114.07
10860593  0357      109.60
10903693  0357       97.14
10959957  0357      109.60
10960021  0357      109.60
10963442  0357      114.07
10963957  0357      114.07
10964062  0357      219.20
1108218   0357      154.20
1112379   0357      158.57
1115136   0357      283.61
11163187  0357       97.14
11177533  0357       97.14
11260715  0357      109.60
11261772  0357      123.59
11262378  0357      109.60
11263756  0357       97.14
11264465  0357      109.60
11264550  0357      105.23
11265496  0357      109.60
11265527  0357      114.07
11266390  0357      219.20
11267811  0357      210.46
11267932  0357      194.28
11268437  0357      123.59
11269196  0357      118.73
1129535   0357      164.38
11414487  0357      114.07
11425214  0357      109.60
11425449  0357      109.60
11426462  0357      105.23
11428034  0357      105.23
11428889  0357      274.00
11429539  0357      219.20
11429792  0357       97.14
11429991  0357      164.40
11430700  0357      109.60
11433167  0357      109.60
11433865  0357      219.20
11433968  0357      219.20
11434350  0357      109.60
11546168  0357      105.23
11580362  0357      114.07
11584952  0357      109.60
11586448  0357      109.60
11589730  0357      219.20
11594236  0357      123.59
11594524  0357       97.14
11596252  0357      109.60
11597667  0357      109.60
11598121  0357      101.10
11598207  0357       97.14
11598956  0357      101.10
11633896  0357      101.10
11645810  0357      109.60
11651035  0357      109.60
11651090  0357      109.60
11652405  0357      109.60
11653864  0357      109.60
11694358  0357       97.14
11694758  0357      109.60
11695394  0357      194.28
11749469  0357      109.60
11783201  0357      114.07
11783366  0357      123.59
11784637  0357       97.14
11786325  0357      123.59
11786432  0357      101.10
11787653  0357      219.20
11787807  0357      109.60
11788587  0357      228.14
11788630  0357      114.07
11790273  0357      109.60
11790818  0357      164.40
11791177  0357      109.60
11792506  0357       97.14
11792846  0357      109.60
118087    0357       99.30
11878930  0357      109.60
11879419  0357      114.07
11879750  0357      123.59
11881224  0357      123.59
11881668  0357      242.85
11881669  0357       97.14
11882080  0357      105.23
11882720  0357      123.59
11883300  0357      219.20
11949766  0357      123.59
12011761  0357      247.18
12018571  0357      157.85
12018729  0357       97.14
12018852  0357      109.60
12019816  0357      105.23
12020535  0357      118.73
12021559  0357      114.07
12021966  0357      109.60
12022428  0357      114.07
12023306  0357      118.73
12023981  0357      164.40
12024178  0357      109.60
12024179  0357      109.60
12025294  0357      164.40
12025488  0357       97.14
12025491  0357       97.14
12026565  0357      109.60
12027093  0357      109.60
12027260  0357      109.60
12027527  0357       97.14
12027928  0357       97.14
12027973  0357      228.14
12080554  0357      109.60
1218058   0357      167.18
12241212  0357      145.71
12242270  0357      109.60
12243077  0357       97.14
12244707  0357       97.14
12247738  0357      164.40
12248400  0357      242.85
12248755  0357      114.07
12248784  0357      202.20
12248960  0357      109.60
12249178  0357      123.59
12279667  0357      109.60
12314254  0357      296.82
1232375   0357      125.40
12369466  0357      109.60
12370670  0357      118.73
1239070   0357      154.20
12434895  0357      101.10
12435304  0357      109.60
12435757  0357      145.71
12435759  0357      274.00
12527456  0357      105.23
12534356  0357      109.60
12536172  0357      109.60
12536549  0357      118.73
1254062   0357      150.07
1257983   0357      163.04
1258658   0357      158.57
1261562   0357      150.07
1262953   0357      261.41
1263302   0357      146.11
1263303   0357      158.57
1263991   0357      128.82
1265436   0357      158.57
1266723   0357      126.68
12691465  0357      109.60
1269356   0357      326.08
12698409  0357       97.14
12698965  0357       97.14
12700553  0357      105.23
12701276  0357      109.60
12701301  0357      242.85
12702273  0357      105.23
12704473  0357      101.10
12704482  0357      228.14
12704649  0357      109.60
12704927  0357      109.60
12705860  0357      109.60
12706171  0357      109.60
12706774  0357      228.14
12707136  0357      109.60
1272390   0357      150.07
1273369   0357      169.67
1277938   0357      150.07
1278407   0357      158.57
12848719  0357      109.60
12849330  0357      118.73
12851330  0357      109.60
12852888  0357      109.60
12858616  0357      164.40
12878256  0357      109.60
12884972  0357      109.60
12934142  0357      105.23
12934525  0357       97.14
12935305  0357      109.60
12935606  0357      109.60
13032012  0357      194.28
13032033  0357      109.60
13034237  0357      109.60
13035222  0357      123.59
13084488  0357      101.10
13084886  0357      105.23
13180551  0357      109.60
1318484   0357      154.20
13187744  0357      219.20
13187816  0357      164.40
13188137  0357      101.10
13188604  0357      151.65
13264411  0357      109.60
13265462  0357       97.14
13265946  0357      164.40
13266369  0357      109.60
13268000  0357      194.28
13268185  0357      194.28
13268457  0357      105.23
13268537  0357      164.40
13343258  0357       97.14
13346269  0357      242.85
13408041  0357      101.10
13510172  0357      101.10
13510180  0357       97.14
13519440  0357       97.14
13527636  0357      114.07
13566631  0357      123.59
13643981  0357      194.28
13643982  0357      145.71
13644051  0357      109.60
13644555  0357      242.85
13644665  0357      109.60
13644680  0357      285.18
13652653  0357       97.14
13674854  0357      114.07
13678214  0357      109.60
13678857  0357       97.14
13679940  0357      109.60
13724134  0357      164.40
13774187  0357       97.14
13774684  0357      109.60
13775452  0357       97.14
13775808  0357       97.14
13777181  0357      145.71
13785046  0357       97.14
13785661  0357      109.60
13785997  0357      105.23
13786181  0357      109.60
13787208  0357      109.60
13787741  0357       97.14
13842354  0357      109.60
13843775  0357      109.60
13856268  0357      109.60
13867427  0357      164.40
13868652  0357      109.60
13880177  0357      119.86
13880981  0357      109.60
13905892  0357       97.14
13986119  0357      109.60
13990906  0357      171.11
14003086  0357      105.23
14030527  0357       97.14
14031045  0357      109.60
14031497  0357      274.00
14093727  0357      164.40
14094806  0357      114.07
14143188  0357      105.23
14159223  0357      194.28
14176129  0357      109.60
14176671  0357      109.60
14270811  0357      242.85
14293118  0357      164.40
1431183   0357      158.57
14335445  0357      105.23
14335539  0357      109.60
14372299  0357      114.07
14372545  0357       97.14
14372818  0357      490.04
14376347  0357      109.60
14398946  0357      109.60
14399267  0357      151.65
14405196  0357      109.60
14405401  0357      109.60
14513487  0357       97.14
14590375  0357      101.10
14607589  0357      151.65
14648947  0357      109.60
14649126  0357       97.14
14825867  0357      109.60
14877620  0357      109.60
14877805  0357      114.07
14877859  0357      118.73
14879704  0357      145.71
14880827  0357      114.07
15170350  0357      101.10
15177340  0357      114.07
15177867  0357      194.28
15306151  0357      263.08
15306996  0357      105.23
15352095  0357      109.60
15444811  0357      114.07
15448608  0357      109.60
15597541  0357       97.14
15598043  0357       97.14
15598319  0357      109.60
15598510  0357      219.20
15598933  0357       97.14
15599928  0357      151.65
15668151  0357      219.20
15668851  0357      101.10
15690244  0357       97.14
15729233  0357      164.40
15729536  0357      252.75
15778630  0357      164.40
15885754  0357       97.14
15959808  0357       97.14
15961650  0357       97.14
16001576  0357       97.14
16137706  0357      105.23
16138119  0357      164.40
1631390   0357      250.70
16324090  0357      109.60
16385667  0357      101.10
16387437  0357      219.20
16594051  0357      101.10
16641426  0357      105.23
16736267  0357      109.60
16770549  0357      109.60
16788972  0357      219.20
16796439  0357      194.28
17011869  0357      219.20
17012587  0357      274.00
17019549  0357      109.60
17033230  0357       97.14
17033256  0357       97.14
17104175  0357      109.60
17306742  0357       97.14
1737075   0357      154.20
17379215  0357      151.65
17380736  0357       97.14
17504786  0357      101.10
17572385  0357      219.20
17574055  0357      101.10
17626132  0357      202.20
1763812   0357      261.41
1764349   0357      146.11
1765295   0357      199.29
1769938   0357      157.08
17727473  0357      101.10
17859806  0357       97.14
17859921  0357      194.28
17872590  0357      109.60
17965237  0357      164.40
18058393  0357       97.14
18059918  0357      109.60
18263579  0357      109.60
18263756  0357      109.60
1834693   0357      126.68
18421508  0357       97.14
18471327  0357      109.60
18618969  0357       97.14
18656459  0357      164.40
18785684  0357       97.14
18950730  0357       97.14
1906129   0357      158.57
19166206  0357      242.85
19262723  0357      109.60
1926999   0357      163.04
19324610  0357      219.20
19424156  0357      219.20
19431369  0357      109.60
19827450  0357       97.14
19850185  0357      242.85
19886649  0357      274.00
19973112  0357      109.60
20046577  0357      194.28
20046584  0357      194.28
20187870  0357      202.20
20189202  0357      118.73
20235584  0357      202.20
2030572   0357      154.20
2033664   0357      172.56
20348834  0357      145.71
20351464  0357      219.20
21140944  0357      145.71
2130876   0357      146.11
2157417   0357      431.40
2186056   0357      154.20
2189077   0357      119.74
2196831   0357      150.07
2198274   0357      174.14
2198799   0357      154.20
22326349  0357      101.10
2272067   0357      146.11
23156662  0357      180.02
2376223   0357      173.90
2380275   0357      163.04
2384661   0357      158.57
2529886   0357      158.57
2532585   0357      146.11
2533320   0357      173.02
2534786   0357      136.65
2535843   0357      163.04
2536373   0357      163.04
2536795   0357      165.45
2538821   0357      165.30
2539607   0357      163.04
2539943   0357      146.11
2541142   0357      158.57
2541439   0357      275.40
2541709   0357      159.53
2543654   0357      158.57
2543813   0357      158.57
2543932   0357      150.07
2592064   0357      163.03
2592966   0357      179.56
2593377   0357      166.49
2593686   0357      154.20
2596405   0357      195.12
2597854   0357      150.72
2598033   0357      142.10
2598733   0357      145.83
2598872   0357      151.71
2601437   0357      159.91
2603046   0357      145.39
2605117   0357      171.89
2605164   0357      156.51
2605539   0357      118.76
2605823   0357      126.64
2607322   0357      206.17
2608233   0357      208.77
2608304   0357      157.19
2608554   0357      150.72
2684589   0357      158.57
2741170   0357      171.61
2854705   0357      154.20
2870837   0357      153.50
2910376   0357      146.11
2910432   0357      157.08
2911765   0357      154.20
2912407   0357      146.11
2912692   0357      172.56
2913757   0357      157.02
2913809   0357      146.11
2914272   0357      160.06
2915293   0357      146.11
2915714   0357      158.57
2915780   0357      147.60
2916102   0357      136.65
2916362   0357      148.70
2916467   0357      150.07
2916786   0357      154.20
2918280   0357      396.42
2992913   0357      146.11
3035349   0357      158.57
3039370   0357      164.14
3080057   0357      258.84
3080311   0357      158.57
3080984   0357      109.60
3081351   0357      169.67
3082505   0357      262.99
3083006   0357      158.57
3083065   0357      146.11
3083457   0357      134.88
3083843   0357      150.07
3084868   0357      157.64
3084978   0357      167.86
3085009   0357      167.39
3085276   0357      167.70
3090485   0357      213.67
3156003   0357      248.95
3234299   0357      167.70
3245420   0357      158.57
3314884   0357      136.60
3315121   0357      146.11
3315781   0357      146.11
3317339   0357      218.32
3317520   0357      168.92
3318589   0357      225.48
3318694   0357      203.24
3318719   0357      157.64
3319659   0357      150.07
3320986   0357      158.57
3322128   0357      172.92
3322284   0357      154.20
3322381   0357      156.12
3324084   0357      252.42
3324110   0357      299.08
3324403   0357      172.56
3329806   0357      145.39
3353242   0357      257.04
3457632   0357      232.65
3528540   0357      207.81
3533360   0357      215.71
3535445   0357      156.37
3535676   0357      161.13
3535838   0357      148.17
3538837   0357      212.34
3539352   0357      151.07
3541739   0357      172.16
3541975   0357      126.65
3542004   0357      114.07
3542015   0357      145.63
3554092   0357      163.04
3593839   0357      166.40
3598528   0357      155.25
3710064   0357      226.15
3759377   0357      144.44
3784066   0357      183.94
3784441   0357      222.32
3785251   0357      172.68
3792247   0357      167.18
3830110   0357      137.91
3855157   0357      126.64
3855577   0357      158.57
3856978   0357      152.39
3857004   0357      167.39
3857220   0357      173.23
3857667   0357      149.50
3857878   0357      149.22
3858323   0357      346.41
3858856   0357      114.07
3859230   0357      301.85
3864991   0357      189.86
3875055   0357      219.58
3877925   0357      228.14
3878006   0357      105.23
3963688   0357      205.39
3964093   0357      250.36
3964337   0357      131.50
3965704   0357      168.29
3969513   0357      200.54
4001934   0357      229.08
4064149   0357      194.17
4065177   0357      150.07
4065584   0357      109.60
4065648   0357      272.32
4066245   0357      151.65
4067118   0357      207.56
4067735   0357      211.20
4067795   0357      152.14
4068788   0357      202.45
4071074   0357      231.27
4071241   0357      239.05
4107436   0357      105.23
4191539   0357      183.46
4193094   0357      446.77
4194671   0357      213.41
4195654   0357      149.33
4199927   0357      129.82
4200911   0357      155.54
4238916   0357      132.54
430240    0357      146.11
4317775   0357      241.50
4373204   0357      248.08
4373479   0357      202.45
4375498   0357      153.98
4375998   0357      147.81
4376813   0357      196.52
4377201   0357      145.86
4378140   0357      201.97
4378236   0357      146.45
4378283   0357      172.68
4378759   0357      227.07
4379154   0357      143.58
4381341   0357      162.39
4381614   0357       97.14
4382400   0357      274.89
4383023   0357      114.07
4383200   0357      138.85
4385047   0357      141.87
4386936   0357      118.73
4387777   0357      263.08
439023    0357      147.86
4409485   0357      114.07
4409788   0357      152.56
4409789   0357      194.28
4414417   0357      225.05
4414541   0357      169.98
4414909   0357      145.41
4415675   0357      156.76
443869    0357      158.57
4609506   0357      210.75
4610129   0357      151.71
4720170   0357      145.71
4720923   0357      109.60
4721016   0357       97.14
4721639   0357      146.11
4722680   0357      157.08
4722814   0357      130.93
4723168   0357      166.64
4723276   0357      205.59
4723403   0357      147.97
4724433   0357      142.10
4725919   0357      228.14
4727740   0357      105.23
4728331   0357      160.43
4729448   0357      130.56
4729575   0357      173.10
4730168   0357      255.93
4730490   0357      161.93
4730823   0357      252.66
4731322   0357      229.12
4731494   0357      188.12
4732090   0357      212.47
4732618   0357      101.10
4734527   0357      101.10
4734940   0357       97.14
4735505   0357      146.11
4738424   0357      158.57
4739546   0357      207.23
4739796   0357      114.07
4754833   0357      196.94
4803744   0357      114.07
4805842   0357      109.60
4827213   0357      200.12
4853128   0357      167.55
4882144   0357      144.27
5017295   0357      105.23
5022967   0357      145.57
5237805   0357      109.60
5238236   0357      144.44
5239261   0357      189.22
5240821   0357      178.49
5242545   0357      164.55
5244302   0357      252.91
5244483   0357      105.23
5244484   0357      188.12
5244765   0357      187.90
5245261   0357      114.07
5248926   0357      233.92
5248954   0357      193.60
5249259   0357      109.60
5249817   0357      114.07
5250965   0357      157.29
5251153   0357      275.52
5251214   0357      199.78
5252606   0357      228.14
5253930   0357      133.11
5254613   0357      289.23
5254952   0357      158.05
5255567   0357      109.60
5255641   0357      114.07
5257069   0357      205.45
5257175   0357      150.72
5257421   0357      118.73
5257727   0357      274.00
5257774   0357      109.60
5259121   0357      138.40
5259785   0357      172.57
5261116   0357      101.10
5261139   0357      220.74
5261250   0357      186.38
5261418   0357      198.34
5261643   0357      217.59
5263470   0357      170.81
5344986   0357       97.14
5435450   0357      101.10
5436619   0357      114.07
5436795   0357      143.85
5438690   0357      191.31
5439480   0357      109.60
5439865   0357      296.82
5458236   0357      101.10
5461455   0357      150.74
5605414   0357      450.25
5658043   0357      222.12
5688352   0357      109.60
5765952   0357      109.60
5779173   0357      109.60
5915261   0357      158.57
5921128   0357      109.60
5921800   0357       97.14
5923624   0357      114.07
5925143   0357      114.07
5925949   0357      126.68
5929492   0357      109.60
5935536   0357      285.18
5938630   0357      109.60
5938995   0357      109.60
6044716   0357      164.40
6125595   0357      242.85
6127630   0357      230.01
6238388   0357      123.59
6394853   0357      167.55
64800     0357      167.70
6537141   0357      163.76
6573443   0357      269.15
6573855   0357      118.73
6573893   0357      101.10
6575243   0357      105.23
6575301   0357      109.60
6584406   0357      417.41
6602322   0357       97.14
6634354   0357      109.60
6689708   0357      109.60
6690236   0357      109.60
6701343   0357      109.60
6701344   0357      109.60
6701453   0357      109.60
673822    0357      150.07
6841910   0357       97.14
7076647   0357      109.60
7211860   0357      114.07
7240399   0357      109.60
7300376   0357      191.31
7301470   0357      151.22
7305494   0357      150.49
7305781   0357      168.29
7308623   0357      246.76
7309317   0357       97.14
7309375   0357      105.23
7310425   0357      118.73
7310959   0357      172.68
7311233   0357      204.52
7311255   0357      226.34
7312149   0357      223.11
7313189   0357      157.19
7314050   0357       97.14
7314987   0357      118.73
7315048   0357      114.07
7315058   0357      274.00
7315331   0357      109.60
7316059   0357      118.73
7316139   0357      114.07
7316607   0357      275.40
7316959   0357      354.04
7317744   0357      292.21
7318041   0357      194.36
7319649   0357      228.14
7321787   0357      105.23
7322304   0357      105.23
7322780   0357      101.10
7322794   0357      328.67
7324725   0357      156.12
7325664   0357      232.66
7325721   0357      149.30
7325722   0357      320.11
7325778   0357      127.43
7328421   0357       97.14
7330948   0357      109.60
7331943   0357      398.35
7332202   0357       97.14
7332734   0357      226.08
7333145   0357      114.07
7333526   0357      194.28
7335642   0357      109.60
7337422   0357      185.80
7337778   0357       97.14
7338055   0357      118.73
7340200   0357      154.20
7340742   0357      172.92
7340989   0357      204.24
7342107   0357      105.23
7342680   0357      158.57
7343605   0357       97.14
7344290   0357      105.23
7344465   0357      210.46
7347856   0357      173.21
7348137   0357       97.14
7348986   0357      109.60
7349428   0357      308.98
7349843   0357       97.14
7350162   0357      198.60
7350273   0357      105.23
7351297   0357      167.42
7352317   0357      105.23
7353364   0357      194.28
7353377   0357      109.60
7354064   0357       97.14
7354848   0357      127.43
7355928   0357      173.03
7359478   0357      114.07
7360346   0357      101.10
7360517   0357      109.60
7363171   0357      186.32
7363652   0357      109.60
7365166   0357      109.60
7365545   0357      105.23
7367276   0357       97.14
7368710   0357      194.28
7369018   0357      109.60
7371154   0357      109.60
7372156   0357       97.14
7372973   0357      237.70
7373089   0357      101.10
7373215   0357      118.73
7374243   0357      101.10
7374616   0357      183.78
7377030   0357      101.10
7377579   0357      109.60
7379256   0357      210.46
7380616   0357       97.14
7381553   0357      109.60
7382148   0357      210.88
7382532   0357       97.14
7384964   0357      109.60
7387544   0357      219.20
7388038   0357       97.14
7388080   0357      109.60
7388125   0357      114.07
7388199   0357      151.65
7389581   0357      109.60
7391472   0357      105.23
7392153   0357      285.18
7393061   0357      105.23
7393144   0357      194.28
7395742   0357      126.66
7396051   0357      164.40
7398038   0357      164.64
7400031   0357      109.60
7401094   0357      109.60
7401380   0357      109.60
7401853   0357       97.14
7403123   0357       97.14
7403188   0357      105.23
7403563   0357      105.23
7406353   0357      109.60
7408531   0357      109.60
7409730   0357      105.23
7410177   0357      123.59
7412535   0357      114.07
7412738   0357      101.10
7415285   0357      123.59
7415448   0357      109.60
7416870   0357       97.14
7417289   0357      194.28
7417791   0357      219.20
7418898   0357       97.14
7418939   0357       97.14
7419340   0357      105.23
7419740   0357      215.16
7419800   0357      109.60
7419866   0357      263.08
7420316   0357      109.60
7420429   0357      114.07
7423108   0357      114.07
7423415   0357      109.60
7423444   0357      109.60
7425063   0357       97.14
7425430   0357      109.60
7425900   0357      105.23
7426046   0357      109.60
7427359   0357       97.14
7427520   0357      109.60
7429274   0357      109.60
7432253   0357      114.07
7434591   0357      274.00
7435158   0357      242.85
7436077   0357      210.46
7436996   0357      109.60
7437806   0357       97.14
7437808   0357       97.14
7438450   0357      109.60
7439597   0357      237.46
7439617   0357      109.60
7439629   0357      109.60
7440809   0357      137.74
7442445   0357      109.60
7444497   0357      145.71
7444651   0357      114.07
7444842   0357      109.60
7444889   0357      237.46
7445661   0357      101.10
7446382   0357      114.07
7446644   0357      109.60
7447067   0357      274.00
7447334   0357      118.73
7447992   0357       97.14
7449457   0357      101.10
7455429   0357      233.35
7455588   0357      109.60
7461704   0357      109.60
7465820   0357      274.00
7465910   0357      109.60
7466779   0357      258.24
7466870   0357      250.11
7502836   0357      199.81
7548386   0357      174.05
7548420   0357      105.23
770342    0357      158.57
7917981   0357      109.60
7981510   0357      114.07
7982728   0357       97.14
7982865   0357      114.07
7983170   0357       97.14
7984159   0357      109.60
7985605   0357      129.83
7988969   0357      280.63
8054279   0357      194.27
8064487   0357      353.99
8068577   0357      219.75
8069571   0357      109.60
8140450   0357      141.72
8594315   0357      109.60
8718789   0357      219.20
8734286   0357      114.07
9066082   0357      172.57
9100619   0357      280.63
9211039   0357      105.23
9261804   0357      114.07
9317884   0357      228.14
9433060   0357      109.60
9540404   0357      114.07
9540845   0357      178.09
9542018   0357      114.07
9542237   0357      105.23
9543174   0357      109.60
9543530   0357      221.31
9544179   0357      109.60
9544345   0357      101.10
9544429   0357      114.07
9544827   0357      114.07
9545198   0357      161.93
9545952   0357      220.61
9546474   0357      109.60
9547148   0357      105.23
9551389   0357      109.60
9552709   0357      178.45
9553039   0357      406.32
9553047   0357      105.23
9553149   0357       97.14
9553310   0357      194.28
9555077   0357      182.66
9555609   0357       97.14
9555641   0357      109.60
9557148   0357      237.46
9557803   0357      101.10
9557875   0357       97.14
9557894   0357      270.70
9558628   0357      101.10
9560453   0357       97.14
9570736   0357      234.84
9572755   0357      109.60
9577605   0357      250.11
9601343   0357      274.00
9603154   0357      101.10
9603683   0357      109.60
9603870   0357      126.65
9604166   0357      105.23
9604592   0357      185.39
9607091   0357      167.39
9608547   0357      109.60
9609337   0357       97.14
9609338   0357      219.20
9612117   0357      319.93
9612530   0357      274.00
9612692   0357      109.60
9614364   0357      210.46
9615563   0357      109.60
9615964   0357      109.60
9617493   0357      210.46
9620242   0357      228.14
9620248   0357      237.46
9620376   0357      109.60
9620599   0357      114.07
9620701   0357      105.23
9620720   0357      105.23
9621777   0357       97.14
9622347   0357      109.60
9624370   0357      123.59
9624596   0357       97.14
9625361   0357      109.60
9625933   0357      219.20
9626082   0357      109.60
9626215   0357      105.23
9627150   0357      285.18
9627523   0357      219.20
9627724   0357       97.14
9629963   0357      114.07
9631462   0357      114.07
9634554   0357      109.60
9634674   0357      109.60
9636806   0357       97.14
9638320   0357      109.60
9639201   0357      105.23
9845319   0357      101.10
9846320   0357      114.07
9847068   0357      105.23
9847350   0357      269.84
9848693   0357      105.23
9850403   0357      109.60
9851111   0357      109.60
9851993   0357      109.60
10107724  3357      123.59
10120357  3357      109.60
10121866  3357      114.07
10125466  3357       97.14
10126656  3357      109.60
10141786  3357      114.07
10312414  3357      105.23
10373550  3357      109.60
10639752  3357       97.14
10726693  3357      109.60
10760806  3357       97.14
10764554  3357      114.07
10770124  3357      109.60
10772668  3357       97.14
10774121  3357      114.07
10775520  3357      105.23
10776516  3357      123.59
10776915  3357       97.14
10777482  3357       97.14
10777645  3357      109.60
10778464  3357       97.14
10779723  3357      247.39
10784623  3357      109.60
10820078  3357      114.07
10840266  3357      109.60
10841061  3357      101.10
10841823  3357      123.59
10842205  3357      109.60
10843324  3357      109.60
10844575  3357      123.59
10844947  3357      109.60
10845717  3357       97.14
10845943  3357      123.59
10846474  3357      109.60
10846532  3357      114.07
10846629  3357      109.60
10846940  3357      109.60
10846985  3357      109.60
10847648  3357       97.14
10848158  3357      118.73
10849906  3357      109.60
10849907  3357      114.07
10860593  3357      109.60
10903693  3357       97.14
10959957  3357      109.60
10960021  3357      109.60
10963442  3357      114.07
10963957  3357      114.07
10964062  3357      109.60
1108218   3357      154.20
1112379   3357      158.57
1115136   3357      283.61
11163187  3357       97.14
11177533  3357       97.14
11260715  3357      109.60
11261772  3357      123.59
11262378  3357      109.60
11263756  3357       97.14
11264465  3357      109.60
11264550  3357      105.23
11265496  3357      109.60
11265527  3357      114.07
11266390  3357      109.60
11267811  3357      105.23
11267932  3357       97.14
11268437  3357      123.59
11269196  3357      118.73
1129535   3357      164.38
11414487  3357      114.07
11425214  3357      109.60
11425449  3357      109.60
11426462  3357      105.23
11428034  3357      105.23
11428889  3357      109.60
11429539  3357      109.60
11429792  3357       97.14
11429991  3357      109.60
11430700  3357      109.60
11433167  3357      109.60
11433865  3357      109.60
11433968  3357      109.60
11434350  3357      109.60
11546168  3357      105.23
11580362  3357      114.07
11584952  3357      109.60
11586448  3357      109.60
11589730  3357      109.60
11594236  3357      123.59
11594524  3357       97.14
11596252  3357      109.60
11597667  3357      109.60
11598121  3357      101.10
11598207  3357       97.14
11598956  3357      101.10
11633896  3357      101.10
11645810  3357      109.60
11651035  3357      109.60
11651090  3357      109.60
11652405  3357      109.60
11653864  3357      109.60
11694358  3357       97.14
11694758  3357      109.60
11695394  3357       97.14
11749469  3357      109.60
11783201  3357      114.07
11783366  3357      123.59
11784637  3357       97.14
11786325  3357      123.59
11786432  3357      101.10
11787653  3357      109.60
11787807  3357      109.60
11788587  3357      114.07
11788630  3357      114.07
11790273  3357      109.60
11790818  3357      109.60
11791177  3357      109.60
11792506  3357       97.14
11792846  3357      109.60
118087    3357       99.30
11878930  3357      109.60
11879419  3357      114.07
11879750  3357      123.59
11881224  3357      123.59
11881668  3357       97.14
11881669  3357       97.14
11882080  3357      105.23
11882720  3357      123.59
11883300  3357      109.60
11949766  3357      123.59
12011761  3357      123.59
12018571  3357      105.23
12018729  3357       97.14
12018852  3357      109.60
12019816  3357      105.23
12020535  3357      118.73
12021559  3357      114.07
12021966  3357      109.60
12022428  3357      114.07
12023306  3357      118.73
12023981  3357      109.60
12024178  3357      109.60
12024179  3357      109.60
12025294  3357      109.60
12025488  3357       97.14
12025491  3357       97.14
12026565  3357      109.60
12027093  3357      109.60
12027260  3357      109.60
12027527  3357       97.14
12027928  3357       97.14
12027973  3357      114.07
12080554  3357      109.60
1218058   3357      167.18
12241212  3357       97.14
12242270  3357      109.60
12243077  3357       97.14
12244707  3357       97.14
12247738  3357      109.60
12248400  3357       97.14
12248755  3357      114.07
12248784  3357      101.10
12248960  3357      109.60
12249178  3357      123.59
12279667  3357      109.60
12314254  3357      118.73
1232375   3357      125.40
12369466  3357      109.60
12370670  3357      118.73
1239070   3357      154.20
12434895  3357      101.10
12435304  3357      109.60
12435757  3357       97.14
12435759  3357      109.60
12527456  3357      105.23
12534356  3357      109.60
12536172  3357      109.60
12536549  3357      118.73
1254062   3357      150.07
1257983   3357      163.04
1258658   3357      158.57
1261562   3357      150.07
1262953   3357      261.41
1263302   3357      146.11
1263303   3357      158.57
1263991   3357      128.82
1265436   3357      158.57
1266723   3357      126.68
12691465  3357      109.60
1269356   3357      163.04
12698409  3357       97.14
12698965  3357       97.14
12700553  3357      105.23
12701276  3357      109.60
12701301  3357       97.14
12702273  3357      105.23
12704473  3357      101.10
12704482  3357      114.07
12704649  3357      109.60
12704927  3357      109.60
12705860  3357      109.60
12706171  3357      109.60
12706774  3357      114.07
12707136  3357      109.60
1272390   3357      150.07
1273369   3357      169.67
1277938   3357      150.07
1278407   3357      158.57
12848719  3357      109.60
12849330  3357      118.73
12851330  3357      109.60
12852888  3357      109.60
12858616  3357      109.60
12878256  3357      109.60
12884972  3357      109.60
12934142  3357      105.23
12934525  3357       97.14
12935305  3357      109.60
12935606  3357      109.60
13032012  3357       97.14
13032033  3357      109.60
13034237  3357      109.60
13035222  3357      123.59
13084488  3357      101.10
13084886  3357      105.23
13180551  3357      109.60
1318484   3357      154.20
13187744  3357      109.60
13187816  3357      109.60
13188137  3357      101.10
13188604  3357      101.10
13264411  3357      109.60
13265462  3357       97.14
13265946  3357      109.60
13266369  3357      109.60
13268000  3357       97.14
13268185  3357       97.14
13268457  3357      105.23
13268537  3357      109.60
13343258  3357       97.14
13346269  3357       97.14
13408041  3357      101.10
13510172  3357      101.10
13510180  3357       97.14
13519440  3357       97.14
13527636  3357      114.07
13566631  3357      123.59
13643981  3357       97.14
13643982  3357       97.14
13644051  3357      109.60
13644555  3357       97.14
13644665  3357      109.60
13644680  3357      114.07
13652653  3357       97.14
13674854  3357      114.07
13678214  3357      109.60
13678857  3357       97.14
13679940  3357      109.60
13724134  3357      109.60
13774187  3357       97.14
13774684  3357      109.60
13775452  3357       97.14
13775808  3357       97.14
13777181  3357       97.14
13785046  3357       97.14
13785661  3357      109.60
13785997  3357      105.23
13786181  3357      109.60
13787208  3357      109.60
13787741  3357       97.14
13842354  3357      109.60
13843775  3357      109.60
13856268  3357      109.60
13867427  3357      109.60
13868652  3357      109.60
13880177  3357      119.86
13880981  3357      109.60
13905892  3357       97.14
13986119  3357      109.60
13990906  3357      114.07
14003086  3357      105.23
14030527  3357       97.14
14031045  3357      109.60
14031497  3357      109.60
14093727  3357      109.60
14094806  3357      114.07
14143188  3357      105.23
14159223  3357       97.14
14176129  3357      109.60
14176671  3357      109.60
14270811  3357       97.14
14293118  3357      109.60
1431183   3357      158.57
14335445  3357      105.23
14335539  3357      109.60
14372299  3357      114.07
14372545  3357       97.14
14372818  3357      196.02
14376347  3357      109.60
14398946  3357      109.60
14399267  3357      101.10
14405196  3357      109.60
14405401  3357      109.60
14513487  3357       97.14
14590375  3357      101.10
14607589  3357      101.10
14648947  3357      109.60
14649126  3357       97.14
14825867  3357      109.60
14877620  3357      109.60
14877805  3357      114.07
14877859  3357      118.73
14879704  3357       97.14
14880827  3357      114.07
15170350  3357      101.10
15177340  3357      114.07
15177867  3357       97.14
15306151  3357      105.23
15306996  3357      105.23
15352095  3357      109.60
15444811  3357      114.07
15448608  3357      109.60
15597541  3357       97.14
15598043  3357       97.14
15598319  3357      109.60
15598510  3357      109.60
15598933  3357       97.14
15599928  3357      101.10
15668151  3357      109.60
15668851  3357      101.10
15690244  3357       97.14
15729233  3357      109.60
15729536  3357      101.10
15778630  3357      109.60
15885754  3357       97.14
15959808  3357       97.14
15961650  3357       97.14
16001576  3357       97.14
16137706  3357      105.23
16138119  3357      109.60
1631390   3357      250.70
16324090  3357      109.60
16385667  3357      101.10
16387437  3357      109.60
16594051  3357      101.10
16641426  3357      105.23
16736267  3357      109.60
16770549  3357      109.60
16788972  3357      109.60
16796439  3357       97.14
17011869  3357      109.60
17012587  3357      109.60
17019549  3357      109.60
17033230  3357       97.14
17033256  3357       97.14
17104175  3357      109.60
17306742  3357       97.14
1737075   3357      154.20
17379215  3357      101.10
17380736  3357       97.14
17504786  3357      101.10
17572385  3357      109.60
17574055  3357      101.10
17626132  3357      101.10
1763812   3357      261.41
1764349   3357      146.11
1765295   3357       99.65
1769938   3357      157.08
17727473  3357      101.10
17859806  3357       97.14
17859921  3357       97.14
17872590  3357      109.60
17965237  3357      109.60
18058393  3357       97.14
18059918  3357      109.60
18263579  3357      109.60
18263756  3357      109.60
1834693   3357      126.68
18421508  3357       97.14
18471327  3357      109.60
18618969  3357       97.14
18656459  3357      109.60
18785684  3357       97.14
18950730  3357       97.14
1906129   3357      158.57
19166206  3357       97.14
19262723  3357      109.60
1926999   3357      163.04
19324610  3357      109.60
19424156  3357      109.60
19431369  3357      109.60
19827450  3357       97.14
19850185  3357       97.14
19886649  3357      109.60
19973112  3357      109.60
20046577  3357       97.14
20046584  3357       97.14
20187870  3357      101.10
20189202  3357      118.73
20235584  3357      101.10
2030572   3357      154.20
2033664   3357      172.56
20348834  3357       97.14
20351464  3357      109.60
21140944  3357       97.14
2130876   3357      146.11
2157417   3357      172.56
2186056   3357      154.20
2189077   3357      119.74
2196831   3357      150.07
2198274   3357      174.14
2198799   3357      154.20
22326349  3357      101.10
2272067   3357      146.11
23156662  3357      180.02
2376223   3357      173.90
2380275   3357      163.04
2384661   3357      158.57
2529886   3357      158.57
2532585   3357      146.11
2533320   3357      173.02
2534786   3357      136.65
2535843   3357      163.04
2536373   3357      163.04
2536795   3357      165.45
2538821   3357      165.30
2539607   3357      163.04
2539943   3357      146.11
2541142   3357      158.57
2541439   3357      275.40
2541709   3357      159.53
2543654   3357      158.57
2543813   3357      158.57
2543932   3357      150.07
2592064   3357      163.03
2592966   3357      179.56
2593377   3357      166.49
2593686   3357      154.20
2596405   3357      195.12
2597854   3357      150.72
2598033   3357      142.10
2598733   3357      145.83
2598872   3357      151.71
2601437   3357      159.91
2603046   3357      145.39
2605117   3357      171.89
2605164   3357      156.51
2605539   3357      118.76
2605823   3357      126.64
2607322   3357      206.17
2608233   3357      208.77
2608304   3357      157.19
2608554   3357      150.72
2684589   3357      158.57
2741170   3357      171.61
2854705   3357      154.20
2870837   3357      153.50
2910376   3357      146.11
2910432   3357      157.08
2911765   3357      154.20
2912407   3357      146.11
2912692   3357      172.56
2913757   3357      157.02
2913809   3357      146.11
2914272   3357      160.06
2915293   3357      146.11
2915714   3357      158.57
2915780   3357      147.60
2916102   3357      136.65
2916362   3357      148.70
2916467   3357      150.07
2916786   3357      154.20
2918280   3357      158.57
2992913   3357      146.11
3035349   3357      158.57
3039370   3357      164.14
3080057   3357      172.56
3080311   3357      158.57
3080984   3357      109.60
3081351   3357      169.67
3082505   3357      262.99
3083006   3357      158.57
3083065   3357      146.11
3083457   3357      134.88
3083843   3357      150.07
3084868   3357      157.64
3084978   3357      167.86
3085009   3357      167.39
3085276   3357      167.70
3090485   3357      213.67
3156003   3357      248.95
3234299   3357      167.70
3245420   3357      158.57
3314884   3357      136.60
3315121   3357      146.11
3315781   3357      146.11
3317339   3357      218.32
3317520   3357      168.92
3318589   3357      225.48
3318694   3357      203.24
3318719   3357      157.64
3319659   3357      150.07
3320986   3357      158.57
3322128   3357      172.92
3322284   3357      154.20
3322381   3357      156.12
3324084   3357      252.42
3324110   3357      299.08
3324403   3357      172.56
3329806   3357      145.39
3353242   3357      257.04
3457632   3357      232.65
3528540   3357      207.81
3533360   3357      215.71
3535445   3357      156.37
3535676   3357      161.13
3535838   3357      148.17
3538837   3357      212.34
3539352   3357      151.07
3541739   3357      172.16
3541975   3357      126.65
3542004   3357      114.07
3542015   3357      145.63
3554092   3357      163.04
3593839   3357      166.40
3598528   3357      155.25
3710064   3357      226.15
3759377   3357      144.44
3784066   3357      183.94
3784441   3357      222.32
3785251   3357      172.68
3792247   3357      167.18
3830110   3357      137.91
3855157   3357      126.64
3855577   3357      158.57
3856978   3357      152.39
3857004   3357      167.39
3857220   3357      173.23
3857667   3357      149.50
3857878   3357      149.22
3858323   3357      173.21
3858856   3357      114.07
3859230   3357      201.23
3864991   3357      189.86
3875055   3357      219.58
3877925   3357      114.07
3878006   3357      105.23
3963688   3357      205.39
3964093   3357      250.36
3964337   3357      131.50
3965704   3357      168.29
3969513   3357      200.54
4001934   3357      229.08
4064149   3357      194.17
4065177   3357      150.07
4065584   3357      109.60
4065648   3357      272.32
4066245   3357      151.65
4067118   3357      207.56
4067735   3357      211.20
4067795   3357      152.14
4068788   3357      202.45
4071074   3357      231.27
4071241   3357      239.05
4107436   3357      105.23
4191539   3357      183.46
4193094   3357      178.71
4194671   3357      213.41
4195654   3357      149.33
4199927   3357      129.82
4200911   3357      155.54
4238916   3357      132.54
430240    3357      146.11
4317775   3357      241.50
4373204   3357      248.08
4373479   3357      202.45
4375498   3357      153.98
4375998   3357      147.81
4376813   3357      196.52
4377201   3357      145.86
4378140   3357      201.97
4378236   3357      146.45
4378283   3357      172.68
4378759   3357      227.07
4379154   3357      143.58
4381341   3357      162.39
4381614   3357       97.14
4382400   3357      183.26
4383023   3357      114.07
4383200   3357      138.85
4385047   3357      141.87
4386936   3357      118.73
4387777   3357      105.23
439023    3357      147.86
4409485   3357      114.07
4409788   3357      152.56
4409789   3357       97.14
4414417   3357      225.05
4414541   3357      169.98
4414909   3357      145.41
4415675   3357      156.76
443869    3357      158.57
4609506   3357      210.75
4610129   3357      151.71
4720170   3357       97.14
4720923   3357      109.60
4721016   3357       97.14
4721639   3357      146.11
4722680   3357      157.08
4722814   3357      130.93
4723168   3357      166.64
4723276   3357      205.59
4723403   3357      147.97
4724433   3357      142.10
4725919   3357      114.07
4727740   3357      105.23
4728331   3357      160.43
4729448   3357      130.56
4729575   3357      173.10
4730168   3357      255.93
4730490   3357      161.93
4730823   3357      252.66
4731322   3357      229.12
4731494   3357      188.12
4732090   3357      212.47
4732618   3357      101.10
4734527   3357      101.10
4734940   3357       97.14
4735505   3357      146.11
4738424   3357      158.57
4739546   3357      207.23
4739796   3357      114.07
4754833   3357      196.94
4803744   3357      114.07
4805842   3357      109.60
4827213   3357      200.12
4853128   3357      167.55
4882144   3357      144.27
5017295   3357      105.23
5022967   3357      145.57
5237805   3357      109.60
5238236   3357      144.44
5239261   3357      189.22
5240821   3357      178.49
5242545   3357      164.55
5244302   3357      252.91
5244483   3357      105.23
5244484   3357      188.12
5244765   3357      187.90
5245261   3357      114.07
5248926   3357      233.92
5248954   3357      193.60
5249259   3357      109.60
5249817   3357      114.07
5250965   3357      157.29
5251153   3357      275.52
5251214   3357      199.78
5252606   3357      114.07
5253930   3357      133.11
5254613   3357      289.23
5254952   3357      158.05
5255567   3357      109.60
5255641   3357      114.07
5257069   3357      205.45
5257175   3357      150.72
5257421   3357      118.73
5257727   3357      109.60
5257774   3357      109.60
5259121   3357      138.40
5259785   3357      172.57
5261116   3357      101.10
5261139   3357      220.74
5261250   3357      186.38
5261418   3357      198.34
5261643   3357      217.59
5263470   3357      170.81
5344986   3357       97.14
5435450   3357      101.10
5436619   3357      114.07
5436795   3357      143.85
5438690   3357      191.31
5439480   3357      109.60
5439865   3357      118.73
5458236   3357      101.10
5461455   3357      150.74
5605414   3357      225.12
5658043   3357      222.12
5688352   3357      109.60
5765952   3357      109.60
5779173   3357      109.60
5915261   3357      158.57
5921128   3357      109.60
5921800   3357       97.14
5923624   3357      114.07
5925143   3357      114.07
5925949   3357      126.68
5929492   3357      109.60
5935536   3357      114.07
5938630   3357      109.60
5938995   3357      109.60
6044716   3357      109.60
6125595   3357       97.14
6127630   3357      230.01
6238388   3357      123.59
6394853   3357      167.55
64800     3357      167.70
6537141   3357      163.76
6573443   3357      269.15
6573855   3357      118.73
6573893   3357      101.10
6575243   3357      105.23
6575301   3357      109.60
6584406   3357      166.96
6602322   3357       97.14
6634354   3357      109.60
6689708   3357      109.60
6690236   3357      109.60
6701343   3357      109.60
6701344   3357      109.60
6701453   3357      109.60
673822    3357      150.07
6841910   3357       97.14
7076647   3357      109.60
7211860   3357      114.07
7240399   3357      109.60
7300376   3357      191.31
7301470   3357      151.22
7305494   3357      150.49
7305781   3357      168.29
7308623   3357      246.76
7309317   3357       97.14
7309375   3357      105.23
7310425   3357      118.73
7310959   3357      172.68
7311233   3357      204.52
7311255   3357      226.34
7312149   3357      223.11
7313189   3357      157.19
7314050   3357       97.14
7314987   3357      118.73
7315048   3357      114.07
7315058   3357      109.60
7315331   3357      109.60
7316059   3357      118.73
7316139   3357      114.07
7316607   3357      275.40
7316959   3357      177.02
7317744   3357      146.11
7318041   3357      194.36
7319649   3357      114.07
7321787   3357      105.23
7322304   3357      105.23
7322780   3357      101.10
7322794   3357      328.67
7324725   3357      156.12
7325664   3357      232.66
7325721   3357      149.30
7325722   3357      320.11
7325778   3357      127.43
7328421   3357       97.14
7330948   3357      109.60
7331943   3357      398.35
7332202   3357       97.14
7332734   3357      150.72
7333145   3357      114.07
7333526   3357       97.14
7335642   3357      109.60
7337422   3357      185.80
7337778   3357       97.14
7338055   3357      118.73
7340200   3357      154.20
7340742   3357      172.92
7340989   3357      204.24
7342107   3357      105.23
7342680   3357      158.57
7343605   3357       97.14
7344290   3357      105.23
7344465   3357      105.23
7347856   3357      173.21
7348137   3357       97.14
7348986   3357      109.60
7349428   3357      123.59
7349843   3357       97.14
7350162   3357      198.60
7350273   3357      105.23
7351297   3357      167.42
7352317   3357      105.23
7353364   3357       97.14
7353377   3357      109.60
7354064   3357       97.14
7354848   3357      127.43
7355928   3357      173.03
7359478   3357      114.07
7360346   3357      101.10
7360517   3357      109.60
7363171   3357      186.32
7363652   3357      109.60
7365166   3357      109.60
7365545   3357      105.23
7367276   3357       97.14
7368710   3357       97.14
7369018   3357      109.60
7371154   3357      109.60
7372156   3357       97.14
7372973   3357      237.70
7373089   3357      101.10
7373215   3357      118.73
7374243   3357      101.10
7374616   3357      183.78
7377030   3357      101.10
7377579   3357      109.60
7379256   3357      105.23
7380616   3357       97.14
7381553   3357      109.60
7382148   3357      210.88
7382532   3357       97.14
7384964   3357      109.60
7387544   3357      109.60
7388038   3357       97.14
7388080   3357      109.60
7388125   3357      114.07
7388199   3357      101.10
7389581   3357      109.60
7391472   3357      105.23
7392153   3357      114.07
7393061   3357      105.23
7393144   3357       97.14
7395742   3357      126.66
7396051   3357      109.60
7398038   3357      164.64
7400031   3357      109.60
7401094   3357      109.60
7401380   3357      109.60
7401853   3357       97.14
7403123   3357       97.14
7403188   3357      105.23
7403563   3357      105.23
7406353   3357      109.60
7408531   3357      109.60
7409730   3357      105.23
7410177   3357      123.59
7412535   3357      114.07
7412738   3357      101.10
7415285   3357      123.59
7415448   3357      109.60
7416870   3357       97.14
7417289   3357       97.14
7417791   3357      109.60
7418898   3357       97.14
7418939   3357       97.14
7419340   3357      105.23
7419740   3357      215.16
7419800   3357      109.60
7419866   3357      105.23
7420316   3357      109.60
7420429   3357      114.07
7423108   3357      114.07
7423415   3357      109.60
7423444   3357      109.60
7425063   3357       97.14
7425430   3357      109.60
7425900   3357      105.23
7426046   3357      109.60
7427359   3357       97.14
7427520   3357      109.60
7429274   3357      109.60
7432253   3357      114.07
7434591   3357      109.60
7435158   3357       97.14
7436077   3357      105.23
7436996   3357      109.60
7437806   3357       97.14
7437808   3357       97.14
7438450   3357      109.60
7439597   3357      118.73
7439617   3357      109.60
7439629   3357      109.60
7440809   3357      137.74
7442445   3357      109.60
7444497   3357       97.14
7444651   3357      114.07
7444842   3357      109.60
7444889   3357      118.73
7445661   3357      101.10
7446382   3357      114.07
7446644   3357      109.60
7447067   3357      109.60
7447334   3357      118.73
7447992   3357       97.14
7449457   3357      101.10
7455429   3357      233.35
7455588   3357      109.60
7461704   3357      109.60
7465820   3357      109.60
7465910   3357      109.60
7466779   3357      258.24
7466870   3357      250.11
7502836   3357      199.81
7548386   3357      174.05
7548420   3357      105.23
770342    3357      158.57
7917981   3357      109.60
7981510   3357      114.07
7982728   3357       97.14
7982865   3357      114.07
7983170   3357       97.14
7984159   3357      109.60
7985605   3357      129.83
7988969   3357      280.63
8054279   3357      194.27
8064487   3357      177.00
8068577   3357      219.75
8069571   3357      109.60
8140450   3357      141.72
8594315   3357      109.60
8718789   3357      109.60
8734286   3357      114.07
9066082   3357      172.57
9100619   3357      280.63
9211039   3357      105.23
9261804   3357      114.07
9317884   3357      114.07
9433060   3357      109.60
9540404   3357      114.07
9540845   3357      118.73
9542018   3357      114.07
9542237   3357      105.23
9543174   3357      109.60
9543530   3357      221.31
9544179   3357      109.60
9544345   3357      101.10
9544429   3357      114.07
9544827   3357      114.07
9545198   3357      161.93
9545952   3357      220.61
9546474   3357      109.60
9547148   3357      105.23
9551389   3357      109.60
9552709   3357      178.45
9553039   3357      406.32
9553047   3357      105.23
9553149   3357       97.14
9553310   3357       97.14
9555077   3357      182.66
9555609   3357       97.14
9555641   3357      109.60
9557148   3357      118.73
9557803   3357      101.10
9557875   3357       97.14
9557894   3357      270.70
9558628   3357      101.10
9560453   3357       97.14
9570736   3357      234.84
9572755   3357      109.60
9577605   3357      250.11
9601343   3357      109.60
9603154   3357      101.10
9603683   3357      109.60
9603870   3357      126.65
9604166   3357      105.23
9604592   3357      123.59
9607091   3357      167.39
9608547   3357      109.60
9609337   3357       97.14
9609338   3357      109.60
9612117   3357      319.93
9612530   3357      109.60
9612692   3357      109.60
9614364   3357      105.23
9615563   3357      109.60
9615964   3357      109.60
9617493   3357      105.23
9620242   3357      114.07
9620248   3357      118.73
9620376   3357      109.60
9620599   3357      114.07
9620701   3357      105.23
9620720   3357      105.23
9621777   3357       97.14
9622347   3357      109.60
9624370   3357      123.59
9624596   3357       97.14
9625361   3357      109.60
9625933   3357      109.60
9626082   3357      109.60
9626215   3357      105.23
9627150   3357      114.07
9627523   3357      109.60
9627724   3357       97.14
9629963   3357      114.07
9631462   3357      114.07
9634554   3357      109.60
9634674   3357      109.60
9636806   3357       97.14
9638320   3357      109.60
9639201   3357      105.23
9845319   3357      101.10
9846320   3357      114.07
9847068   3357      105.23
9847350   3357      269.84
9848693   3357      105.23
9850403   3357      109.60
9851111   3357      109.60
9851993   3357      109.60
