10107724  0357      391.87
10120357  0357      480.92
10121866  0357      856.00
10125466  0357      298.85
10126656  0357      320.61
10141786  0357      342.40
10312414  0357      298.85
10373550  0357      641.23
10639752  0357      298.85
10726693  0357      320.61
10760806  0357      298.85
10764554  0357      342.40
10770124  0357      320.61
10772668  0357      298.85
10774121  0357      342.40
10775520  0357      597.71
10776516  0357      391.87
10776915  0357      298.85
10777645  0357      480.92
10778464  0357      298.85
10779723  0357      544.91
10784623  0357      320.61
10820078  0357      342.40
10840266  0357      320.61
10841061  0357      298.85
10841823  0357      391.87
10842205  0357      320.61
10843324  0357      801.53
10844575  0357      783.73
10844947  0357      801.53
10845717  0357      298.85
10845943  0357      391.87
10846474  0357      320.61
10846532  0357      342.40
10846629  0357      320.61
10846940  0357      641.23
10846985  0357      320.61
10847648  0357      298.85
10848158  0357      629.89
10849906  0357      320.61
10849907  0357      342.40
10860593  0357      320.61
10903693  0357      298.85
10959957  0357      320.61
10960021  0357      320.61
10963442  0357      342.40
10963957  0357      342.40
10964062  0357      641.23
1108218   0357      408.13
1112379   0357      409.56
1115136   0357      538.13
11163187  0357      298.85
11177533  0357      298.85
11260715  0357      320.61
11261772  0357      391.87
11262378  0357      320.61
11263756  0357      298.85
11264465  0357      320.61
11264550  0357      298.85
11265496  0357      320.61
11265527  0357      342.40
11266390  0357      641.23
11267811  0357      597.71
11267932  0357      597.71
11268437  0357      391.87
11269196  0357      366.13
1129535   0357      408.85
11414487  0357      342.40
11425214  0357      320.61
11425449  0357      320.61
11426462  0357      298.85
11428034  0357      298.85
11428889  0357      801.53
11429539  0357      641.23
11429792  0357      298.85
11429991  0357      480.92
11430700  0357      320.61
11433167  0357      320.61
11433865  0357      641.23
11433968  0357      641.23
11434350  0357      320.61
11546168  0357      298.85
11580362  0357      342.40
11584952  0357      320.61
11586448  0357      342.40
11589730  0357      641.23
11594236  0357      391.87
11594524  0357      298.85
11596252  0357      320.61
11597667  0357      320.61
11598121  0357      298.85
11598207  0357      298.85
11598956  0357      298.85
11633896  0357      298.85
11645810  0357      320.61
11651035  0357      320.61
11651090  0357      320.61
11652405  0357      320.61
11653864  0357      320.61
11694358  0357      298.85
11694758  0357      320.61
11695394  0357      597.71
11749469  0357      320.61
11783201  0357      342.40
11783366  0357      391.87
11784637  0357      298.85
11786325  0357      391.87
11786432  0357      298.85
11787653  0357      641.23
11787807  0357      320.61
11788587  0357      684.80
11788630  0357      342.40
11790273  0357      320.61
11790818  0357      480.92
11791177  0357      320.61
11792127  0357      320.61
11792506  0357      298.85
11792846  0357      320.61
11878930  0357      320.61
11879419  0357      342.40
11879750  0357      391.87
11881224  0357      391.87
11881668  0357      747.13
11881669  0357      535.59
11882080  0357      298.85
11882720  0357      391.87
11883300  0357      641.23
11949766  0357      391.87
12011761  0357      783.73
12018571  0357      448.28
12018729  0357      298.85
12018852  0357      320.61
12019816  0357      298.85
12020535  0357      366.13
12021559  0357      342.40
12021966  0357      320.61
12022428  0357      342.40
12023306  0357      366.13
12023981  0357      480.92
12024178  0357      320.61
12024179  0357      320.61
12025294  0357      480.92
12025488  0357      298.85
12025491  0357      298.85
12026565  0357      320.61
12027093  0357      320.61
12027260  0357      566.42
12027527  0357      298.85
12027928  0357      298.85
12027973  0357      684.80
12080554  0357      320.61
12241212  0357      448.28
12242270  0357      320.61
12243077  0357      298.85
12244707  0357      298.85
12247738  0357      480.92
12248400  0357      747.13
12248755  0357      342.40
12248784  0357      597.71
12248960  0357      320.61
12249178  0357      391.87
12279667  0357      320.61
12314254  0357      915.33
1232375   0357      408.85
12369466  0357      320.61
12370670  0357      366.13
1239070   0357      408.13
12434895  0357      298.85
12435304  0357      320.61
12435757  0357      448.28
12435759  0357      801.53
12527456  0357      298.85
12534356  0357      320.61
12536172  0357      320.61
12536549  0357      366.13
1254062   0357      408.13
1257983   0357      408.85
1258658   0357      409.56
1261562   0357      408.13
1262953   0357      488.29
1263302   0357      408.13
1263303   0357      409.56
1265436   0357      409.56
1266723   0357      281.92
12691465  0357      320.61
1269356   0357      817.70
12698409  0357      298.85
12698965  0357      298.85
12700553  0357      298.85
12701276  0357      320.61
12701301  0357      747.13
12702273  0357      298.85
12704473  0357      298.85
12704482  0357      684.80
12704649  0357      320.61
12704927  0357      320.61
12705860  0357      320.61
12706171  0357      320.61
12706774  0357      684.80
12707136  0357      320.61
1272390   0357      408.13
1273369   0357      409.56
1277938   0357      408.13
1278407   0357      409.56
12848719  0357      320.61
12849330  0357      366.13
12851330  0357      320.61
12852888  0357      320.61
12858616  0357      480.92
12878256  0357      320.61
12884972  0357      320.61
12934142  0357      298.85
12934525  0357      298.85
12935305  0357      320.61
12935606  0357      320.61
13032012  0357      747.13
13032033  0357      320.61
13034237  0357      320.61
13035222  0357      391.87
13084488  0357      298.85
13084886  0357      298.85
13180551  0357      320.61
1318484   0357      408.13
13187744  0357      641.23
13187816  0357      480.92
13188137  0357      298.85
13188604  0357      448.28
13264411  0357      320.61
13265462  0357      298.85
13265946  0357      480.92
13266369  0357      320.61
13268000  0357      597.71
13268185  0357      597.71
13268457  0357      298.85
13268537  0357      480.92
13343258  0357      298.85
13408041  0357      298.85
13510172  0357      298.85
13510180  0357      298.85
13519440  0357      298.85
13527636  0357      342.40
13566631  0357      391.87
13643981  0357      597.71
13643982  0357      448.28
13644051  0357      320.61
13644555  0357      747.13
13644665  0357      320.61
13644680  0357      856.00
13652653  0357      298.85
13674854  0357      342.40
13678214  0357      320.61
13678857  0357      298.85
13679940  0357      320.61
13724134  0357      480.92
13774187  0357      298.85
13774684  0357      320.61
13775452  0357      298.85
13775808  0357      298.85
13777181  0357      448.28
13785046  0357      298.85
13785661  0357      320.61
13785997  0357      298.85
13786181  0357      320.61
13787208  0357      320.61
13787741  0357      298.85
13842354  0357      320.61
13843775  0357      320.61
13856268  0357      320.61
13867427  0357      480.92
13868652  0357      320.61
13880177  0357      320.61
13880981  0357      320.61
13905892  0357      298.85
13986119  0357      320.61
13990906  0357      513.60
14003086  0357      298.85
14030527  0357      298.85
14031045  0357      320.61
14031497  0357      801.53
14093727  0357      480.92
14094806  0357      342.40
14143188  0357      298.85
14159223  0357      597.71
14176671  0357      320.61
14270811  0357      747.13
14293118  0357      480.92
1431183   0357      409.56
14335445  0357      298.85
14335539  0357      320.61
14372299  0357      342.40
14372545  0357      298.85
14372818  0357     1056.60
14376347  0357      320.61
14398946  0357      320.61
14399267  0357      448.28
14405196  0357      320.61
14405401  0357      320.61
14513487  0357      298.85
14590375  0357      298.85
14607589  0357      448.28
14648947  0357      320.61
14649126  0357      298.85
14825867  0357      801.53
14877620  0357      320.61
14877805  0357      342.40
14877859  0357      366.13
14879597  0357      641.23
14879704  0357      747.13
14880827  0357      342.40
14880972  0357      641.23
15170350  0357      298.85
15177340  0357      342.40
15177867  0357      597.71
15306151  0357      747.13
15306996  0357      298.85
15351139  0357      320.61
15352095  0357      320.61
15444811  0357      342.40
15448608  0357      320.61
15597541  0357      298.85
15598043  0357      298.85
15598319  0357      320.61
15598510  0357      641.23
15598933  0357      298.85
15599928  0357      448.28
15668151  0357      641.23
15668851  0357      298.85
15690244  0357      298.85
15729233  0357      480.92
15729536  0357      747.13
15778630  0357      480.92
15885754  0357      298.85
15959808  0357      298.85
15961650  0357      298.85
16001576  0357      298.85
16137706  0357      298.85
16138119  0357      480.92
1631390   0357      480.12
16324090  0357      320.61
16385667  0357      298.85
16387437  0357      641.23
16594051  0357      298.85
16641426  0357      298.85
16736267  0357      320.61
16770549  0357      320.61
16788972  0357      641.23
16796439  0357      597.71
17011869  0357      641.23
17012587  0357      801.53
17019549  0357      320.61
17033230  0357      298.85
17033256  0357      298.85
17104175  0357      480.92
17104709  0357      320.61
17306742  0357      298.85
1737075   0357      408.13
17379215  0357      448.28
17380736  0357      298.85
17572385  0357      641.23
17574055  0357      298.85
17626132  0357      597.71
1763812   0357      488.29
1764349   0357      408.13
1765295   0357      816.26
1769938   0357      408.13
17727473  0357      298.85
17859806  0357      298.85
17859921  0357      597.71
17872590  0357      320.61
17942640  0357      320.61
17965237  0357      480.92
18054647  0357      320.61
18058393  0357      298.85
18059918  0357      320.61
18263579  0357      320.61
18263756  0357      320.61
1834693   0357      281.92
18421508  0357      298.85
18422439  0357      641.23
18471327  0357      320.61
18618969  0357      298.85
18655916  0357      320.61
18656459  0357      480.92
18785684  0357      298.85
18928116  0357      298.85
18950730  0357      298.85
1906129   0357      409.56
19166206  0357      747.13
19262723  0357      320.61
1926999   0357      408.85
19324610  0357      641.23
19348247  0357      320.61
19424156  0357      641.23
19431369  0357      320.61
19827450  0357      298.85
19850185  0357      747.13
19886649  0357      801.53
19973112  0357      320.61
20046577  0357      597.71
20046584  0357      597.71
20187870  0357      597.71
20189202  0357      366.13
20235584  0357      597.71
2030572   0357      408.13
2033664   0357      434.69
20348834  0357      448.28
20351464  0357      641.23
2101693   0357      480.47
21140944  0357      448.28
2130876   0357      408.13
2157417   0357     1086.73
2186056   0357      408.13
2189077   0357      408.13
2196831   0357      408.13
2198274   0357      410.40
2198799   0357      408.13
22326349  0357      298.85
2272067   0357      408.13
23156662  0357      409.56
2376223   0357      442.95
2380275   0357      408.85
2384661   0357      409.56
2529886   0357      409.56
2532585   0357      408.13
2533320   0357      408.13
2534786   0357      299.56
2535843   0357      408.85
2536373   0357      408.85
2536795   0357      409.56
2539607   0357      408.85
2539943   0357      408.13
2541142   0357      409.56
2541439   0357      558.56
2541709   0357      409.56
2543654   0357      409.56
2543813   0357      409.56
2543932   0357      408.13
2592064   0357      408.85
2592966   0357      444.87
2593377   0357      409.56
2593686   0357      408.13
2596405   0357      483.93
2597854   0357      409.56
2598033   0357      409.56
2598733   0357      408.85
2598872   0357      408.13
2601437   0357      409.56
2603046   0357      409.56
2605117   0357      408.85
2605164   0357      409.56
2605823   0357      281.90
2607322   0357      441.10
2608233   0357      430.30
2608304   0357      408.13
2608554   0357      409.56
2684589   0357      409.56
2741170   0357      433.73
2854705   0357      408.13
2870837   0357      408.13
2910376   0357      408.13
2910432   0357      408.13
2911765   0357      408.13
2912407   0357      408.13
2912692   0357      434.69
2913757   0357      408.13
2913809   0357      408.13
2915293   0357      408.13
2915714   0357      409.56
2915780   0357      408.13
2916102   0357      299.56
2916362   0357      409.56
2916467   0357      408.13
2916786   0357      408.13
2918280   0357     1023.90
2992913   0357      408.13
3035349   0357      409.56
3080057   0357      652.04
3080311   0357      409.56
3080984   0357      596.84
3081351   0357      409.56
3082505   0357      491.36
3083006   0357      409.56
3083065   0357      408.13
3083457   0357      408.13
3083843   0357      408.13
3084868   0357      409.56
3084978   0357      408.13
3085009   0357      408.13
3085276   0357      408.96
3090485   0357      435.94
3156003   0357      465.55
3234299   0357      408.96
3245420   0357      409.56
3314884   0357      305.45
3315121   0357      408.13
3315781   0357      408.13
3317339   0357      434.78
3318589   0357      472.87
3318694   0357      493.27
3318719   0357      409.56
3320986   0357      409.56
3322128   0357      434.09
3322284   0357      408.13
3322381   0357      408.85
3324084   0357      569.30
3324110   0357      613.98
3324403   0357      434.69
3329806   0357      409.56
3353242   0357      465.55
3528540   0357      445.02
3533360   0357      522.85
3535445   0357      408.13
3535676   0357      409.56
3535838   0357      408.13
3538837   0357      444.34
3539352   0357      409.56
3541739   0357      409.56
3541975   0357      281.92
3542004   0357      342.40
3542015   0357      325.35
3554092   0357      408.85
3593839   0357      408.13
3598528   0357      409.56
3710064   0357      527.57
3759377   0357      408.13
3784066   0357      408.13
3784441   0357      454.71
3785251   0357      409.56
3792247   0357      409.56
3830110   0357      408.13
3855157   0357      281.90
3855577   0357      409.56
3856978   0357      408.13
3857004   0357      408.13
3857220   0357      409.58
3857667   0357      408.13
3857878   0357      408.85
3858323   0357      819.12
3858856   0357      342.40
3859230   0357      643.99
3864991   0357      475.74
3875055   0357      504.04
3877925   0357     1255.47
3878006   0357      511.62
3963688   0357      485.15
3964093   0357      561.01
3964337   0357      408.13
3965704   0357      408.13
3969513   0357      411.06
4001934   0357      537.70
4064149   0357      439.77
4065177   0357      408.13
4065584   0357      320.61
4065648   0357      530.09
4066245   0357      408.13
4067118   0357      475.89
4067735   0357      471.92
4067795   0357      409.56
4068788   0357      408.13
4071074   0357      582.53
4071241   0357      482.20
4107436   0357      298.85
4191539   0357      408.13
4193094   0357     1022.13
4194671   0357      440.94
4195654   0357      408.13
4199927   0357      281.92
4200911   0357      408.13
4238916   0357      408.13
430240    0357      408.13
4317775   0357      628.16
4373204   0357      646.12
4373479   0357      408.13
4375498   0357      434.69
4375998   0357      418.23
4376813   0357      447.98
4377201   0357      408.85
4378140   0357      408.13
4378236   0357      408.13
4378283   0357      408.13
4378759   0357      595.62
4379154   0357      408.13
4381341   0357      408.13
4381614   0357      465.86
4382400   0357      614.34
4383023   0357      544.46
4383200   0357      408.13
4385047   0357      409.56
4386936   0357      366.13
4387777   0357     1091.19
4409485   0357      603.14
4409788   0357      408.13
4409789   0357      886.19
4414417   0357      463.57
4414541   0357      433.30
4414909   0357      409.56
4415675   0357      408.13
443869    0357      409.56
4609506   0357      439.08
4610129   0357      408.13
4720170   0357      448.28
4720923   0357      320.61
4721016   0357      298.85
4721639   0357      408.13
4722680   0357      408.13
4722814   0357      328.58
4723168   0357      408.13
4723276   0357      457.78
4723403   0357      408.13
4724433   0357      409.56
4725919   0357      684.80
4727740   0357      298.85
4728331   0357      408.13
4729448   0357      291.18
4730168   0357      628.57
4730490   0357      408.13
4730823   0357      615.42
4731322   0357      608.12
4731494   0357      443.75
4732090   0357      472.11
4732618   0357      298.85
4734527   0357      298.85
4734940   0357      298.85
4735505   0357      408.13
4738424   0357      409.56
4739546   0357      541.01
4739796   0357      342.40
4754833   0357      551.66
4803744   0357      690.17
4805842   0357      320.61
4827213   0357      461.27
4853128   0357      380.65
4882144   0357      306.69
5017295   0357      298.85
5022967   0357      408.85
5237805   0357      320.61
5238236   0357      408.13
5239261   0357      474.22
5240821   0357      408.13
5242545   0357      459.77
5244302   0357      465.55
5244483   0357      298.85
5244484   0357      443.75
5244765   0357      408.13
5245261   0357      342.40
5248926   0357      468.92
5248954   0357      431.18
5249259   0357      320.61
5249817   0357      342.40
5250965   0357      409.56
5251153   0357      521.97
5251214   0357      470.02
5252606   0357      684.80
5253930   0357      408.13
5254613   0357      530.80
5254952   0357      408.13
5255567   0357      320.61
5255641   0357      342.40
5257069   0357      429.57
5257175   0357      409.56
5257421   0357      366.13
5257727   0357      801.53
5257774   0357      320.61
5259121   0357      408.13
5259785   0357      408.13
5261116   0357      298.85
5261139   0357      509.23
5261250   0357      408.13
5261418   0357      420.92
5261643   0357      509.41
5263470   0357      457.16
5344986   0357      298.85
5435450   0357      458.43
5436619   0357      342.40
5436795   0357      314.57
5438690   0357      448.09
5439480   0357      320.61
5439865   0357      915.33
5458236   0357      298.85
5461455   0357      409.58
5605414   0357     1042.54
5658043   0357      509.87
5688352   0357      320.61
5765952   0357      320.61
5779173   0357      320.61
5915261   0357      409.56
5921128   0357      615.85
5921800   0357      298.85
5923624   0357      342.40
5925143   0357      342.40
5925949   0357      281.92
5929492   0357      320.61
5935536   0357     1606.84
5938630   0357      533.17
5938995   0357      320.61
6044716   0357      480.92
6125595   0357      747.13
6127630   0357      473.22
6238388   0357      391.87
6394853   0357      364.54
64800     0357      408.96
6537141   0357      408.13
6573443   0357      530.21
6573855   0357      366.13
6573893   0357      298.85
6575243   0357      298.85
6575301   0357      320.61
6584406   0357     1020.33
6602322   0357      298.85
6634354   0357      320.61
6689708   0357      320.61
6690236   0357      320.61
6701343   0357      320.61
6701344   0357      539.11
6701453   0357      320.61
673822    0357      408.13
6841910   0357      298.85
7076647   0357      320.61
7211860   0357      342.40
7240399   0357      320.61
7300376   0357      448.09
7301470   0357      408.13
7305494   0357      409.56
7305781   0357      408.13
7308623   0357      479.38
7309317   0357      298.85
7309375   0357      298.85
7310425   0357      366.13
7310959   0357      409.56
7311233   0357      437.17
7311255   0357      529.23
7312149   0357      514.82
7313189   0357      408.13
7314050   0357      482.79
7314987   0357      366.13
7315048   0357      342.40
7315058   0357     1238.03
7315331   0357      320.61
7316059   0357      366.13
7316139   0357      342.40
7316607   0357      558.56
7316959   0357      817.70
7317744   0357      816.26
7318041   0357      445.95
7319649   0357      684.80
7321787   0357      298.85
7322304   0357      298.85
7322780   0357      298.85
7322794   0357      576.07
7324725   0357      408.85
7325664   0357      405.79
7325721   0357      409.56
7325722   0357      595.14
7325778   0357      281.92
7328421   0357      298.85
7330948   0357      320.61
7331943   0357      749.44
7332202   0357      509.38
7332734   0357      614.34
7333145   0357      342.40
7333526   0357     1018.76
7335642   0357      320.61
7337422   0357      400.90
7337778   0357      298.85
7338055   0357      366.13
7340200   0357      408.13
7340742   0357      434.09
7340989   0357      479.42
7342107   0357      298.85
7342680   0357      409.56
7343605   0357      298.85
7344290   0357      298.85
7344465   0357      597.71
7347856   0357      409.56
7348137   0357      298.85
7348986   0357      519.99
7349428   0357      979.67
7349843   0357      298.85
7350162   0357      419.27
7350273   0357      298.85
7351297   0357      352.83
7352317   0357      298.85
7353377   0357      320.61
7354064   0357      298.85
7354848   0357      281.92
7355928   0357      408.13
7359478   0357      342.40
7360346   0357      298.85
7360517   0357      320.61
7363171   0357      390.74
7363652   0357      320.61
7365166   0357      512.71
7365545   0357      298.85
7367276   0357      298.85
7368710   0357      597.71
7369018   0357      320.61
7371154   0357      320.61
7372156   0357      298.85
7372973   0357      455.49
7373089   0357      298.85
7373215   0357      366.13
7374243   0357      298.85
7374616   0357      409.56
7377030   0357      298.85
7377579   0357      320.61
7379256   0357      597.71
7380616   0357      298.85
7381553   0357      320.61
7382148   0357      451.63
7382532   0357      298.85
7384964   0357      320.61
7387544   0357      641.23
7388038   0357      298.85
7388080   0357      320.61
7388125   0357      342.40
7388199   0357      448.28
7389581   0357      320.61
7391472   0357      298.85
7392153   0357      856.00
7393061   0357      298.85
7393144   0357      597.71
7395742   0357      281.90
7396051   0357      480.92
7398038   0357      363.27
7400031   0357      320.61
7401094   0357      320.61
7401380   0357      486.31
7401853   0357      298.85
7403123   0357      298.85
7403188   0357      298.85
7403563   0357      298.85
7406353   0357      320.61
7408531   0357      320.61
7409730   0357      298.85
7410177   0357      391.87
7412535   0357      342.40
7412738   0357      298.85
7415285   0357      391.87
7415448   0357      320.61
7416870   0357      298.85
7417289   0357      597.71
7417791   0357      641.23
7418898   0357      298.85
7418939   0357      320.61
7419340   0357      298.85
7419740   0357      502.35
7419800   0357      320.61
7419866   0357      747.13
7420316   0357      320.61
7420429   0357      342.40
7423108   0357      342.40
7423415   0357      320.61
7423444   0357      570.29
7425063   0357      298.85
7425430   0357      320.61
7425900   0357      298.85
7426046   0357      320.61
7427359   0357      298.85
7427520   0357      320.61
7429274   0357      320.61
7432253   0357      342.40
7434591   0357      801.53
7435158   0357      747.13
7436077   0357      597.71
7436996   0357      320.61
7437806   0357      298.85
7437808   0357      298.85
7438450   0357      320.61
7439597   0357      732.27
7439617   0357      320.61
7439629   0357      320.61
7440809   0357      306.67
7442445   0357      320.61
7444497   0357      448.28
7444651   0357      342.40
7444842   0357      320.61
7444889   0357      732.27
7445661   0357      298.85
7446382   0357      342.40
7446644   0357      320.61
7447067   0357      801.53
7447334   0357      366.13
7447992   0357      298.85
7449457   0357      298.85
7455429   0357      537.98
7455588   0357      486.31
7461704   0357      320.61
7465820   0357      801.53
7465910   0357      320.61
7466779   0357      607.61
7466870   0357      573.10
7502836   0357      470.03
7548386   0357      385.61
7548420   0357      487.45
770342    0357      409.56
7917981   0357      320.61
7981510   0357      342.40
7982728   0357      298.85
7982865   0357      342.40
7983170   0357      298.85
7984159   0357      320.61
7985605   0357      324.41
7988969   0357      640.63
8054279   0357      443.12
8064487   0357      765.87
8069571   0357      320.61
8140450   0357      310.08
8594315   0357      320.61
8718789   0357      641.23
8734286   0357      342.40
9066082   0357      408.13
9100619   0357      640.63
9211039   0357      298.85
9261804   0357      342.40
9317884   0357      684.80
9433060   0357      320.61
9540404   0357      342.40
9540845   0357      549.20
9542018   0357      856.00
9542237   0357      298.85
9543174   0357      512.71
9543530   0357      519.81
9544179   0357      320.61
9544345   0357      298.85
9544429   0357      342.40
9544827   0357      342.40
9545198   0357      408.13
9545952   0357      520.70
9546474   0357      320.61
9547148   0357      555.40
9551389   0357      320.61
9552709   0357      443.61
9553039   0357      798.25
9553047   0357      298.85
9553149   0357      298.85
9555077   0357      444.46
9555609   0357      298.85
9555641   0357      320.61
9557148   0357      732.27
9557803   0357      298.85
9557875   0357      298.85
9557894   0357      515.59
9558628   0357      298.85
9560453   0357      298.85
9570736   0357      538.62
9572755   0357      320.61
9577605   0357      572.62
9601343   0357      801.53
9603154   0357      298.85
9603683   0357      320.61
9603870   0357      281.92
9604166   0357      298.85
9604592   0357      587.80
9607091   0357      408.13
9608547   0357      320.61
9609337   0357      298.85
9609338   0357      641.23
9612117   0357      641.38
9612530   0357     1502.71
9612692   0357      320.61
9614364   0357      597.71
9615563   0357      320.61
9615964   0357      320.61
9617493   0357      597.71
9620242   0357      684.80
9620248   0357      732.27
9620376   0357      320.61
9620599   0357      342.40
9620701   0357      298.85
9620720   0357      298.85
9621777   0357      320.61
9622347   0357      320.61
9624370   0357      391.87
9624596   0357      298.85
9625361   0357      320.61
9625933   0357      641.23
9626082   0357      320.61
9626215   0357      298.85
9627150   0357      856.00
9627523   0357      641.23
9627724   0357      298.85
9629963   0357      342.40
9631462   0357      342.40
9634554   0357      585.81
9634674   0357      320.61
9636806   0357      298.85
9638320   0357      320.61
9639201   0357      298.85
9845319   0357      298.85
9846320   0357      342.40
9847068   0357      298.85
9847350   0357      620.57
9848693   0357      488.06
9850403   0357      320.61
9851111   0357      320.61
9851993   0357      576.01
10107724  3357      391.87
10120357  3357      320.61
10121866  3357      342.40
10125466  3357      298.85
10126656  3357      320.61
10141786  3357      342.40
10312414  3357      298.85
10373550  3357      320.61
10639752  3357      298.85
10726693  3357      320.61
10760806  3357      298.85
10764554  3357      342.40
10770124  3357      320.61
10772668  3357      298.85
10774121  3357      342.40
10775520  3357      298.85
10776516  3357      391.87
10776915  3357      298.85
10777645  3357      320.61
10778464  3357      298.85
10779723  3357      544.91
10784623  3357      320.61
10820078  3357      342.40
10840266  3357      320.61
10841061  3357      298.85
10841823  3357      391.87
10842205  3357      320.61
10843324  3357      320.61
10844575  3357      391.87
10844947  3357      320.61
10845717  3357      298.85
10845943  3357      391.87
10846474  3357      320.61
10846532  3357      342.40
10846629  3357      320.61
10846940  3357      320.61
10846985  3357      320.61
10847648  3357      298.85
10848158  3357      629.89
10849906  3357      320.61
10849907  3357      342.40
10860593  3357      320.61
10903693  3357      298.85
10959957  3357      320.61
10960021  3357      320.61
10963442  3357      342.40
10963957  3357      342.40
10964062  3357      320.61
1108218   3357      408.13
1112379   3357      409.56
1115136   3357      538.13
11163187  3357      298.85
11177533  3357      298.85
11260715  3357      320.61
11261772  3357      391.87
11262378  3357      320.61
11263756  3357      298.85
11264465  3357      320.61
11264550  3357      298.85
11265496  3357      320.61
11265527  3357      342.40
11266390  3357      320.61
11267811  3357      298.85
11267932  3357      298.85
11268437  3357      391.87
11269196  3357      366.13
1129535   3357      408.85
11414487  3357      342.40
11425214  3357      320.61
11425449  3357      320.61
11426462  3357      298.85
11428034  3357      298.85
11428889  3357      320.61
11429539  3357      320.61
11429792  3357      298.85
11429991  3357      320.61
11430700  3357      320.61
11433167  3357      320.61
11433865  3357      320.61
11433968  3357      320.61
11434350  3357      320.61
11546168  3357      298.85
11580362  3357      342.40
11584952  3357      320.61
11586448  3357      342.40
11589730  3357      320.61
11594236  3357      391.87
11594524  3357      298.85
11596252  3357      320.61
11597667  3357      320.61
11598121  3357      298.85
11598207  3357      298.85
11598956  3357      298.85
11633896  3357      298.85
11645810  3357      320.61
11651035  3357      320.61
11651090  3357      320.61
11652405  3357      320.61
11653864  3357      320.61
11694358  3357      298.85
11694758  3357      320.61
11695394  3357      298.85
11749469  3357      320.61
11783201  3357      342.40
11783366  3357      391.87
11784637  3357      298.85
11786325  3357      391.87
11786432  3357      298.85
11787653  3357      320.61
11787807  3357      320.61
11788587  3357      342.40
11788630  3357      342.40
11790273  3357      320.61
11790818  3357      320.61
11791177  3357      320.61
11792127  3357      320.61
11792506  3357      298.85
11792846  3357      320.61
11878930  3357      320.61
11879419  3357      342.40
11879750  3357      391.87
11881224  3357      391.87
11881668  3357      298.85
11881669  3357      535.59
11882080  3357      298.85
11882720  3357      391.87
11883300  3357      320.61
11949766  3357      391.87
12011761  3357      391.87
12018571  3357      298.85
12018729  3357      298.85
12018852  3357      320.61
12019816  3357      298.85
12020535  3357      366.13
12021559  3357      342.40
12021966  3357      320.61
12022428  3357      342.40
12023306  3357      366.13
12023981  3357      320.61
12024178  3357      320.61
12024179  3357      320.61
12025294  3357      320.61
12025488  3357      298.85
12025491  3357      298.85
12026565  3357      320.61
12027093  3357      320.61
12027260  3357      566.42
12027527  3357      298.85
12027928  3357      298.85
12027973  3357      342.40
12080554  3357      320.61
12241212  3357      298.85
12242270  3357      320.61
12243077  3357      298.85
12244707  3357      298.85
12247738  3357      320.61
12248400  3357      298.85
12248755  3357      342.40
12248784  3357      298.85
12248960  3357      320.61
12249178  3357      391.87
12279667  3357      320.61
12314254  3357      366.13
1232375   3357      408.85
12369466  3357      320.61
12370670  3357      366.13
1239070   3357      408.13
12434895  3357      298.85
12435304  3357      320.61
12435757  3357      298.85
12435759  3357      320.61
12527456  3357      298.85
12534356  3357      320.61
12536172  3357      320.61
12536549  3357      366.13
1254062   3357      408.13
1257983   3357      408.85
1258658   3357      409.56
1261562   3357      408.13
1262953   3357      488.29
1263302   3357      408.13
1263303   3357      409.56
1265436   3357      409.56
1266723   3357      281.92
12691465  3357      320.61
1269356   3357      408.85
12698409  3357      298.85
12698965  3357      298.85
12700553  3357      298.85
12701276  3357      320.61
12701301  3357      298.85
12702273  3357      298.85
12704473  3357      298.85
12704482  3357      342.40
12704649  3357      320.61
12704927  3357      320.61
12705860  3357      320.61
12706171  3357      320.61
12706774  3357      342.40
12707136  3357      320.61
1272390   3357      408.13
1273369   3357      409.56
1277938   3357      408.13
1278407   3357      409.56
12848719  3357      320.61
12849330  3357      366.13
12851330  3357      320.61
12852888  3357      320.61
12858616  3357      320.61
12878256  3357      320.61
12884972  3357      320.61
12934142  3357      298.85
12934525  3357      298.85
12935305  3357      320.61
12935606  3357      320.61
13032012  3357      298.85
13032033  3357      320.61
13034237  3357      320.61
13035222  3357      391.87
13084488  3357      298.85
13084886  3357      298.85
13180551  3357      320.61
1318484   3357      408.13
13187744  3357      320.61
13187816  3357      320.61
13188137  3357      298.85
13188604  3357      298.85
13264411  3357      320.61
13265462  3357      298.85
13265946  3357      320.61
13266369  3357      320.61
13268000  3357      298.85
13268185  3357      298.85
13268457  3357      298.85
13268537  3357      320.61
13343258  3357      298.85
13408041  3357      298.85
13510172  3357      298.85
13510180  3357      298.85
13519440  3357      298.85
13527636  3357      342.40
13566631  3357      391.87
13643981  3357      298.85
13643982  3357      298.85
13644051  3357      320.61
13644555  3357      298.85
13644665  3357      320.61
13644680  3357      342.40
13652653  3357      298.85
13674854  3357      342.40
13678214  3357      320.61
13678857  3357      298.85
13679940  3357      320.61
13724134  3357      320.61
13774187  3357      298.85
13774684  3357      320.61
13775452  3357      298.85
13775808  3357      298.85
13777181  3357      298.85
13785046  3357      298.85
13785661  3357      320.61
13785997  3357      298.85
13786181  3357      320.61
13787208  3357      320.61
13787741  3357      298.85
13842354  3357      320.61
13843775  3357      320.61
13856268  3357      320.61
13867427  3357      320.61
13868652  3357      320.61
13880177  3357      320.61
13880981  3357      320.61
13905892  3357      298.85
13986119  3357      320.61
13990906  3357      342.40
14003086  3357      298.85
14030527  3357      298.85
14031045  3357      320.61
14031497  3357      320.61
14093727  3357      320.61
14094806  3357      342.40
14143188  3357      298.85
14159223  3357      298.85
14176671  3357      320.61
14270811  3357      298.85
14293118  3357      320.61
1431183   3357      409.56
14335445  3357      298.85
14335539  3357      320.61
14372299  3357      342.40
14372545  3357      298.85
14372818  3357      422.64
14376347  3357      320.61
14398946  3357      320.61
14399267  3357      298.85
14405196  3357      320.61
14405401  3357      320.61
14513487  3357      298.85
14590375  3357      298.85
14607589  3357      298.85
14648947  3357      320.61
14649126  3357      298.85
14825867  3357      320.61
14877620  3357      320.61
14877805  3357      342.40
14877859  3357      366.13
14879597  3357      320.61
14879704  3357      298.85
14880827  3357      342.40
14880972  3357      320.61
15170350  3357      298.85
15177340  3357      342.40
15177867  3357      298.85
15306151  3357      298.85
15306996  3357      298.85
15351139  3357      320.61
15352095  3357      320.61
15444811  3357      342.40
15448608  3357      320.61
15597541  3357      298.85
15598043  3357      298.85
15598319  3357      320.61
15598510  3357      320.61
15598933  3357      298.85
15599928  3357      298.85
15668151  3357      320.61
15668851  3357      298.85
15690244  3357      298.85
15729233  3357      320.61
15729536  3357      298.85
15778630  3357      320.61
15885754  3357      298.85
15959808  3357      298.85
15961650  3357      298.85
16001576  3357      298.85
16137706  3357      298.85
16138119  3357      320.61
1631390   3357      480.12
16324090  3357      320.61
16385667  3357      298.85
16387437  3357      320.61
16594051  3357      298.85
16641426  3357      298.85
16736267  3357      320.61
16770549  3357      320.61
16788972  3357      320.61
16796439  3357      298.85
17011869  3357      320.61
17012587  3357      320.61
17019549  3357      320.61
17033230  3357      298.85
17033256  3357      298.85
17104175  3357      320.61
17104709  3357      320.61
17306742  3357      298.85
1737075   3357      408.13
17379215  3357      298.85
17380736  3357      298.85
17572385  3357      320.61
17574055  3357      298.85
17626132  3357      298.85
1763812   3357      488.29
1764349   3357      408.13
1765295   3357      408.13
1769938   3357      408.13
17727473  3357      298.85
17859806  3357      298.85
17859921  3357      298.85
17872590  3357      320.61
17942640  3357      320.61
17965237  3357      320.61
18054647  3357      320.61
18058393  3357      298.85
18059918  3357      320.61
18263579  3357      320.61
18263756  3357      320.61
1834693   3357      281.92
18421508  3357      298.85
18422439  3357      320.61
18471327  3357      320.61
18618969  3357      298.85
18655916  3357      320.61
18656459  3357      320.61
18785684  3357      298.85
18928116  3357      298.85
18950730  3357      298.85
1906129   3357      409.56
19166206  3357      298.85
19262723  3357      320.61
1926999   3357      408.85
19324610  3357      320.61
19348247  3357      320.61
19424156  3357      320.61
19431369  3357      320.61
19827450  3357      298.85
19850185  3357      298.85
19886649  3357      320.61
19973112  3357      320.61
20046577  3357      298.85
20046584  3357      298.85
20187870  3357      298.85
20189202  3357      366.13
20235584  3357      298.85
2030572   3357      408.13
2033664   3357      434.69
20348834  3357      298.85
20351464  3357      320.61
2101693   3357      480.47
21140944  3357      298.85
2130876   3357      408.13
2157417   3357      434.69
2186056   3357      408.13
2189077   3357      408.13
2196831   3357      408.13
2198274   3357      410.40
2198799   3357      408.13
22326349  3357      298.85
2272067   3357      408.13
23156662  3357      409.56
2376223   3357      442.95
2380275   3357      408.85
2384661   3357      409.56
2529886   3357      409.56
2532585   3357      408.13
2533320   3357      408.13
2534786   3357      299.56
2535843   3357      408.85
2536373   3357      408.85
2536795   3357      409.56
2539607   3357      408.85
2539943   3357      408.13
2541142   3357      409.56
2541439   3357      558.56
2541709   3357      409.56
2543654   3357      409.56
2543813   3357      409.56
2543932   3357      408.13
2592064   3357      408.85
2592966   3357      444.87
2593377   3357      409.56
2593686   3357      408.13
2596405   3357      483.93
2597854   3357      409.56
2598033   3357      409.56
2598733   3357      408.85
2598872   3357      408.13
2601437   3357      409.56
2603046   3357      409.56
2605117   3357      408.85
2605164   3357      409.56
2605823   3357      281.90
2607322   3357      441.10
2608233   3357      430.30
2608304   3357      408.13
2608554   3357      409.56
2684589   3357      409.56
2741170   3357      433.73
2854705   3357      408.13
2870837   3357      408.13
2910376   3357      408.13
2910432   3357      408.13
2911765   3357      408.13
2912407   3357      408.13
2912692   3357      434.69
2913757   3357      408.13
2913809   3357      408.13
2915293   3357      408.13
2915714   3357      409.56
2915780   3357      408.13
2916102   3357      299.56
2916362   3357      409.56
2916467   3357      408.13
2916786   3357      408.13
2918280   3357      409.56
2992913   3357      408.13
3035349   3357      409.56
3080057   3357      434.69
3080311   3357      409.56
3080984   3357      596.84
3081351   3357      409.56
3082505   3357      491.36
3083006   3357      409.56
3083065   3357      408.13
3083457   3357      408.13
3083843   3357      408.13
3084868   3357      409.56
3084978   3357      408.13
3085009   3357      408.13
3085276   3357      408.96
3090485   3357      435.94
3156003   3357      465.55
3234299   3357      408.96
3245420   3357      409.56
3314884   3357      305.45
3315121   3357      408.13
3315781   3357      408.13
3317339   3357      434.78
3318589   3357      472.87
3318694   3357      493.27
3318719   3357      409.56
3320986   3357      409.56
3322128   3357      434.09
3322284   3357      408.13
3322381   3357      408.85
3324084   3357      569.30
3324110   3357      613.98
3324403   3357      434.69
3329806   3357      409.56
3353242   3357      465.55
3528540   3357      445.02
3533360   3357      522.85
3535445   3357      408.13
3535676   3357      409.56
3535838   3357      408.13
3538837   3357      444.34
3539352   3357      409.56
3541739   3357      409.56
3541975   3357      281.92
3542004   3357      342.40
3542015   3357      325.35
3554092   3357      408.85
3593839   3357      408.13
3598528   3357      409.56
3710064   3357      527.57
3759377   3357      408.13
3784066   3357      408.13
3784441   3357      454.71
3785251   3357      409.56
3792247   3357      409.56
3830110   3357      408.13
3855157   3357      281.90
3855577   3357      409.56
3856978   3357      408.13
3857004   3357      408.13
3857220   3357      409.58
3857667   3357      408.13
3857878   3357      408.85
3858323   3357      409.56
3858856   3357      342.40
3859230   3357      429.33
3864991   3357      475.74
3875055   3357      504.04
3877925   3357      627.74
3878006   3357      511.62
3963688   3357      485.15
3964093   3357      561.01
3964337   3357      408.13
3965704   3357      408.13
3969513   3357      411.06
4001934   3357      537.70
4064149   3357      439.77
4065177   3357      408.13
4065584   3357      320.61
4065648   3357      530.09
4066245   3357      408.13
4067118   3357      475.89
4067735   3357      471.92
4067795   3357      409.56
4068788   3357      408.13
4071074   3357      582.53
4071241   3357      482.20
4107436   3357      298.85
4191539   3357      408.13
4193094   3357      408.85
4194671   3357      440.94
4195654   3357      408.13
4199927   3357      281.92
4200911   3357      408.13
4238916   3357      408.13
430240    3357      408.13
4317775   3357      628.16
4373204   3357      646.12
4373479   3357      408.13
4375498   3357      434.69
4375998   3357      418.23
4376813   3357      447.98
4377201   3357      408.85
4378140   3357      408.13
4378236   3357      408.13
4378283   3357      408.13
4378759   3357      595.62
4379154   3357      408.13
4381341   3357      408.13
4381614   3357      465.86
4382400   3357      409.56
4383023   3357      544.46
4383200   3357      408.13
4385047   3357      409.56
4386936   3357      366.13
4387777   3357      436.48
4409485   3357      603.14
4409788   3357      408.13
4409789   3357      443.10
4414417   3357      463.57
4414541   3357      433.30
4414909   3357      409.56
4415675   3357      408.13
443869    3357      409.56
4609506   3357      439.08
4610129   3357      408.13
4720170   3357      298.85
4720923   3357      320.61
4721016   3357      298.85
4721639   3357      408.13
4722680   3357      408.13
4722814   3357      328.58
4723168   3357      408.13
4723276   3357      457.78
4723403   3357      408.13
4724433   3357      409.56
4725919   3357      342.40
4727740   3357      298.85
4728331   3357      408.13
4729448   3357      291.18
4730168   3357      628.57
4730490   3357      408.13
4730823   3357      615.42
4731322   3357      608.12
4731494   3357      443.75
4732090   3357      472.11
4732618   3357      298.85
4734527   3357      298.85
4734940   3357      298.85
4735505   3357      408.13
4738424   3357      409.56
4739546   3357      541.01
4739796   3357      342.40
4754833   3357      551.66
4803744   3357      690.17
4805842   3357      320.61
4827213   3357      461.27
4853128   3357      380.65
4882144   3357      306.69
5017295   3357      298.85
5022967   3357      408.85
5237805   3357      320.61
5238236   3357      408.13
5239261   3357      474.22
5240821   3357      408.13
5242545   3357      459.77
5244302   3357      465.55
5244483   3357      298.85
5244484   3357      443.75
5244765   3357      408.13
5245261   3357      342.40
5248926   3357      468.92
5248954   3357      431.18
5249259   3357      320.61
5249817   3357      342.40
5250965   3357      409.56
5251153   3357      521.97
5251214   3357      470.02
5252606   3357      342.40
5253930   3357      408.13
5254613   3357      530.80
5254952   3357      408.13
5255567   3357      320.61
5255641   3357      342.40
5257069   3357      429.57
5257175   3357      409.56
5257421   3357      366.13
5257727   3357      320.61
5257774   3357      320.61
5259121   3357      408.13
5259785   3357      408.13
5261116   3357      298.85
5261139   3357      509.23
5261250   3357      408.13
5261418   3357      420.92
5261643   3357      509.41
5263470   3357      457.16
5344986   3357      298.85
5435450   3357      458.43
5436619   3357      342.40
5436795   3357      314.57
5438690   3357      448.09
5439480   3357      320.61
5439865   3357      366.13
5458236   3357      298.85
5461455   3357      409.58
5605414   3357      521.27
5658043   3357      509.87
5688352   3357      320.61
5765952   3357      320.61
5779173   3357      320.61
5915261   3357      409.56
5921128   3357      615.85
5921800   3357      298.85
5923624   3357      342.40
5925143   3357      342.40
5925949   3357      281.92
5929492   3357      320.61
5935536   3357      642.74
5938630   3357      533.17
5938995   3357      320.61
6044716   3357      320.61
6125595   3357      298.85
6127630   3357      473.22
6238388   3357      391.87
6394853   3357      364.54
64800     3357      408.96
6537141   3357      408.13
6573443   3357      530.21
6573855   3357      366.13
6573893   3357      298.85
6575243   3357      298.85
6575301   3357      320.61
6584406   3357      408.13
6602322   3357      298.85
6634354   3357      320.61
6689708   3357      320.61
6690236   3357      320.61
6701343   3357      320.61
6701344   3357      539.11
6701453   3357      320.61
673822    3357      408.13
6841910   3357      298.85
7076647   3357      320.61
7211860   3357      342.40
7240399   3357      320.61
7300376   3357      448.09
7301470   3357      408.13
7305494   3357      409.56
7305781   3357      408.13
7308623   3357      479.38
7309317   3357      298.85
7309375   3357      298.85
7310425   3357      366.13
7310959   3357      409.56
7311233   3357      437.17
7311255   3357      529.23
7312149   3357      514.82
7313189   3357      408.13
7314050   3357      482.79
7314987   3357      366.13
7315048   3357      342.40
7315058   3357      495.21
7315331   3357      320.61
7316059   3357      366.13
7316139   3357      342.40
7316607   3357      558.56
7316959   3357      408.85
7317744   3357      408.13
7318041   3357      445.95
7319649   3357      342.40
7321787   3357      298.85
7322304   3357      298.85
7322780   3357      298.85
7322794   3357      576.07
7324725   3357      408.85
7325664   3357      405.79
7325721   3357      409.56
7325722   3357      595.14
7325778   3357      281.92
7328421   3357      298.85
7330948   3357      320.61
7331943   3357      749.44
7332202   3357      509.38
7332734   3357      409.56
7333145   3357      342.40
7333526   3357      509.38
7335642   3357      320.61
7337422   3357      400.90
7337778   3357      298.85
7338055   3357      366.13
7340200   3357      408.13
7340742   3357      434.09
7340989   3357      479.42
7342107   3357      298.85
7342680   3357      409.56
7343605   3357      298.85
7344290   3357      298.85
7344465   3357      298.85
7347856   3357      409.56
7348137   3357      298.85
7348986   3357      519.99
7349428   3357      391.87
7349843   3357      298.85
7350162   3357      419.27
7350273   3357      298.85
7351297   3357      352.83
7352317   3357      298.85
7353377   3357      320.61
7354064   3357      298.85
7354848   3357      281.92
7355928   3357      408.13
7359478   3357      342.40
7360346   3357      298.85
7360517   3357      320.61
7363171   3357      390.74
7363652   3357      320.61
7365166   3357      512.71
7365545   3357      298.85
7367276   3357      298.85
7368710   3357      298.85
7369018   3357      320.61
7371154   3357      320.61
7372156   3357      298.85
7372973   3357      455.49
7373089   3357      298.85
7373215   3357      366.13
7374243   3357      298.85
7374616   3357      409.56
7377030   3357      298.85
7377579   3357      320.61
7379256   3357      298.85
7380616   3357      298.85
7381553   3357      320.61
7382148   3357      451.63
7382532   3357      298.85
7384964   3357      320.61
7387544   3357      320.61
7388038   3357      298.85
7388080   3357      320.61
7388125   3357      342.40
7388199   3357      298.85
7389581   3357      320.61
7391472   3357      298.85
7392153   3357      342.40
7393061   3357      298.85
7393144   3357      298.85
7395742   3357      281.90
7396051   3357      320.61
7398038   3357      363.27
7400031   3357      320.61
7401094   3357      320.61
7401380   3357      486.31
7401853   3357      298.85
7403123   3357      298.85
7403188   3357      298.85
7403563   3357      298.85
7406353   3357      320.61
7408531   3357      320.61
7409730   3357      298.85
7410177   3357      391.87
7412535   3357      342.40
7412738   3357      298.85
7415285   3357      391.87
7415448   3357      320.61
7416870   3357      298.85
7417289   3357      298.85
7417791   3357      320.61
7418898   3357      298.85
7418939   3357      320.61
7419340   3357      298.85
7419740   3357      502.35
7419800   3357      320.61
7419866   3357      298.85
7420316   3357      320.61
7420429   3357      342.40
7423108   3357      342.40
7423415   3357      320.61
7423444   3357      570.29
7425063   3357      298.85
7425430   3357      320.61
7425900   3357      298.85
7426046   3357      320.61
7427359   3357      298.85
7427520   3357      320.61
7429274   3357      320.61
7432253   3357      342.40
7434591   3357      320.61
7435158   3357      298.85
7436077   3357      298.85
7436996   3357      320.61
7437806   3357      298.85
7437808   3357      298.85
7438450   3357      320.61
7439597   3357      366.13
7439617   3357      320.61
7439629   3357      320.61
7440809   3357      306.67
7442445   3357      320.61
7444497   3357      298.85
7444651   3357      342.40
7444842   3357      320.61
7444889   3357      366.13
7445661   3357      298.85
7446382   3357      342.40
7446644   3357      320.61
7447067   3357      320.61
7447334   3357      366.13
7447992   3357      298.85
7449457   3357      298.85
7455429   3357      537.98
7455588   3357      486.31
7461704   3357      320.61
7465820   3357      320.61
7465910   3357      320.61
7466779   3357      607.61
7466870   3357      573.10
7502836   3357      470.03
7548386   3357      385.61
7548420   3357      487.45
770342    3357      409.56
7917981   3357      320.61
7981510   3357      342.40
7982728   3357      298.85
7982865   3357      342.40
7983170   3357      298.85
7984159   3357      320.61
7985605   3357      324.41
7988969   3357      640.63
8054279   3357      443.12
8064487   3357      382.94
8069571   3357      320.61
8140450   3357      310.08
8594315   3357      320.61
8718789   3357      320.61
8734286   3357      342.40
9066082   3357      408.13
9100619   3357      640.63
9211039   3357      298.85
9261804   3357      342.40
9317884   3357      342.40
9433060   3357      320.61
9540404   3357      342.40
9540845   3357      366.13
9542018   3357      342.40
9542237   3357      298.85
9543174   3357      512.71
9543530   3357      519.81
9544179   3357      320.61
9544345   3357      298.85
9544429   3357      342.40
9544827   3357      342.40
9545198   3357      408.13
9545952   3357      520.70
9546474   3357      320.61
9547148   3357      555.40
9551389   3357      320.61
9552709   3357      443.61
9553039   3357      798.25
9553047   3357      298.85
9553149   3357      298.85
9555077   3357      444.46
9555609   3357      298.85
9555641   3357      320.61
9557148   3357      366.13
9557803   3357      298.85
9557875   3357      298.85
9557894   3357      515.59
9558628   3357      298.85
9560453   3357      298.85
9570736   3357      538.62
9572755   3357      320.61
9577605   3357      572.62
9601343   3357      320.61
9603154   3357      298.85
9603683   3357      320.61
9603870   3357      281.92
9604166   3357      298.85
9604592   3357      391.87
9607091   3357      408.13
9608547   3357      320.61
9609337   3357      298.85
9609338   3357      320.61
9612117   3357      641.38
9612530   3357      601.09
9612692   3357      320.61
9614364   3357      298.85
9615563   3357      320.61
9615964   3357      320.61
9617493   3357      298.85
9620242   3357      342.40
9620248   3357      366.13
9620376   3357      320.61
9620599   3357      342.40
9620701   3357      298.85
9620720   3357      298.85
9621777   3357      320.61
9622347   3357      320.61
9624370   3357      391.87
9624596   3357      298.85
9625361   3357      320.61
9625933   3357      320.61
9626082   3357      320.61
9626215   3357      298.85
9627150   3357      342.40
9627523   3357      320.61
9627724   3357      298.85
9629963   3357      342.40
9631462   3357      342.40
9634554   3357      585.81
9634674   3357      320.61
9636806   3357      298.85
9638320   3357      320.61
9639201   3357      298.85
9845319   3357      298.85
9846320   3357      342.40
9847068   3357      298.85
9847350   3357      620.57
9848693   3357      488.06
9850403   3357      320.61
9851111   3357      320.61
9851993   3357      576.01
