10107724  0357      326.40
10120357  0357      378.13
10121866  0357      687.61
10125466  0357      244.33
10126656  0357      252.08
10141786  0357      275.04
10312414  0357      231.00
10373550  0357      504.17
10639752  0357      244.33
10726693  0357      252.08
10760806  0357      244.33
10764554  0357      275.04
10770124  0357      252.08
10772668  0357      244.33
10774121  0357      275.04
10775520  0357      462.00
10776516  0357      326.40
10776915  0357      244.33
10777482  0357      244.33
10777645  0357      378.13
10778464  0357      244.33
10779723  0357      252.08
10784623  0357      252.08
10820078  0357      275.04
10840266  0357      252.08
10841061  0357      237.80
10841823  0357      326.40
10842205  0357      252.08
10843324  0357      630.21
10844575  0357      652.79
10844947  0357      252.08
10845717  0357      244.33
10845943  0357      326.40
10846474  0357      252.08
10846532  0357      275.04
10846629  0357      252.08
10846940  0357      504.17
10846985  0357      252.08
10847648  0357      244.33
10848158  0357      299.77
10849906  0357      252.08
10849907  0357      275.04
10860593  0357      252.08
10903693  0357      244.33
10959957  0357      252.08
10960021  0357      252.08
10963442  0357      275.04
10963957  0357      275.04
10964062  0357      504.17
1108218   0357      333.48
1112379   0357      326.28
1115136   0357      326.92
11163187  0357      244.33
11177533  0357      244.33
11260715  0357      252.08
11261772  0357      326.40
11262378  0357      252.08
11263756  0357      244.33
11264465  0357      252.08
11264550  0357      231.00
11265496  0357      252.08
11265527  0357      275.04
11266390  0357      504.17
11267811  0357      462.00
11267932  0357      488.66
11268437  0357      326.40
11269196  0357      299.77
1129535   0357      317.68
11414487  0357      275.04
11425214  0357      252.08
11425449  0357      252.08
11426462  0357      231.00
11428034  0357      231.00
11428889  0357      630.21
11429539  0357      504.17
11429792  0357      244.33
11429991  0357      378.13
11430700  0357      252.08
11433167  0357      252.08
11433865  0357      504.17
11434350  0357      252.08
11546168  0357      231.00
11580362  0357      275.04
11584952  0357      252.08
11586448  0357      252.08
11589730  0357      504.17
11594236  0357      326.40
11594524  0357      244.33
11596252  0357      252.08
11597667  0357      252.08
11598121  0357      237.80
11598207  0357      244.33
11598956  0357      237.80
11633896  0357      237.80
11645810  0357      252.08
11651035  0357      252.08
11651090  0357      252.08
11652405  0357      252.08
11653864  0357      252.08
11694358  0357      244.33
11694758  0357      252.08
11695394  0357      488.66
11749469  0357      252.08
11783201  0357      275.04
11783366  0357      326.40
11784637  0357      244.33
11786325  0357      326.40
11786432  0357      237.80
11787653  0357      504.17
11787807  0357      252.08
11788587  0357      550.09
11788630  0357      275.04
11790273  0357      252.08
11790818  0357      378.13
11791177  0357      252.08
11792506  0357      244.33
11792846  0357      252.08
118087    0357      423.88
11878930  0357      252.08
11879419  0357      275.04
11879750  0357      275.04
11881224  0357      326.40
11881668  0357      610.82
11881669  0357      244.33
11882080  0357      231.00
11882720  0357      326.40
11883300  0357      504.17
11949766  0357      326.40
12011761  0357      652.79
12018571  0357      346.50
12018729  0357      244.33
12018852  0357      252.08
12019816  0357      231.00
12020535  0357      299.77
12021559  0357      275.04
12021966  0357      252.08
12022428  0357      275.04
12023306  0357      299.77
12023981  0357      378.13
12024178  0357      252.08
12024179  0357      252.08
12025294  0357      378.13
12025488  0357      244.33
12025491  0357      244.33
12026565  0357      252.08
12027093  0357      252.08
12027260  0357      252.08
12027527  0357      244.33
12027928  0357      244.33
12027973  0357      550.09
12080554  0357      252.08
1218058   0357      312.08
12241212  0357      366.49
12242270  0357      252.08
12243077  0357      244.33
12244707  0357      244.33
12247738  0357      378.13
12248400  0357      610.82
12248755  0357      275.04
12248784  0357      475.61
12248960  0357      252.08
12249178  0357      326.40
12279667  0357      252.08
12314254  0357      749.42
1232375   0357      380.88
12369466  0357      252.08
12370670  0357      299.77
1239070   0357      333.48
12434895  0357      237.80
12435304  0357      252.08
12435757  0357      366.49
12435759  0357      630.21
12527456  0357      231.00
12534356  0357      252.08
12536172  0357      252.08
12536549  0357      299.77
1254062   0357      340.28
1257983   0357      318.92
1258658   0357      326.28
1259324   0357      340.28
1261562   0357      340.28
1262953   0357      307.16
1263302   0357      346.80
1263303   0357      326.28
1263991   0357      375.28
1265436   0357      326.28
1266723   0357      165.60
12691465  0357      252.08
1269356   0357      527.36
12698409  0357      244.33
12698965  0357      244.33
12700553  0357      231.00
12701276  0357      252.08
12701301  0357      610.82
12702273  0357      231.00
12704473  0357      237.80
12704482  0357      550.09
12704649  0357      252.08
12704927  0357      252.08
12705860  0357      252.08
12706171  0357      252.08
12706774  0357      550.09
12707136  0357      252.08
1272390   0357      340.28
1273369   0357      315.92
1277938   0357      340.28
1278407   0357      326.28
12848719  0357      252.08
12849330  0357      299.77
12851330  0357      252.08
12852888  0357      252.08
12858616  0357      378.13
12878256  0357      252.08
12884972  0357      252.08
12934142  0357      231.00
12934525  0357      244.33
12935305  0357      252.08
12935606  0357      252.08
13032012  0357      488.66
13032033  0357      252.08
13034237  0357      252.08
13035222  0357      326.40
13084886  0357      231.00
13180551  0357      252.08
1318484   0357      333.48
13187744  0357      504.17
13187816  0357      378.13
13188137  0357      237.80
13188604  0357      356.71
13264411  0357      252.08
13265462  0357      244.33
13265946  0357      378.13
13266369  0357      252.08
13268000  0357      488.66
13268185  0357      488.66
13268457  0357      231.00
13268537  0357      378.13
13343258  0357      244.33
13346269  0357      610.82
13408041  0357      237.80
13510172  0357      237.80
13510180  0357      244.33
13527636  0357      275.04
13566631  0357      326.40
13643981  0357      488.66
13643982  0357      366.49
13644051  0357      252.08
13644555  0357      610.82
13644665  0357      252.08
13644680  0357      687.61
13652653  0357      244.33
13674854  0357      275.04
13678214  0357      252.08
13678857  0357      244.33
13679940  0357      252.08
13724134  0357      378.13
13774187  0357      244.33
13774684  0357      252.08
13775452  0357      244.33
13775808  0357      244.33
13777181  0357      366.49
13785046  0357      244.33
13785661  0357      252.08
13785997  0357      231.00
13786181  0357      252.08
13787208  0357      252.08
13787741  0357      244.33
13842354  0357      252.08
13843775  0357      252.08
13856268  0357      252.08
13867427  0357      378.13
13868652  0357      252.08
13880177  0357      244.33
13880981  0357      252.08
13905892  0357      244.33
13986119  0357      252.08
13990906  0357      412.57
14003086  0357      231.00
14030527  0357      244.33
14031045  0357      252.08
14031497  0357      630.21
1404429   0357      286.24
14093727  0357      378.13
14094806  0357      275.04
14143188  0357      231.00
14159223  0357      488.66
14176129  0357      252.08
14176671  0357      252.08
14270811  0357      610.82
14293118  0357      378.13
1431183   0357      326.28
14335445  0357      231.00
14335539  0357      252.08
14372299  0357      275.04
14372818  0357      469.80
14376347  0357      252.08
14398946  0357      252.08
14399267  0357      356.71
14405196  0357      252.08
14405401  0357      252.08
14513487  0357      244.33
14590375  0357      237.80
14607589  0357      356.71
14648947  0357      252.08
14649126  0357      244.33
14810540  0357      378.13
14825867  0357      252.08
14877620  0357      252.08
14877805  0357      275.04
14877859  0357      299.77
14879704  0357      366.49
14880827  0357      275.04
15170350  0357      237.80
15177340  0357      275.04
15177867  0357      488.66
15306151  0357      577.50
15306996  0357      231.00
15352095  0357      252.08
15444811  0357      275.04
15448608  0357      252.08
15597541  0357      244.33
15598043  0357      244.33
15598319  0357      252.08
15598510  0357      504.17
15598933  0357      244.33
15599928  0357      356.71
15668151  0357      504.17
15668851  0357      237.80
15690244  0357      244.33
15729233  0357      378.13
15729536  0357      594.51
15778630  0357      378.13
15827139  0357      275.04
15959808  0357      244.33
16001576  0357      244.33
16137706  0357      231.00
16138119  0357      378.13
1631390   0357      290.32
16324090  0357      252.08
16594051  0357      237.80
16641426  0357      231.00
16736267  0357      252.08
16770549  0357      252.08
16788972  0357      504.17
16796439  0357      488.66
17011869  0357      504.17
17012587  0357      630.21
17019549  0357      252.08
17033230  0357      244.33
17033256  0357      244.33
17104175  0357      252.08
17306742  0357      244.33
1737075   0357      333.48
17379215  0357      356.71
17380736  0357      244.33
17504786  0357      237.80
17572385  0357      504.17
17574055  0357      594.51
17626132  0357      475.61
1763812   0357      307.16
1764349   0357      346.80
1765295   0357      736.16
1769938   0357      330.76
17727473  0357      237.80
17859806  0357      244.33
17965237  0357      378.13
18058393  0357      244.33
18059918  0357      252.08
18263579  0357      252.08
18263756  0357      252.08
1834693   0357      165.60
18471327  0357      252.08
18618969  0357      244.33
18656459  0357      378.13
18785684  0357      244.33
18950730  0357      244.33
1906129   0357      326.28
19166206  0357      610.82
19262723  0357      252.08
1926999   0357      318.92
19324610  0357      504.17
19827450  0357      244.33
19850185  0357      610.82
19886649  0357      630.21
19973112  0357      252.08
20187870  0357      475.61
20189202  0357      299.77
20235584  0357      475.61
2030572   0357      333.48
2033664   0357      303.24
20348834  0357      366.49
20351464  0357      504.17
21140944  0357      366.49
2130876   0357      346.80
2157417   0357      592.28
2186056   0357      333.48
2189077   0357      390.24
2196831   0357      340.28
2198274   0357      308.56
2198799   0357      333.48
2199826   0357      340.28
22326349  0357      237.80
2272067   0357      346.80
23156662  0357      298.84
2376223   0357      302.00
2380275   0357      318.92
2384661   0357      326.28
2529886   0357      326.28
2532585   0357      346.80
2533320   0357      310.40
2533977   0357      337.40
2534786   0357      181.24
2535843   0357      318.92
2536373   0357      318.92
2536795   0357      314.92
2538821   0357      323.12
2539607   0357      318.92
2539943   0357      346.80
2541142   0357      326.28
2541439   0357      329.12
2541709   0357      324.68
2543654   0357      326.28
2543932   0357      340.28
2592064   0357      318.92
2592966   0357      340.28
2593377   0357      313.24
2593686   0357      333.48
2596405   0357      297.72
2597854   0357      339.16
2598033   0357      353.40
2598872   0357      337.56
2601437   0357      325.00
2603046   0357      347.96
2605117   0357      304.32
2605164   0357      337.56
2605539   0357      185.48
2605823   0357      165.56
2607322   0357      290.44
2608233   0357      283.32
2608304   0357      328.52
2608554   0357      339.16
2684589   0357      326.28
2741170   0357      312.72
2854705   0357      333.48
2870837   0357      342.52
2910376   0357      346.80
2910432   0357      330.76
2911765   0357      333.48
2912407   0357      346.80
2912692   0357      303.24
2913757   0357      330.88
2913809   0357      346.80
2914272   0357      323.84
2915293   0357      346.80
2915714   0357      326.28
2915780   0357      346.40
2916102   0357      181.24
2916362   0357      342.52
2916467   0357      340.28
2916786   0357      333.48
2918280   0357      649.92
2992913   0357      346.80
3035349   0357      326.28
3039370   0357      318.32
3080057   0357      399.56
3080311   0357      326.28
3080984   0357      252.08
3081351   0357      315.92
3082505   0357      308.48
3083006   0357      326.28
3083065   0357      346.80
3083457   0357      365.28
3083843   0357      340.28
3084868   0357      327.80
3084978   0357      318.92
3085009   0357      311.72
3085276   0357      311.24
3090485   0357      287.04
3156003   0357      287.56
3234299   0357      311.24
3245420   0357      326.28
3314884   0357      181.16
3315121   0357      346.80
3315781   0357      346.80
3317339   0357      287.32
3317520   0357      309.20
3318589   0357      301.36
3318694   0357      285.80
3318719   0357      327.80
3319659   0357      340.28
3320986   0357      326.28
3322128   0357      318.44
3322284   0357      333.48
3322381   0357      330.28
3324084   0357      410.68
3324110   0357      363.68
3324403   0357      303.24
3329806   0357      347.96
3353242   0357      300.32
3457632   0357      262.00
3528540   0357      293.00
3533360   0357      305.40
3535445   0357      329.88
3535676   0357      330.00
3535838   0357      344.64
3538837   0357      292.56
3539352   0357      338.60
3541739   0357      303.88
3541975   0357      165.56
3542004   0357      275.04
3542015   0357      189.72
3554092   0357      318.92
3593839   0357      313.36
3598528   0357      331.72
3710064   0357      375.36
3759377   0357      351.60
3784066   0357      284.48
3784441   0357      299.84
3785251   0357      303.00
3792247   0357      312.08
3830110   0357      360.28
3855157   0357      165.56
3855577   0357      326.28
3856978   0357      346.44
3857004   0357      311.72
3857220   0357      302.16
3857667   0357      349.12
3857878   0357      341.64
3858323   0357      493.84
3858856   0357      275.04
3859230   0357      366.04
3864991   0357      274.72
3875055   0357      252.08
3877925   0357      550.09
3878006   0357      231.00
3963688   0357      284.76
3964093   0357      409.80
3964337   0357      370.84
3965704   0357      318.16
3969513   0357      271.60
4001934   0357      314.00
4064149   0357      261.60
4065177   0357      340.28
4065584   0357      252.08
4065648   0357      350.40
4066245   0357      338.88
4067118   0357      269.96
4067735   0357      338.64
4067795   0357      336.88
4068788   0357      269.80
4071074   0357      454.04
4071241   0357      272.04
4107436   0357      231.00
4191539   0357      293.72
4193094   0357      566.96
4194671   0357      290.24
4195654   0357      343.56
4199927   0357      170.52
4200911   0357      332.24
4238916   0357      369.12
430240    0357      346.80
4317775   0357      473.76
4373204   0357      489.40
4373479   0357      269.80
4375498   0357      333.84
4375998   0357      344.00
4376813   0357      328.28
4377201   0357      347.20
437803    0357      326.28
4378140   0357      272.88
4378236   0357      346.24
4378283   0357      303.00
4378759   0357      275.04
4379154   0357      358.88
4381341   0357      319.96
4381614   0357      244.33
4382400   0357      385.04
4383023   0357      275.04
4383200   0357      358.76
4385047   0357      353.80
4386936   0357      299.77
4387777   0357      577.50
439023    0357      215.32
4409485   0357      275.04
4409788   0357      336.16
4409789   0357      488.66
4414417   0357      306.28
4414541   0357      315.36
4414909   0357      347.92
4415675   0357      329.28
443869    0357      326.28
4609506   0357      289.56
4610129   0357      337.56
4720170   0357      366.49
4720923   0357      252.08
4721016   0357      244.33
4721639   0357      346.80
4722680   0357      344.56
4722814   0357      172.28
4723168   0357      330.88
4723276   0357      326.96
4723403   0357      343.72
4724433   0357      353.40
4725919   0357      550.09
4727740   0357      231.00
4728331   0357      333.20
4729448   0357      171.68
4729575   0357      230.92
4730168   0357      275.04
4730490   0357      320.76
4730823   0357      344.12
4731322   0357      457.08
4731494   0357      285.52
4732090   0357      275.96
4732618   0357      237.80
4734527   0357      237.80
4734940   0357      244.33
4735505   0357      346.80
4738424   0357      326.28
4739546   0357      441.48
4739796   0357      275.04
4754833   0357      465.56
4803744   0357      275.04
4805842   0357      252.08
4827213   0357      273.40
4853128   0357      281.84
4882144   0357      185.64
5017295   0357      231.00
5022967   0357      347.68
5237805   0357      252.08
5238236   0357      351.60
5239261   0357      275.80
5240821   0357      301.36
5242545   0357      316.44
5244302   0357      293.88
5244483   0357      231.00
5244484   0357      285.52
5244765   0357      277.96
5245261   0357      275.04
5248926   0357      309.88
5248954   0357      288.00
5249259   0357      252.08
5249817   0357      275.04
5250965   0357      328.36
5251153   0357      329.32
5251214   0357      274.20
5252606   0357      550.09
5253930   0357      368.20
5254613   0357      350.84
5254952   0357      327.12
5255567   0357      252.08
5255641   0357      275.04
5257069   0357      283.80
5257175   0357      339.16
5257421   0357      299.77
5257727   0357      630.21
5257774   0357      252.08
5259121   0357      359.48
5259785   0357      311.12
5261116   0357      237.80
5261139   0357      371.00
5261250   0357      296.28
5261418   0357      278.16
5261643   0357      244.33
5263470   0357      314.04
5344986   0357      244.33
5435450   0357      237.80
5436619   0357      275.04
5436795   0357      187.28
5438690   0357      337.00
5439480   0357      252.08
5439865   0357      749.42
5458236   0357      237.80
5461455   0357      339.16
5605414   0357      775.64
5658043   0357      252.08
5688352   0357      252.08
5765952   0357      252.08
5779173   0357      252.08
5915261   0357      326.28
5921128   0357      252.08
5921800   0357      244.33
5923624   0357      275.04
5925143   0357      275.04
5925949   0357      165.60
5929492   0357      252.08
5935536   0357      687.61
5938630   0357      252.08
5938995   0357      252.08
6044716   0357      378.13
6125595   0357      610.82
6127630   0357      312.68
6238388   0357      326.40
6394853   0357      220.24
64800     0357      311.24
6537141   0357      333.56
6573443   0357      339.16
6573855   0357      299.77
6573893   0357      237.80
6575243   0357      231.00
6575301   0357      252.08
6584406   0357      615.32
6602322   0357      244.33
6634354   0357      252.08
6689708   0357      252.08
6690236   0357      252.08
6701343   0357      252.08
6701344   0357      252.08
6701453   0357      252.08
673822    0357      340.28
6841910   0357      244.33
7076647   0357      252.08
7211860   0357      275.04
7240399   0357      252.08
7300376   0357      337.00
7301470   0357      347.52
7305494   0357      339.56
7305781   0357      318.16
7308623   0357      300.56
7309317   0357      244.33
7309375   0357      231.00
7310425   0357      299.77
7310959   0357      303.00
7311233   0357      287.80
7311255   0357      411.24
7312149   0357      375.16
7313189   0357      328.52
7314050   0357      244.33
7314987   0357      299.77
7315048   0357      275.04
7315058   0357      630.21
7315331   0357      252.08
7316059   0357      299.77
7316139   0357      275.04
7316607   0357      329.12
7316959   0357      481.28
7317744   0357      583.12
7318041   0357      283.16
7319649   0357      550.09
7321787   0357      231.00
7322304   0357      231.00
7322780   0357      237.80
7322794   0357      380.76
7324725   0357      330.28
7325664   0357      262.08
7325721   0357      341.52
7325722   0357      391.72
7325778   0357      166.80
7328421   0357      244.33
7330948   0357      252.08
7331943   0357      231.00
7332202   0357      244.33
7332734   0357      453.52
7333145   0357      275.04
7333526   0357      488.66
7335642   0357      252.08
7337422   0357      247.92
7337778   0357      244.33
7338055   0357      299.77
7340200   0357      333.48
7340742   0357      318.44
7340989   0357      367.40
7342107   0357      231.00
7342680   0357      326.28
7343605   0357      244.33
7344290   0357      231.00
7344465   0357      462.00
7347856   0357      302.16
7348137   0357      244.33
7348986   0357      252.08
7349428   0357      815.99
7349843   0357      244.33
7350162   0357      275.44
7350273   0357      231.00
7351297   0357      229.32
7352317   0357      231.00
7353364   0357      488.66
7353377   0357      252.08
7354064   0357      244.33
7354848   0357      166.80
7355928   0357      310.40
7359478   0357      275.04
7360346   0357      237.80
7360517   0357      252.08
7363171   0357      241.28
7363652   0357      252.08
7365166   0357      252.08
7365545   0357      231.00
7367276   0357      244.33
7368710   0357      488.66
7369018   0357      252.08
7371154   0357      252.08
7372156   0357      244.33
7372973   0357      257.52
7373089   0357      237.80
7373215   0357      299.77
7374243   0357      237.80
7374616   0357      292.64
7377030   0357      237.80
7377579   0357      252.08
7379256   0357      462.00
7380616   0357      244.33
7381553   0357      252.08
7382148   0357      297.76
7382532   0357      244.33
7384964   0357      252.08
7387544   0357      504.17
7388038   0357      244.33
7388080   0357      252.08
7388125   0357      275.04
7388199   0357      356.71
7389581   0357      252.08
7391472   0357      231.00
7392153   0357      687.61
7393061   0357      231.00
7393144   0357      488.66
7395742   0357      165.56
7396051   0357      378.13
7398038   0357      210.12
7400031   0357      252.08
7401094   0357      252.08
7401380   0357      252.08
7401853   0357      244.33
7403123   0357      244.33
7403188   0357      231.00
7403563   0357      231.00
7406353   0357      252.08
7408531   0357      252.08
7409730   0357      231.00
7410177   0357      326.40
7412535   0357      275.04
7412738   0357      237.80
7415285   0357      326.40
7415448   0357      252.08
7416870   0357      244.33
7417289   0357      488.66
7417791   0357      504.17
7418898   0357      244.33
7418939   0357      244.33
7419340   0357      231.00
7419740   0357      244.33
7419800   0357      252.08
7419866   0357      577.50
7420316   0357      252.08
7420429   0357      275.04
7423108   0357      275.04
7423415   0357      252.08
7423444   0357      252.08
7425063   0357      244.33
7425430   0357      252.08
7425900   0357      231.00
7426046   0357      252.08
7427359   0357      244.33
7427520   0357      252.08
7429274   0357      252.08
7432253   0357      275.04
7434591   0357      630.21
7435158   0357      610.82
7436077   0357      462.00
7436996   0357      252.08
7437806   0357      244.33
7437808   0357      244.33
7438450   0357      252.08
7439597   0357      599.54
7439617   0357      252.08
7439629   0357      252.08
7440809   0357      175.40
7442445   0357      252.08
7444497   0357      366.49
7444651   0357      275.04
7444842   0357      252.08
7444889   0357      599.54
7445661   0357      237.80
7446382   0357      275.04
7446644   0357      252.08
7447067   0357      630.21
7447334   0357      299.77
7447992   0357      244.33
7449457   0357      237.80
7455429   0357      399.16
7455588   0357      252.08
7461704   0357      252.08
7465820   0357      630.21
7465910   0357      252.08
7466779   0357      339.04
7466870   0357      430.88
7502836   0357      274.20
7548386   0357      280.40
7548420   0357      231.00
770342    0357      326.28
7917981   0357      252.08
7981510   0357      275.04
7982728   0357      244.33
7982865   0357      275.04
7983170   0357      244.33
7984159   0357      252.08
7985605   0357      175.16
7988969   0357      493.44
8054279   0357      237.80
8064487   0357      375.44
8068577   0357      269.12
8069571   0357      252.08
8140450   0357      189.20
8594315   0357      252.08
8718789   0357      504.17
8734286   0357      275.04
9066082   0357      311.12
9100619   0357      493.44
9211039   0357      231.00
9261804   0357      275.04
9317884   0357      550.09
9433060   0357      252.08
9540404   0357      275.04
9540845   0357      449.65
9542018   0357      275.04
9542237   0357      231.00
9543174   0357      252.08
9543530   0357      291.52
9544179   0357      252.08
9544345   0357      237.80
9544429   0357      275.04
9544827   0357      275.04
9545198   0357      320.76
9545952   0357      400.08
9546474   0357      252.08
9547148   0357      231.00
9551389   0357      252.08
9552709   0357      353.92
9553039   0357      252.08
9553047   0357      231.00
9553149   0357      244.33
9553310   0357      488.66
9555077   0357      286.60
9555609   0357      244.33
9555641   0357      252.08
9557148   0357      599.54
9557803   0357      237.80
9557875   0357      244.33
9557894   0357      314.16
9558628   0357      237.80
9560453   0357      244.33
9570736   0357      398.64
9572755   0357      252.08
9577605   0357      430.24
9601343   0357      630.21
9603154   0357      237.80
9603683   0357      252.08
9603870   0357      165.56
9604166   0357      231.00
9604592   0357      489.59
9607091   0357      311.72
9608547   0357      252.08
9609337   0357      244.33
9609338   0357      504.17
9612117   0357      489.96
9612530   0357      630.21
9612692   0357      252.08
9614364   0357      462.00
9615563   0357      252.08
9615964   0357      252.08
9617493   0357      462.00
9620242   0357      550.09
9620248   0357      599.54
9620376   0357      252.08
9620599   0357      275.04
9620701   0357      231.00
9620720   0357      231.00
9621777   0357      244.33
9622347   0357      252.08
9624370   0357      326.40
9624596   0357      244.33
9625361   0357      252.08
9625933   0357      504.17
9626082   0357      252.08
9626215   0357      231.00
9627150   0357      687.61
9627523   0357      504.17
9627724   0357      244.33
9629963   0357      275.04
9631462   0357      275.04
9634554   0357      252.08
9634674   0357      252.08
9636806   0357      244.33
9638320   0357      252.08
9639201   0357      231.00
9845319   0357      237.80
9846320   0357      275.04
9847068   0357      231.00
9847350   0357      252.08
9848693   0357      231.00
9850403   0357      252.08
9851111   0357      252.08
9851993   0357      252.08
10107724  3357      326.40
10120357  3357      252.08
10121866  3357      275.04
10125466  3357      244.33
10126656  3357      252.08
10141786  3357      275.04
10312414  3357      231.00
10373550  3357      252.08
10639752  3357      244.33
10726693  3357      252.08
10760806  3357      244.33
10764554  3357      275.04
10770124  3357      252.08
10772668  3357      244.33
10774121  3357      275.04
10775520  3357      231.00
10776516  3357      326.40
10776915  3357      244.33
10777482  3357      244.33
10777645  3357      252.08
10778464  3357      244.33
10779723  3357      252.08
10784623  3357      252.08
10820078  3357      275.04
10840266  3357      252.08
10841061  3357      237.80
10841823  3357      326.40
10842205  3357      252.08
10843324  3357      252.08
10844575  3357      326.40
10844947  3357      252.08
10845717  3357      244.33
10845943  3357      326.40
10846474  3357      252.08
10846532  3357      275.04
10846629  3357      252.08
10846940  3357      252.08
10846985  3357      252.08
10847648  3357      244.33
10848158  3357      299.77
10849906  3357      252.08
10849907  3357      275.04
10860593  3357      252.08
10903693  3357      244.33
10959957  3357      252.08
10960021  3357      252.08
10963442  3357      275.04
10963957  3357      275.04
10964062  3357      252.08
1108218   3357      333.48
1112379   3357      326.28
1115136   3357      326.92
11163187  3357      244.33
11177533  3357      244.33
11260715  3357      252.08
11261772  3357      326.40
11262378  3357      252.08
11263756  3357      244.33
11264465  3357      252.08
11264550  3357      231.00
11265496  3357      252.08
11265527  3357      275.04
11266390  3357      252.08
11267811  3357      231.00
11267932  3357      244.33
11268437  3357      326.40
11269196  3357      299.77
1129535   3357      317.68
11414487  3357      275.04
11425214  3357      252.08
11425449  3357      252.08
11426462  3357      231.00
11428034  3357      231.00
11428889  3357      252.08
11429539  3357      252.08
11429792  3357      244.33
11429991  3357      252.08
11430700  3357      252.08
11433167  3357      252.08
11433865  3357      252.08
11434350  3357      252.08
11546168  3357      231.00
11580362  3357      275.04
11584952  3357      252.08
11586448  3357      252.08
11589730  3357      252.08
11594236  3357      326.40
11594524  3357      244.33
11596252  3357      252.08
11597667  3357      252.08
11598121  3357      237.80
11598207  3357      244.33
11598956  3357      237.80
11633896  3357      237.80
11645810  3357      252.08
11651035  3357      252.08
11651090  3357      252.08
11652405  3357      252.08
11653864  3357      252.08
11694358  3357      244.33
11694758  3357      252.08
11695394  3357      244.33
11749469  3357      252.08
11783201  3357      275.04
11783366  3357      326.40
11784637  3357      244.33
11786325  3357      326.40
11786432  3357      237.80
11787653  3357      252.08
11787807  3357      252.08
11788587  3357      275.04
11788630  3357      275.04
11790273  3357      252.08
11790818  3357      252.08
11791177  3357      252.08
11792506  3357      244.33
11792846  3357      252.08
118087    3357      423.88
11878930  3357      252.08
11879419  3357      275.04
11879750  3357      275.04
11881224  3357      326.40
11881668  3357      244.33
11881669  3357      244.33
11882080  3357      231.00
11882720  3357      326.40
11883300  3357      252.08
11949766  3357      326.40
12011761  3357      326.40
12018571  3357      231.00
12018729  3357      244.33
12018852  3357      252.08
12019816  3357      231.00
12020535  3357      299.77
12021559  3357      275.04
12021966  3357      252.08
12022428  3357      275.04
12023306  3357      299.77
12023981  3357      252.08
12024178  3357      252.08
12024179  3357      252.08
12025294  3357      252.08
12025488  3357      244.33
12025491  3357      244.33
12026565  3357      252.08
12027093  3357      252.08
12027260  3357      252.08
12027527  3357      244.33
12027928  3357      244.33
12027973  3357      275.04
12080554  3357      252.08
1218058   3357      312.08
12241212  3357      244.33
12242270  3357      252.08
12243077  3357      244.33
12244707  3357      244.33
12247738  3357      252.08
12248400  3357      244.33
12248755  3357      275.04
12248784  3357      237.80
12248960  3357      252.08
12249178  3357      326.40
12279667  3357      252.08
12314254  3357      299.77
1232375   3357      380.88
12369466  3357      252.08
12370670  3357      299.77
1239070   3357      333.48
12434895  3357      237.80
12435304  3357      252.08
12435757  3357      244.33
12435759  3357      252.08
12527456  3357      231.00
12534356  3357      252.08
12536172  3357      252.08
12536549  3357      299.77
1254062   3357      340.28
1257983   3357      318.92
1258658   3357      326.28
1259324   3357      340.28
1261562   3357      340.28
1262953   3357      307.16
1263302   3357      346.80
1263303   3357      326.28
1263991   3357      375.28
1265436   3357      326.28
1266723   3357      165.60
12691465  3357      252.08
1269356   3357      318.92
12698409  3357      244.33
12698965  3357      244.33
12700553  3357      231.00
12701276  3357      252.08
12701301  3357      244.33
12702273  3357      231.00
12704473  3357      237.80
12704482  3357      275.04
12704649  3357      252.08
12704927  3357      252.08
12705860  3357      252.08
12706171  3357      252.08
12706774  3357      275.04
12707136  3357      252.08
1272390   3357      340.28
1273369   3357      315.92
1277938   3357      340.28
1278407   3357      326.28
12848719  3357      252.08
12849330  3357      299.77
12851330  3357      252.08
12852888  3357      252.08
12858616  3357      252.08
12878256  3357      252.08
12884972  3357      252.08
12934142  3357      231.00
12934525  3357      244.33
12935305  3357      252.08
12935606  3357      252.08
13032012  3357      244.33
13032033  3357      252.08
13034237  3357      252.08
13035222  3357      326.40
13084886  3357      231.00
13180551  3357      252.08
1318484   3357      333.48
13187744  3357      252.08
13187816  3357      252.08
13188137  3357      237.80
13188604  3357      237.80
13264411  3357      252.08
13265462  3357      244.33
13265946  3357      252.08
13266369  3357      252.08
13268000  3357      244.33
13268185  3357      244.33
13268457  3357      231.00
13268537  3357      252.08
13343258  3357      244.33
13346269  3357      244.33
13408041  3357      237.80
13510172  3357      237.80
13510180  3357      244.33
13527636  3357      275.04
13566631  3357      326.40
13643981  3357      244.33
13643982  3357      244.33
13644051  3357      252.08
13644555  3357      244.33
13644665  3357      252.08
13644680  3357      275.04
13652653  3357      244.33
13674854  3357      275.04
13678214  3357      252.08
13678857  3357      244.33
13679940  3357      252.08
13724134  3357      252.08
13774187  3357      244.33
13774684  3357      252.08
13775452  3357      244.33
13775808  3357      244.33
13777181  3357      244.33
13785046  3357      244.33
13785661  3357      252.08
13785997  3357      231.00
13786181  3357      252.08
13787208  3357      252.08
13787741  3357      244.33
13842354  3357      252.08
13843775  3357      252.08
13856268  3357      252.08
13867427  3357      252.08
13868652  3357      252.08
13880177  3357      244.33
13880981  3357      252.08
13905892  3357      244.33
13986119  3357      252.08
13990906  3357      275.04
14003086  3357      231.00
14030527  3357      244.33
14031045  3357      252.08
14031497  3357      252.08
1404429   3357      286.24
14093727  3357      252.08
14094806  3357      275.04
14143188  3357      231.00
14159223  3357      244.33
14176129  3357      252.08
14176671  3357      252.08
14270811  3357      244.33
14293118  3357      252.08
1431183   3357      326.28
14335445  3357      231.00
14335539  3357      252.08
14372299  3357      275.04
14372818  3357      249.16
14376347  3357      252.08
14398946  3357      252.08
14399267  3357      237.80
14405196  3357      252.08
14405401  3357      252.08
14513487  3357      244.33
14590375  3357      237.80
14607589  3357      237.80
14648947  3357      252.08
14649126  3357      244.33
14810540  3357      252.08
14825867  3357      252.08
14877620  3357      252.08
14877805  3357      275.04
14877859  3357      299.77
14879704  3357      244.33
14880827  3357      275.04
15170350  3357      237.80
15177340  3357      275.04
15177867  3357      244.33
15306151  3357      231.00
15306996  3357      231.00
15352095  3357      252.08
15444811  3357      275.04
15448608  3357      252.08
15597541  3357      244.33
15598043  3357      244.33
15598319  3357      252.08
15598510  3357      252.08
15598933  3357      244.33
15599928  3357      237.80
15668151  3357      252.08
15668851  3357      237.80
15690244  3357      244.33
15729233  3357      252.08
15729536  3357      237.80
15778630  3357      252.08
15827139  3357      275.04
15959808  3357      244.33
16001576  3357      244.33
16137706  3357      231.00
16138119  3357      252.08
1631390   3357      290.32
16324090  3357      252.08
16594051  3357      237.80
16641426  3357      231.00
16736267  3357      252.08
16770549  3357      252.08
16788972  3357      252.08
16796439  3357      244.33
17011869  3357      252.08
17012587  3357      252.08
17019549  3357      252.08
17033230  3357      244.33
17033256  3357      244.33
17104175  3357      252.08
17306742  3357      244.33
1737075   3357      333.48
17379215  3357      237.80
17380736  3357      244.33
17504786  3357      237.80
17572385  3357      252.08
17574055  3357      237.80
17626132  3357      237.80
1763812   3357      307.16
1764349   3357      346.80
1765295   3357      423.32
1769938   3357      330.76
17727473  3357      237.80
17859806  3357      244.33
17965237  3357      252.08
18058393  3357      244.33
18059918  3357      252.08
18263579  3357      252.08
18263756  3357      252.08
1834693   3357      165.60
18471327  3357      252.08
18618969  3357      244.33
18656459  3357      252.08
18785684  3357      244.33
18950730  3357      244.33
1906129   3357      326.28
19166206  3357      244.33
19262723  3357      252.08
1926999   3357      318.92
19324610  3357      252.08
19827450  3357      244.33
19850185  3357      244.33
19886649  3357      252.08
19973112  3357      252.08
20187870  3357      237.80
20189202  3357      299.77
20235584  3357      237.80
2030572   3357      333.48
2033664   3357      303.24
20348834  3357      244.33
20351464  3357      252.08
21140944  3357      244.33
2130876   3357      346.80
2157417   3357      303.24
2186056   3357      333.48
2189077   3357      390.24
2196831   3357      340.28
2198274   3357      308.56
2198799   3357      333.48
2199826   3357      340.28
22326349  3357      237.80
2272067   3357      346.80
23156662  3357      298.84
2376223   3357      302.00
2380275   3357      318.92
2384661   3357      326.28
2529886   3357      326.28
2532585   3357      346.80
2533320   3357      310.40
2533977   3357      337.40
2534786   3357      181.24
2535843   3357      318.92
2536373   3357      318.92
2536795   3357      314.92
2538821   3357      323.12
2539607   3357      318.92
2539943   3357      346.80
2541142   3357      326.28
2541439   3357      329.12
2541709   3357      324.68
2543654   3357      326.28
2543932   3357      340.28
2592064   3357      318.92
2592966   3357      340.28
2593377   3357      313.24
2593686   3357      333.48
2596405   3357      297.72
2597854   3357      339.16
2598033   3357      353.40
2598872   3357      337.56
2601437   3357      325.00
2603046   3357      347.96
2605117   3357      304.32
2605164   3357      337.56
2605539   3357      185.48
2605823   3357      165.56
2607322   3357      290.44
2608233   3357      283.32
2608304   3357      328.52
2608554   3357      339.16
2684589   3357      326.28
2741170   3357      312.72
2854705   3357      333.48
2870837   3357      342.52
2910376   3357      346.80
2910432   3357      330.76
2911765   3357      333.48
2912407   3357      346.80
2912692   3357      303.24
2913757   3357      330.88
2913809   3357      346.80
2914272   3357      323.84
2915293   3357      346.80
2915714   3357      326.28
2915780   3357      346.40
2916102   3357      181.24
2916362   3357      342.52
2916467   3357      340.28
2916786   3357      333.48
2918280   3357      326.28
2992913   3357      346.80
3035349   3357      326.28
3039370   3357      318.32
3080057   3357      303.24
3080311   3357      326.28
3080984   3357      252.08
3081351   3357      315.92
3082505   3357      308.48
3083006   3357      326.28
3083065   3357      346.80
3083457   3357      365.28
3083843   3357      340.28
3084868   3357      327.80
3084978   3357      318.92
3085009   3357      311.72
3085276   3357      311.24
3090485   3357      287.04
3156003   3357      287.56
3234299   3357      311.24
3245420   3357      326.28
3314884   3357      181.16
3315121   3357      346.80
3315781   3357      346.80
3317339   3357      287.32
3317520   3357      309.20
3318589   3357      301.36
3318694   3357      285.80
3318719   3357      327.80
3319659   3357      340.28
3320986   3357      326.28
3322128   3357      318.44
3322284   3357      333.48
3322381   3357      330.28
3324084   3357      410.68
3324110   3357      363.68
3324403   3357      303.24
3329806   3357      347.96
3353242   3357      300.32
3457632   3357      262.00
3528540   3357      293.00
3533360   3357      305.40
3535445   3357      329.88
3535676   3357      330.00
3535838   3357      344.64
3538837   3357      292.56
3539352   3357      338.60
3541739   3357      303.88
3541975   3357      165.56
3542004   3357      275.04
3542015   3357      189.72
3554092   3357      318.92
3593839   3357      313.36
3598528   3357      331.72
3710064   3357      375.36
3759377   3357      351.60
3784066   3357      284.48
3784441   3357      299.84
3785251   3357      303.00
3792247   3357      312.08
3830110   3357      360.28
3855157   3357      165.56
3855577   3357      326.28
3856978   3357      346.44
3857004   3357      311.72
3857220   3357      302.16
3857667   3357      349.12
3857878   3357      341.64
3858323   3357      302.16
3858856   3357      275.04
3859230   3357      282.60
3864991   3357      274.72
3875055   3357      252.08
3877925   3357      275.04
3878006   3357      231.00
3963688   3357      284.76
3964093   3357      409.80
3964337   3357      370.84
3965704   3357      318.16
3969513   3357      271.60
4001934   3357      314.00
4064149   3357      261.60
4065177   3357      340.28
4065584   3357      252.08
4065648   3357      350.40
4066245   3357      338.88
4067118   3357      269.96
4067735   3357      338.64
4067795   3357      336.88
4068788   3357      269.80
4071074   3357      454.04
4071241   3357      272.04
4107436   3357      231.00
4191539   3357      293.72
4193094   3357      293.08
4194671   3357      290.24
4195654   3357      343.56
4199927   3357      170.52
4200911   3357      332.24
4238916   3357      369.12
430240    3357      346.80
4317775   3357      473.76
4373204   3357      489.40
4373479   3357      269.80
4375498   3357      333.84
4375998   3357      344.00
4376813   3357      328.28
4377201   3357      347.20
437803    3357      326.28
4378140   3357      272.88
4378236   3357      346.24
4378283   3357      303.00
4378759   3357      275.04
4379154   3357      358.88
4381341   3357      319.96
4381614   3357      244.33
4382400   3357      293.52
4383023   3357      275.04
4383200   3357      358.76
4385047   3357      353.80
4386936   3357      299.77
4387777   3357      231.00
439023    3357      215.32
4409485   3357      275.04
4409788   3357      336.16
4409789   3357      244.33
4414417   3357      306.28
4414541   3357      315.36
4414909   3357      347.92
4415675   3357      329.28
443869    3357      326.28
4609506   3357      289.56
4610129   3357      337.56
4720170   3357      244.33
4720923   3357      252.08
4721016   3357      244.33
4721639   3357      346.80
4722680   3357      344.56
4722814   3357      172.28
4723168   3357      330.88
4723276   3357      326.96
4723403   3357      343.72
4724433   3357      353.40
4725919   3357      275.04
4727740   3357      231.00
4728331   3357      333.20
4729448   3357      171.68
4729575   3357      230.92
4730168   3357      275.04
4730490   3357      320.76
4730823   3357      344.12
4731322   3357      457.08
4731494   3357      285.52
4732090   3357      275.96
4732618   3357      237.80
4734527   3357      237.80
4734940   3357      244.33
4735505   3357      346.80
4738424   3357      326.28
4739546   3357      441.48
4739796   3357      275.04
4754833   3357      465.56
4803744   3357      275.04
4805842   3357      252.08
4827213   3357      273.40
4853128   3357      281.84
4882144   3357      185.64
5017295   3357      231.00
5022967   3357      347.68
5237805   3357      252.08
5238236   3357      351.60
5239261   3357      275.80
5240821   3357      301.36
5242545   3357      316.44
5244302   3357      293.88
5244483   3357      231.00
5244484   3357      285.52
5244765   3357      277.96
5245261   3357      275.04
5248926   3357      309.88
5248954   3357      288.00
5249259   3357      252.08
5249817   3357      275.04
5250965   3357      328.36
5251153   3357      329.32
5251214   3357      274.20
5252606   3357      275.04
5253930   3357      368.20
5254613   3357      350.84
5254952   3357      327.12
5255567   3357      252.08
5255641   3357      275.04
5257069   3357      283.80
5257175   3357      339.16
5257421   3357      299.77
5257727   3357      252.08
5257774   3357      252.08
5259121   3357      359.48
5259785   3357      311.12
5261116   3357      237.80
5261139   3357      371.00
5261250   3357      296.28
5261418   3357      278.16
5261643   3357      244.33
5263470   3357      314.04
5344986   3357      244.33
5435450   3357      237.80
5436619   3357      275.04
5436795   3357      187.28
5438690   3357      337.00
5439480   3357      252.08
5439865   3357      299.77
5458236   3357      237.80
5461455   3357      339.16
5605414   3357      387.84
5658043   3357      252.08
5688352   3357      252.08
5765952   3357      252.08
5779173   3357      252.08
5915261   3357      326.28
5921128   3357      252.08
5921800   3357      244.33
5923624   3357      275.04
5925143   3357      275.04
5925949   3357      165.60
5929492   3357      252.08
5935536   3357      275.04
5938630   3357      252.08
5938995   3357      252.08
6044716   3357      252.08
6125595   3357      244.33
6127630   3357      312.68
6238388   3357      326.40
6394853   3357      220.24
64800     3357      311.24
6537141   3357      333.56
6573443   3357      339.16
6573855   3357      299.77
6573893   3357      237.80
6575243   3357      231.00
6575301   3357      252.08
6584406   3357      312.44
6602322   3357      244.33
6634354   3357      252.08
6689708   3357      252.08
6690236   3357      252.08
6701343   3357      252.08
6701344   3357      252.08
6701453   3357      252.08
673822    3357      340.28
6841910   3357      244.33
7076647   3357      252.08
7211860   3357      275.04
7240399   3357      252.08
7300376   3357      337.00
7301470   3357      347.52
7305494   3357      339.56
7305781   3357      318.16
7308623   3357      300.56
7309317   3357      244.33
7309375   3357      231.00
7310425   3357      299.77
7310959   3357      303.00
7311233   3357      287.80
7311255   3357      411.24
7312149   3357      375.16
7313189   3357      328.52
7314050   3357      244.33
7314987   3357      299.77
7315048   3357      275.04
7315058   3357      252.08
7315331   3357      252.08
7316059   3357      299.77
7316139   3357      275.04
7316607   3357      329.12
7316959   3357      295.88
7317744   3357      346.80
7318041   3357      283.16
7319649   3357      275.04
7321787   3357      231.00
7322304   3357      231.00
7322780   3357      237.80
7322794   3357      380.76
7324725   3357      330.28
7325664   3357      262.08
7325721   3357      341.52
7325722   3357      391.72
7325778   3357      166.80
7328421   3357      244.33
7330948   3357      252.08
7331943   3357      231.00
7332202   3357      244.33
7332734   3357      339.16
7333145   3357      275.04
7333526   3357      244.33
7335642   3357      252.08
7337422   3357      247.92
7337778   3357      244.33
7338055   3357      299.77
7340200   3357      333.48
7340742   3357      318.44
7340989   3357      367.40
7342107   3357      231.00
7342680   3357      326.28
7343605   3357      244.33
7344290   3357      231.00
7344465   3357      231.00
7347856   3357      302.16
7348137   3357      244.33
7348986   3357      252.08
7349428   3357      326.40
7349843   3357      244.33
7350162   3357      275.44
7350273   3357      231.00
7351297   3357      229.32
7352317   3357      231.00
7353364   3357      244.33
7353377   3357      252.08
7354064   3357      244.33
7354848   3357      166.80
7355928   3357      310.40
7359478   3357      275.04
7360346   3357      237.80
7360517   3357      252.08
7363171   3357      241.28
7363652   3357      252.08
7365166   3357      252.08
7365545   3357      231.00
7367276   3357      244.33
7368710   3357      244.33
7369018   3357      252.08
7371154   3357      252.08
7372156   3357      244.33
7372973   3357      257.52
7373089   3357      237.80
7373215   3357      299.77
7374243   3357      237.80
7374616   3357      292.64
7377030   3357      237.80
7377579   3357      252.08
7379256   3357      231.00
7380616   3357      244.33
7381553   3357      252.08
7382148   3357      297.76
7382532   3357      244.33
7384964   3357      252.08
7387544   3357      252.08
7388038   3357      244.33
7388080   3357      252.08
7388125   3357      275.04
7388199   3357      237.80
7389581   3357      252.08
7391472   3357      231.00
7392153   3357      275.04
7393061   3357      231.00
7393144   3357      244.33
7395742   3357      165.56
7396051   3357      252.08
7398038   3357      210.12
7400031   3357      252.08
7401094   3357      252.08
7401380   3357      252.08
7401853   3357      244.33
7403123   3357      244.33
7403188   3357      231.00
7403563   3357      231.00
7406353   3357      252.08
7408531   3357      252.08
7409730   3357      231.00
7410177   3357      326.40
7412535   3357      275.04
7412738   3357      237.80
7415285   3357      326.40
7415448   3357      252.08
7416870   3357      244.33
7417289   3357      244.33
7417791   3357      252.08
7418898   3357      244.33
7418939   3357      244.33
7419340   3357      231.00
7419740   3357      244.33
7419800   3357      252.08
7419866   3357      231.00
7420316   3357      252.08
7420429   3357      275.04
7423108   3357      275.04
7423415   3357      252.08
7423444   3357      252.08
7425063   3357      244.33
7425430   3357      252.08
7425900   3357      231.00
7426046   3357      252.08
7427359   3357      244.33
7427520   3357      252.08
7429274   3357      252.08
7432253   3357      275.04
7434591   3357      252.08
7435158   3357      244.33
7436077   3357      231.00
7436996   3357      252.08
7437806   3357      244.33
7437808   3357      244.33
7438450   3357      252.08
7439597   3357      299.77
7439617   3357      252.08
7439629   3357      252.08
7440809   3357      175.40
7442445   3357      252.08
7444497   3357      244.33
7444651   3357      275.04
7444842   3357      252.08
7444889   3357      299.77
7445661   3357      237.80
7446382   3357      275.04
7446644   3357      252.08
7447067   3357      252.08
7447334   3357      299.77
7447992   3357      244.33
7449457   3357      237.80
7455429   3357      399.16
7455588   3357      252.08
7461704   3357      252.08
7465820   3357      252.08
7465910   3357      252.08
7466779   3357      339.04
7466870   3357      430.88
7502836   3357      274.20
7548386   3357      280.40
7548420   3357      231.00
770342    3357      326.28
7917981   3357      252.08
7981510   3357      275.04
7982728   3357      244.33
7982865   3357      275.04
7983170   3357      244.33
7984159   3357      252.08
7985605   3357      175.16
7988969   3357      493.44
8054279   3357      237.80
8064487   3357      236.12
8068577   3357      269.12
8069571   3357      252.08
8140450   3357      189.20
8594315   3357      252.08
8718789   3357      252.08
8734286   3357      275.04
9066082   3357      311.12
9100619   3357      493.44
9211039   3357      231.00
9261804   3357      275.04
9317884   3357      275.04
9433060   3357      252.08
9540404   3357      275.04
9540845   3357      299.77
9542018   3357      275.04
9542237   3357      231.00
9543174   3357      252.08
9543530   3357      291.52
9544179   3357      252.08
9544345   3357      237.80
9544429   3357      275.04
9544827   3357      275.04
9545198   3357      320.76
9545952   3357      400.08
9546474   3357      252.08
9547148   3357      231.00
9551389   3357      252.08
9552709   3357      353.92
9553039   3357      252.08
9553047   3357      231.00
9553149   3357      244.33
9553310   3357      244.33
9555077   3357      286.60
9555609   3357      244.33
9555641   3357      252.08
9557148   3357      299.77
9557803   3357      237.80
9557875   3357      244.33
9557894   3357      314.16
9558628   3357      237.80
9560453   3357      244.33
9570736   3357      398.64
9572755   3357      252.08
9577605   3357      430.24
9601343   3357      252.08
9603154   3357      237.80
9603683   3357      252.08
9603870   3357      165.56
9604166   3357      231.00
9604592   3357      326.40
9607091   3357      311.72
9608547   3357      252.08
9609337   3357      244.33
9609338   3357      252.08
9612117   3357      489.96
9612530   3357      252.08
9612692   3357      252.08
9614364   3357      231.00
9615563   3357      252.08
9615964   3357      252.08
9617493   3357      231.00
9620242   3357      275.04
9620248   3357      299.77
9620376   3357      252.08
9620599   3357      275.04
9620701   3357      231.00
9620720   3357      231.00
9621777   3357      244.33
9622347   3357      252.08
9624370   3357      326.40
9624596   3357      244.33
9625361   3357      252.08
9625933   3357      252.08
9626082   3357      252.08
9626215   3357      231.00
9627150   3357      275.04
9627523   3357      252.08
9627724   3357      244.33
9629963   3357      275.04
9631462   3357      275.04
9634554   3357      252.08
9634674   3357      252.08
9636806   3357      244.33
9638320   3357      252.08
9639201   3357      231.00
9845319   3357      237.80
9846320   3357      275.04
9847068   3357      231.00
9847350   3357      252.08
9848693   3357      231.00
9850403   3357      252.08
9851111   3357      252.08
9851993   3357      252.08
