10107724  0357       79.97
10120357  0357      106.38
10121866  0357      184.53
10125466  0357       62.85
10126656  0357       70.92
10141786  0357       73.81
10312414  0357       68.09
10373550  0357      141.83
10639752  0357       62.85
10726693  0357       70.92
10760806  0357       62.85
10764554  0357       73.81
10770124  0357       70.92
10772668  0357       62.85
10774121  0357       73.81
10775520  0357      136.18
10776516  0357       79.97
10776915  0357       62.85
10777482  0357       62.85
10777645  0357      106.38
10778464  0357       62.85
10779723  0357       97.51
10784623  0357       70.92
10820078  0357       73.81
10840266  0357       70.92
10841061  0357       65.42
10841823  0357       79.97
10842205  0357       70.92
10843324  0357      177.29
10844575  0357      159.94
10844947  0357       70.92
10845717  0357       62.85
10845943  0357       79.97
10846474  0357       70.92
10846532  0357       73.81
10846629  0357       70.92
10846940  0357      141.83
10846985  0357       70.92
10847648  0357       62.85
10848158  0357       76.82
10849906  0357       70.92
10849907  0357       73.81
10860593  0357       70.92
10903693  0357       62.85
10959957  0357       70.92
10960021  0357       70.92
10963442  0357       73.81
10963957  0357       73.81
10964062  0357      141.83
1108218   0357       68.13
1112379   0357       70.96
1115136   0357       70.96
11163187  0357       62.85
11177533  0357       62.85
11260715  0357       70.92
11261772  0357       79.97
11262378  0357       70.92
11263756  0357       62.85
11264465  0357       70.92
11264550  0357       68.09
11265496  0357       70.92
11265527  0357       73.81
11266390  0357      141.83
11267811  0357      136.18
11267932  0357      125.71
11268437  0357       79.97
11269196  0357       76.82
1129535   0357       73.85
11414487  0357       73.81
11425214  0357       70.92
11425449  0357       70.92
11426462  0357       68.09
11428034  0357       68.09
11428889  0357      177.29
11429539  0357      141.83
11429792  0357       62.85
11429991  0357      106.38
11430700  0357       70.92
11433167  0357       70.92
11433865  0357      141.83
11433968  0357      141.83
11434350  0357       70.92
11546168  0357       68.09
11580362  0357       73.81
11584952  0357       70.92
11586448  0357       70.92
11589730  0357      141.83
11594236  0357       79.97
11594524  0357       62.85
11596252  0357       70.92
11597667  0357       70.92
11598121  0357       65.42
11598207  0357       62.85
11598956  0357       65.42
11633896  0357       65.42
11645810  0357       70.92
11651035  0357       70.92
11651090  0357       70.92
11652405  0357       70.92
11653864  0357       70.92
11694358  0357       62.85
11694758  0357       70.92
11695394  0357      125.71
11749469  0357       70.92
11783201  0357       73.81
11783366  0357       79.97
11784637  0357       62.85
11786325  0357       79.97
11786432  0357       65.42
11787653  0357      141.83
11787807  0357       70.92
11788587  0357      147.62
11788630  0357       73.81
11790273  0357       70.92
11790818  0357      106.38
11791177  0357       70.92
11792506  0357       62.85
11792846  0357       70.92
118087    0357       32.61
11878930  0357       70.92
11879419  0357       73.81
11879750  0357       79.97
11881224  0357       79.97
11881668  0357      157.14
11881669  0357       62.85
11882080  0357       68.09
11882720  0357       79.97
11883300  0357      141.83
11949766  0357       79.97
12011761  0357      159.94
12018571  0357      102.14
12018729  0357       62.85
12018852  0357       70.92
12019816  0357       68.09
12020535  0357       76.82
12021559  0357       73.81
12021966  0357       70.92
12022428  0357       73.81
12023306  0357       76.82
12023981  0357      106.38
12024178  0357       70.92
12024179  0357       70.92
12025294  0357      106.38
12025488  0357       62.85
12025491  0357       62.85
12026565  0357       70.92
12027093  0357       70.92
12027260  0357       70.92
12027527  0357       62.85
12027928  0357       62.85
12027973  0357      147.62
12080554  0357       70.92
1218058   0357       76.54
12241212  0357       94.28
12242270  0357       70.92
12243077  0357       62.85
12244707  0357       62.85
12247738  0357      106.38
12248400  0357      157.14
12248755  0357       73.81
12248784  0357      130.83
12248960  0357       70.92
12249178  0357       79.97
12279667  0357       70.92
12314254  0357      192.06
1232375   0357       49.50
12369466  0357       70.92
12370670  0357       76.82
1239070   0357       68.13
12434895  0357       65.42
12435304  0357       70.92
12435757  0357       94.28
12435759  0357      177.29
12527456  0357       68.09
12534356  0357       70.92
12536172  0357       70.92
12536549  0357       76.82
1254062   0357       65.46
1257983   0357       73.85
1258658   0357       70.96
1261562   0357       65.46
1262953   0357       70.96
1263302   0357       62.90
1263303   0357       70.96
1263991   0357       51.71
1265436   0357       70.96
1266723   0357       50.33
12691465  0357       70.92
1269356   0357      147.71
12698409  0357       62.85
12698965  0357       62.85
12700553  0357       68.09
12701276  0357       70.92
12701301  0357      157.14
12702273  0357       68.09
12704473  0357       65.42
12704482  0357      147.62
12704649  0357       70.92
12704927  0357       70.92
12705860  0357       70.92
12706171  0357       70.92
12706774  0357      147.62
12707136  0357       70.92
1272390   0357       65.46
1273369   0357       70.96
1277938   0357       65.46
1278407   0357       70.96
12848719  0357       70.92
12849330  0357       76.82
12851330  0357       70.92
12852888  0357       70.92
12858616  0357      106.38
12878256  0357       70.92
12884972  0357       70.92
12934142  0357       68.09
12934525  0357       62.85
12935305  0357       70.92
12935606  0357       70.92
13032012  0357      125.71
13032033  0357       70.92
13034237  0357       70.92
13035222  0357       79.97
13084488  0357       65.42
13084886  0357       68.09
13180551  0357       70.92
1318484   0357       68.13
13187744  0357      141.83
13187816  0357      106.38
13188137  0357       65.42
13188604  0357       98.13
13264411  0357       70.92
13265462  0357       62.85
13265946  0357      106.38
13266369  0357       70.92
13268000  0357      125.71
13268185  0357      125.71
13268457  0357       68.09
13268537  0357      106.38
13343258  0357       62.85
13346269  0357      157.14
13408041  0357       65.42
13510172  0357       65.42
13510180  0357       62.85
13519440  0357       62.85
13527636  0357       73.81
13566631  0357       79.97
13643981  0357      125.71
13643982  0357       94.28
13644051  0357       70.92
13644555  0357      157.14
13644665  0357       70.92
13644680  0357      184.53
13652653  0357       62.85
13674854  0357       73.81
13678214  0357       70.92
13678857  0357       62.85
13679940  0357       70.92
13724134  0357      106.38
13774187  0357       62.85
13774684  0357       70.92
13775452  0357       62.85
13775808  0357       62.85
13777181  0357       94.28
13785046  0357       62.85
13785661  0357       70.92
13785997  0357       68.09
13786181  0357       70.92
13787208  0357       70.92
13787741  0357       62.85
13842354  0357       70.92
13843775  0357       70.92
13856268  0357       70.92
13867427  0357      106.38
13868652  0357       70.92
13880177  0357       62.85
13880981  0357       70.92
13905892  0357       62.85
13986119  0357       70.92
13990906  0357      110.72
14003086  0357       68.09
14030527  0357       62.85
14031045  0357       70.92
14031497  0357      177.29
14093727  0357      106.38
14094806  0357       73.81
14143188  0357       68.09
14159223  0357      125.71
14176129  0357       70.92
14176671  0357       70.92
14270811  0357      157.14
14293118  0357      106.38
1431183   0357       70.96
14335445  0357       68.09
14335539  0357       70.92
14372299  0357       73.81
14372545  0357       62.85
14372818  0357      177.92
14376347  0357       70.92
14398946  0357       70.92
14399267  0357       98.13
14405196  0357       70.92
14405401  0357       70.92
14513487  0357       62.85
14590375  0357       65.42
14607589  0357       98.13
14648947  0357       70.92
14649126  0357       62.85
14825867  0357       70.92
14877620  0357       70.92
14877805  0357       73.81
14877859  0357       76.82
14879704  0357       94.28
14880827  0357       73.81
15170350  0357       65.42
15177340  0357       73.81
15177867  0357      125.71
15306151  0357      170.23
15306996  0357       68.09
15352095  0357       70.92
15444811  0357       73.81
15448608  0357       70.92
15597541  0357       62.85
15598043  0357       62.85
15598319  0357       70.92
15598510  0357      141.83
15598933  0357       62.85
15599928  0357       98.13
15668151  0357      141.83
15668851  0357       65.42
15690244  0357       62.85
15729233  0357      106.38
15729536  0357      163.54
15778630  0357      106.38
15885754  0357       62.85
15959808  0357       62.85
15961650  0357       62.85
16001576  0357       62.85
16137706  0357       68.09
16138119  0357      106.38
1631390   0357       64.03
16324090  0357       70.92
16385667  0357       65.42
16387437  0357      141.83
16594051  0357       65.42
16641426  0357       68.09
16736267  0357       70.92
16770549  0357       70.92
16788972  0357      141.83
16796439  0357      125.71
17011869  0357      141.83
17012587  0357      177.29
17019549  0357       70.92
17033230  0357       62.85
17033256  0357       62.85
17104175  0357       70.92
17306742  0357       62.85
1737075   0357       68.13
17379215  0357       98.13
17380736  0357       62.85
17504786  0357       65.42
17572385  0357      141.83
17574055  0357       65.42
17626132  0357      130.83
1763812   0357       70.96
1764349   0357       62.90
1765295   0357       65.67
1769938   0357       68.13
17727473  0357       65.42
17859806  0357       62.85
17859921  0357      125.71
17872590  0357       70.92
17965237  0357      106.38
18058393  0357       62.85
18059918  0357       70.92
18263579  0357       70.92
18263756  0357       70.92
1834693   0357       50.33
18421508  0357       62.85
18471327  0357       70.92
18618969  0357       62.85
18656459  0357      106.38
18785684  0357       62.85
18950730  0357       62.85
1906129   0357       70.96
19166206  0357      157.14
19262723  0357       70.92
1926999   0357       73.85
19324610  0357      141.83
19424156  0357      141.83
19431369  0357       70.92
19827450  0357       62.85
19850185  0357      157.14
19886649  0357      177.29
19973112  0357       70.92
20046577  0357      125.71
20046584  0357      125.71
20187870  0357      130.83
20189202  0357       76.82
20235584  0357      130.83
2030572   0357       68.13
2033664   0357       80.01
20348834  0357       94.28
20351464  0357      141.83
21140944  0357       94.28
2130876   0357       62.90
2157417   0357      200.04
2186056   0357       68.13
2189077   0357       45.84
2196831   0357       65.46
2198274   0357       73.85
2198799   0357       68.13
22326349  0357       65.42
2272067   0357       62.90
23156662  0357       77.66
2376223   0357       80.01
2380275   0357       73.85
2384661   0357       70.96
2529886   0357       70.96
2532585   0357       62.90
2533320   0357       73.13
2534786   0357       56.78
2535843   0357       73.85
2536373   0357       73.85
2536795   0357       75.41
2538821   0357       68.13
2539607   0357       73.85
2539943   0357       62.90
2541142   0357       70.96
2541439   0357       80.01
2541709   0357       71.59
2543654   0357       70.96
2543813   0357       70.96
2543932   0357       65.46
2592064   0357       73.85
2592966   0357       84.54
2593377   0357       76.09
2593686   0357       68.13
2596405   0357       65.88
2597854   0357       65.88
2598033   0357       60.31
2598733   0357       62.72
2598872   0357       66.53
2601437   0357       70.96
2603046   0357       62.43
2605117   0357       79.58
2605164   0357       62.45
2605539   0357       45.20
2605823   0357       50.31
2607322   0357      101.76
2608233   0357       92.80
2608304   0357       70.07
2608554   0357       65.88
2684589   0357       70.96
2741170   0357       72.22
2854705   0357       68.13
2870837   0357       60.50
2910376   0357       62.90
2910432   0357       68.13
2911765   0357       68.13
2912407   0357       62.90
2912692   0357       80.01
2913757   0357       68.10
2913809   0357       62.90
2914272   0357       71.92
2915293   0357       62.90
2915714   0357       70.96
2915780   0357       62.00
2916102   0357       56.78
2916362   0357       64.58
2916467   0357       65.46
2916786   0357       68.13
2918280   0357      177.40
2992913   0357       62.90
3035349   0357       70.96
3039370   0357       73.46
3080057   0357      120.02
3080311   0357       70.96
3080984   0357       70.92
3081351   0357       70.96
3082505   0357       70.87
3083006   0357       70.96
3083065   0357       62.90
3083457   0357       55.64
3083843   0357       65.46
3084868   0357       70.36
3084978   0357       69.79
3085009   0357       76.67
3085276   0357       76.87
3090485   0357       92.19
3156003   0357       62.90
3234299   0357       76.87
3245420   0357       70.96
3314884   0357       56.75
3315121   0357       62.90
3315781   0357       62.90
3317339   0357       88.52
3317520   0357       77.66
3318589   0357      114.26
3318694   0357       99.87
3318719   0357       70.36
3319659   0357       65.46
3320986   0357       70.96
3322128   0357       65.88
3322284   0357       68.13
3322381   0357       69.38
3324084   0357      110.28
3324110   0357       92.88
3324403   0357       80.01
3329806   0357       62.43
3353242   0357       68.13
3457632   0357       52.35
3528540   0357      102.82
3533360   0357      107.94
3535445   0357       69.54
3535676   0357       65.43
3535838   0357       63.12
3538837   0357       98.57
3539352   0357       66.11
3541739   0357       79.76
3541975   0357       50.31
3542004   0357       73.81
3542015   0357       57.21
3554092   0357       73.85
3593839   0357       76.03
3598528   0357       68.81
3710064   0357       91.58
3759377   0357       59.96
3784066   0357       87.38
3784441   0357       97.06
3785251   0357       80.09
3792247   0357       76.54
3830110   0357       57.59
3855157   0357       50.31
3855577   0357       70.96
3856978   0357       57.91
3857004   0357       76.67
3857220   0357       80.45
3857667   0357       57.91
3857878   0357       64.92
3858323   0357      160.87
3858856   0357       73.81
3859230   0357      147.85
3864991   0357       91.21
3875055   0357       92.19
3877925   0357      147.62
3878006   0357       68.09
3963688   0357      101.26
3964093   0357      102.68
3964337   0357       53.45
3965704   0357       70.07
3969513   0357       88.63
4001934   0357      104.81
4064149   0357       84.51
4065177   0357       65.46
4065584   0357       70.92
4065648   0357      102.82
4066245   0357       65.37
4067118   0357       81.11
4067735   0357       93.62
4067795   0357       66.80
4068788   0357       85.04
4071074   0357      107.56
4071241   0357       56.50
4107436   0357       68.09
4191539   0357       79.40
4193094   0357      209.98
4194671   0357       95.53
4195654   0357       63.12
4199927   0357       52.36
4200911   0357       68.13
4238916   0357       54.12
430240    0357       62.90
4317775   0357       97.06
4373204   0357       99.28
4373479   0357       85.04
4375498   0357       67.99
4375998   0357       64.00
4376813   0357       86.02
4377201   0357       62.74
4378140   0357       82.66
4378236   0357       63.12
4378283   0357       80.09
4378759   0357       97.06
4379154   0357       54.08
4381341   0357       73.43
4381614   0357       62.85
4382400   0357      119.63
4383023   0357       73.81
4383200   0357       58.20
4385047   0357       60.16
4386936   0357       76.82
4387777   0357      170.23
439023    0357       64.03
4409485   0357       73.81
4409788   0357       67.08
4409789   0357      125.71
4414417   0357      100.94
4414541   0357       71.17
4414909   0357       62.45
4415675   0357       69.79
443869    0357       70.96
4609506   0357       97.06
4610129   0357       66.53
4720170   0357       94.28
4720923   0357       70.92
4721016   0357       62.85
4721639   0357       62.90
4722680   0357       55.64
4722814   0357       53.08
4723168   0357       59.96
4723276   0357       91.58
4723403   0357       64.10
4724433   0357       60.31
4725919   0357      147.62
4727740   0357       68.09
4728331   0357       63.12
4729448   0357       52.84
4729575   0357       73.18
4730168   0357       97.06
4730490   0357       73.14
4730823   0357      113.55
4731322   0357       98.17
4731494   0357       82.90
4732090   0357       82.65
4732618   0357       65.42
4734527   0357       65.42
4734940   0357       62.85
4735505   0357       62.90
4738424   0357       70.96
4739546   0357       86.04
4739796   0357       73.81
4754833   0357       86.77
4803744   0357       73.81
4805842   0357       70.92
4827213   0357       90.67
4853128   0357       68.23
4882144   0357       54.53
5017295   0357       68.09
5022967   0357       62.55
5237805   0357       70.92
5238236   0357       59.96
5239261   0357       90.80
5240821   0357       76.67
5242545   0357       74.83
5244302   0357       65.46
5244483   0357       68.09
5244484   0357       82.90
5244765   0357       89.94
5245261   0357       73.81
5248926   0357       96.81
5248954   0357       76.03
5249259   0357       70.92
5249817   0357       73.81
5250965   0357       70.14
5251153   0357       80.09
5251214   0357       83.27
5252606   0357      147.62
5253930   0357       54.49
5254613   0357       88.97
5254952   0357       70.62
5255567   0357       70.92
5255641   0357       73.81
5257069   0357       96.12
5257175   0357       65.88
5257421   0357       76.82
5257727   0357      177.29
5257774   0357       70.92
5259121   0357       57.91
5259785   0357       72.84
5261116   0357       65.42
5261139   0357       99.64
5261250   0357       74.60
5261418   0357       96.70
5261643   0357       93.97
5263470   0357       71.70
5344986   0357       62.85
5435450   0357       65.42
5436619   0357       73.81
5436795   0357       56.38
5438690   0357       82.65
5439480   0357       70.92
5439865   0357      192.06
5458236   0357       65.42
5461455   0357       65.90
5605414   0357      190.77
5658043   0357       93.26
5688352   0357       70.92
5765952   0357       70.92
5779173   0357       70.92
5915261   0357       70.96
5921128   0357       70.92
5921800   0357       62.85
5923624   0357       73.81
5925143   0357       73.81
5925949   0357       50.33
5929492   0357       70.92
5935536   0357      184.53
5938630   0357       70.92
5938995   0357       70.92
6044716   0357      106.38
6125595   0357      157.14
6127630   0357      102.82
6238388   0357       79.97
6394853   0357       67.76
64800     0357       76.87
6537141   0357       59.96
6573443   0357      113.20
6573855   0357       76.82
6573893   0357       65.42
6575243   0357       68.09
6575301   0357       70.92
6584406   0357      190.98
6602322   0357       62.85
6634354   0357       70.92
6689708   0357       70.92
6690236   0357       70.92
6701343   0357       70.92
6701344   0357       70.92
6701453   0357       70.92
673822    0357       65.46
6841910   0357       62.85
7076647   0357       70.92
7211860   0357       73.81
7240399   0357       70.92
7300376   0357       82.65
7301470   0357       57.91
7305494   0357       65.73
7305781   0357       70.07
7308623   0357      104.95
7309317   0357       62.85
7309375   0357       68.09
7310425   0357       76.82
7310959   0357       80.09
7311233   0357      100.70
7311255   0357       85.48
7312149   0357      100.70
7313189   0357       70.07
7314050   0357       62.85
7314987   0357       76.82
7315048   0357       73.81
7315058   0357      177.29
7315331   0357       70.92
7316059   0357       76.82
7316139   0357       73.81
7316607   0357       80.01
7316959   0357      165.80
7317744   0357      125.80
7318041   0357       79.76
7319649   0357      147.62
7321787   0357       68.09
7322304   0357       68.09
7322780   0357       65.42
7322794   0357       84.09
7324725   0357       69.38
7325664   0357       52.36
7325721   0357       64.97
7325722   0357      101.76
7325778   0357       50.81
7328421   0357       62.85
7330948   0357       70.92
7331943   0357       93.62
7332202   0357       62.85
7332734   0357       98.82
7333145   0357       73.81
7333526   0357      125.71
7335642   0357       70.92
7337422   0357       78.61
7337778   0357       62.85
7338055   0357       76.82
7340200   0357       68.13
7340742   0357       65.88
7340989   0357       82.65
7342107   0357       68.09
7342680   0357       70.96
7343605   0357       62.85
7344290   0357       68.09
7344465   0357      136.18
7347856   0357       80.43
7348137   0357       62.85
7348986   0357       70.92
7349428   0357      199.93
7349843   0357       62.85
7350162   0357       96.86
7350273   0357       68.09
7351297   0357       71.63
7352317   0357       68.09
7353364   0357      125.71
7353377   0357       70.92
7354064   0357       62.85
7354848   0357       50.81
7355928   0357       73.14
7359478   0357       73.81
7360346   0357       65.42
7360517   0357       70.92
7363171   0357       71.84
7363652   0357       70.92
7365166   0357       70.92
7365545   0357       68.09
7367276   0357       62.85
7368710   0357      125.71
7369018   0357       70.92
7371154   0357       70.92
7372156   0357       62.85
7372973   0357       43.82
7373089   0357       65.42
7373215   0357       76.82
7374243   0357       65.42
7374616   0357       80.09
7377030   0357       65.42
7377579   0357       70.92
7379256   0357      136.18
7380616   0357       62.85
7381553   0357       70.92
7382148   0357      104.81
7382532   0357       62.85
7384964   0357       70.92
7387544   0357      141.83
7388038   0357       62.85
7388080   0357       70.92
7388125   0357       73.81
7388199   0357       98.13
7389581   0357       70.92
7391472   0357       68.09
7392153   0357      184.53
7393061   0357       68.09
7393144   0357      125.71
7395742   0357       50.31
7396051   0357      106.38
7398038   0357       60.53
7400031   0357       70.92
7401094   0357       70.92
7401380   0357       70.92
7401853   0357       62.85
7403123   0357       62.85
7403188   0357       68.09
7403563   0357       68.09
7406353   0357       70.92
7408531   0357       70.92
7409730   0357       68.09
7410177   0357       79.97
7412535   0357       73.81
7412738   0357       65.42
7415285   0357       79.97
7415448   0357       70.92
7416870   0357       62.85
7417289   0357      125.71
7417791   0357      141.83
7418898   0357       62.85
7418939   0357       62.85
7419340   0357       68.09
7419740   0357       86.42
7419800   0357       70.92
7419866   0357      170.23
7420316   0357       70.92
7420429   0357       73.81
7423108   0357       73.81
7423415   0357       70.92
7423444   0357       70.92
7425063   0357       62.85
7425430   0357       70.92
7425900   0357       68.09
7426046   0357       70.92
7427359   0357       62.85
7427520   0357       70.92
7429274   0357       70.92
7432253   0357       73.81
7434591   0357      177.29
7435158   0357      157.14
7436077   0357      136.18
7436996   0357       70.92
7437806   0357       62.85
7437808   0357       62.85
7438450   0357       70.92
7439597   0357      153.65
7439617   0357       70.92
7439629   0357       70.92
7440809   0357       50.31
7442445   0357       70.92
7444497   0357       94.28
7444651   0357       73.81
7444842   0357       70.92
7444889   0357      153.65
7445661   0357       65.42
7446382   0357       73.81
7446644   0357       70.92
7447067   0357      177.29
7447334   0357       76.82
7447992   0357       62.85
7449457   0357       65.42
7455429   0357       98.57
7455588   0357       70.92
7461704   0357       70.92
7465820   0357      177.29
7465910   0357       70.92
7466779   0357      103.96
7466870   0357       98.57
7502836   0357       83.28
7548386   0357       71.96
7548420   0357       68.09
770342    0357       70.96
7917981   0357       70.92
7981510   0357       73.81
7982728   0357       62.85
7982865   0357       73.81
7983170   0357       62.85
7984159   0357       70.92
7985605   0357       45.18
7988969   0357       98.57
8054279   0357       85.04
8064487   0357      149.63
8068577   0357       70.05
8069571   0357       70.92
8140450   0357       60.06
8594315   0357       70.92
8718789   0357      141.83
8734286   0357       73.81
9066082   0357       72.84
9100619   0357       98.57
9211039   0357       68.09
9261804   0357       73.81
9317884   0357      147.62
9433060   0357       70.92
9540404   0357       73.81
9540845   0357      115.24
9542018   0357       73.81
9542237   0357       68.09
9543174   0357       70.92
9543530   0357       90.01
9544179   0357       70.92
9544345   0357       65.42
9544429   0357       73.81
9544827   0357       73.81
9545198   0357       73.14
9545952   0357       89.95
9546474   0357       70.92
9547148   0357       68.09
9551389   0357       70.92
9552709   0357       72.91
9553039   0357      107.24
9553047   0357       68.09
9553149   0357       62.85
9553310   0357      125.71
9555077   0357       86.55
9555609   0357       62.85
9555641   0357       70.92
9557148   0357      153.65
9557803   0357       65.42
9557875   0357       62.85
9557894   0357       69.79
9558628   0357       65.42
9560453   0357       62.85
9570736   0357       98.57
9572755   0357       70.92
9577605   0357       98.57
9601343   0357      177.29
9603154   0357       65.42
9603683   0357       70.92
9603870   0357       50.31
9604166   0357       68.09
9604592   0357      119.96
9607091   0357       76.67
9608547   0357       70.92
9609337   0357       62.85
9609338   0357      141.83
9612117   0357       70.06
9612530   0357      177.29
9612692   0357       70.92
9614364   0357      136.18
9615563   0357       70.92
9615964   0357       70.92
9617493   0357      136.18
9620242   0357      147.62
9620248   0357      153.65
9620376   0357       70.92
9620599   0357       73.81
9620701   0357       68.09
9620720   0357       68.09
9621777   0357       62.85
9622347   0357       70.92
9624370   0357       79.97
9624596   0357       62.85
9625361   0357       70.92
9625933   0357      141.83
9626082   0357       70.92
9626215   0357       68.09
9627150   0357      184.53
9627523   0357      141.83
9627724   0357       62.85
9629963   0357       73.81
9631462   0357       73.81
9634554   0357       70.92
9634674   0357       70.92
9636806   0357       62.85
9638320   0357       70.92
9639201   0357       68.09
9845319   0357       65.42
9846320   0357       73.81
9847068   0357       68.09
9847350   0357      106.63
9848693   0357       68.09
9850403   0357       70.92
9851111   0357       70.92
9851993   0357       70.92
10107724  3357       79.97
10120357  3357       70.92
10121866  3357       73.81
10125466  3357       62.85
10126656  3357       70.92
10141786  3357       73.81
10312414  3357       68.09
10373550  3357       70.92
10639752  3357       62.85
10726693  3357       70.92
10760806  3357       62.85
10764554  3357       73.81
10770124  3357       70.92
10772668  3357       62.85
10774121  3357       73.81
10775520  3357       68.09
10776516  3357       79.97
10776915  3357       62.85
10777482  3357       62.85
10777645  3357       70.92
10778464  3357       62.85
10779723  3357       97.51
10784623  3357       70.92
10820078  3357       73.81
10840266  3357       70.92
10841061  3357       65.42
10841823  3357       79.97
10842205  3357       70.92
10843324  3357       70.92
10844575  3357       79.97
10844947  3357       70.92
10845717  3357       62.85
10845943  3357       79.97
10846474  3357       70.92
10846532  3357       73.81
10846629  3357       70.92
10846940  3357       70.92
10846985  3357       70.92
10847648  3357       62.85
10848158  3357       76.82
10849906  3357       70.92
10849907  3357       73.81
10860593  3357       70.92
10903693  3357       62.85
10959957  3357       70.92
10960021  3357       70.92
10963442  3357       73.81
10963957  3357       73.81
10964062  3357       70.92
1108218   3357       68.13
1112379   3357       70.96
1115136   3357       70.96
11163187  3357       62.85
11177533  3357       62.85
11260715  3357       70.92
11261772  3357       79.97
11262378  3357       70.92
11263756  3357       62.85
11264465  3357       70.92
11264550  3357       68.09
11265496  3357       70.92
11265527  3357       73.81
11266390  3357       70.92
11267811  3357       68.09
11267932  3357       62.85
11268437  3357       79.97
11269196  3357       76.82
1129535   3357       73.85
11414487  3357       73.81
11425214  3357       70.92
11425449  3357       70.92
11426462  3357       68.09
11428034  3357       68.09
11428889  3357       70.92
11429539  3357       70.92
11429792  3357       62.85
11429991  3357       70.92
11430700  3357       70.92
11433167  3357       70.92
11433865  3357       70.92
11433968  3357       70.92
11434350  3357       70.92
11546168  3357       68.09
11580362  3357       73.81
11584952  3357       70.92
11586448  3357       70.92
11589730  3357       70.92
11594236  3357       79.97
11594524  3357       62.85
11596252  3357       70.92
11597667  3357       70.92
11598121  3357       65.42
11598207  3357       62.85
11598956  3357       65.42
11633896  3357       65.42
11645810  3357       70.92
11651035  3357       70.92
11651090  3357       70.92
11652405  3357       70.92
11653864  3357       70.92
11694358  3357       62.85
11694758  3357       70.92
11695394  3357       62.85
11749469  3357       70.92
11783201  3357       73.81
11783366  3357       79.97
11784637  3357       62.85
11786325  3357       79.97
11786432  3357       65.42
11787653  3357       70.92
11787807  3357       70.92
11788587  3357       73.81
11788630  3357       73.81
11790273  3357       70.92
11790818  3357       70.92
11791177  3357       70.92
11792506  3357       62.85
11792846  3357       70.92
118087    3357       32.61
11878930  3357       70.92
11879419  3357       73.81
11879750  3357       79.97
11881224  3357       79.97
11881668  3357       62.85
11881669  3357       62.85
11882080  3357       68.09
11882720  3357       79.97
11883300  3357       70.92
11949766  3357       79.97
12011761  3357       79.97
12018571  3357       68.09
12018729  3357       62.85
12018852  3357       70.92
12019816  3357       68.09
12020535  3357       76.82
12021559  3357       73.81
12021966  3357       70.92
12022428  3357       73.81
12023306  3357       76.82
12023981  3357       70.92
12024178  3357       70.92
12024179  3357       70.92
12025294  3357       70.92
12025488  3357       62.85
12025491  3357       62.85
12026565  3357       70.92
12027093  3357       70.92
12027260  3357       70.92
12027527  3357       62.85
12027928  3357       62.85
12027973  3357       73.81
12080554  3357       70.92
1218058   3357       76.54
12241212  3357       62.85
12242270  3357       70.92
12243077  3357       62.85
12244707  3357       62.85
12247738  3357       70.92
12248400  3357       62.85
12248755  3357       73.81
12248784  3357       65.42
12248960  3357       70.92
12249178  3357       79.97
12279667  3357       70.92
12314254  3357       76.82
1232375   3357       49.50
12369466  3357       70.92
12370670  3357       76.82
1239070   3357       68.13
12434895  3357       65.42
12435304  3357       70.92
12435757  3357       62.85
12435759  3357       70.92
12527456  3357       68.09
12534356  3357       70.92
12536172  3357       70.92
12536549  3357       76.82
1254062   3357       65.46
1257983   3357       73.85
1258658   3357       70.96
1261562   3357       65.46
1262953   3357       70.96
1263302   3357       62.90
1263303   3357       70.96
1263991   3357       51.71
1265436   3357       70.96
1266723   3357       50.33
12691465  3357       70.92
1269356   3357       73.85
12698409  3357       62.85
12698965  3357       62.85
12700553  3357       68.09
12701276  3357       70.92
12701301  3357       62.85
12702273  3357       68.09
12704473  3357       65.42
12704482  3357       73.81
12704649  3357       70.92
12704927  3357       70.92
12705860  3357       70.92
12706171  3357       70.92
12706774  3357       73.81
12707136  3357       70.92
1272390   3357       65.46
1273369   3357       70.96
1277938   3357       65.46
1278407   3357       70.96
12848719  3357       70.92
12849330  3357       76.82
12851330  3357       70.92
12852888  3357       70.92
12858616  3357       70.92
12878256  3357       70.92
12884972  3357       70.92
12934142  3357       68.09
12934525  3357       62.85
12935305  3357       70.92
12935606  3357       70.92
13032012  3357       62.85
13032033  3357       70.92
13034237  3357       70.92
13035222  3357       79.97
13084488  3357       65.42
13084886  3357       68.09
13180551  3357       70.92
1318484   3357       68.13
13187744  3357       70.92
13187816  3357       70.92
13188137  3357       65.42
13188604  3357       65.42
13264411  3357       70.92
13265462  3357       62.85
13265946  3357       70.92
13266369  3357       70.92
13268000  3357       62.85
13268185  3357       62.85
13268457  3357       68.09
13268537  3357       70.92
13343258  3357       62.85
13346269  3357       62.85
13408041  3357       65.42
13510172  3357       65.42
13510180  3357       62.85
13519440  3357       62.85
13527636  3357       73.81
13566631  3357       79.97
13643981  3357       62.85
13643982  3357       62.85
13644051  3357       70.92
13644555  3357       62.85
13644665  3357       70.92
13644680  3357       73.81
13652653  3357       62.85
13674854  3357       73.81
13678214  3357       70.92
13678857  3357       62.85
13679940  3357       70.92
13724134  3357       70.92
13774187  3357       62.85
13774684  3357       70.92
13775452  3357       62.85
13775808  3357       62.85
13777181  3357       62.85
13785046  3357       62.85
13785661  3357       70.92
13785997  3357       68.09
13786181  3357       70.92
13787208  3357       70.92
13787741  3357       62.85
13842354  3357       70.92
13843775  3357       70.92
13856268  3357       70.92
13867427  3357       70.92
13868652  3357       70.92
13880177  3357       62.85
13880981  3357       70.92
13905892  3357       62.85
13986119  3357       70.92
13990906  3357       73.81
14003086  3357       68.09
14030527  3357       62.85
14031045  3357       70.92
14031497  3357       70.92
14093727  3357       70.92
14094806  3357       73.81
14143188  3357       68.09
14159223  3357       62.85
14176129  3357       70.92
14176671  3357       70.92
14270811  3357       62.85
14293118  3357       70.92
1431183   3357       70.96
14335445  3357       68.09
14335539  3357       70.92
14372299  3357       73.81
14372545  3357       62.85
14372818  3357       71.17
14376347  3357       70.92
14398946  3357       70.92
14399267  3357       65.42
14405196  3357       70.92
14405401  3357       70.92
14513487  3357       62.85
14590375  3357       65.42
14607589  3357       65.42
14648947  3357       70.92
14649126  3357       62.85
14825867  3357       70.92
14877620  3357       70.92
14877805  3357       73.81
14877859  3357       76.82
14879704  3357       62.85
14880827  3357       73.81
15170350  3357       65.42
15177340  3357       73.81
15177867  3357       62.85
15306151  3357       68.09
15306996  3357       68.09
15352095  3357       70.92
15444811  3357       73.81
15448608  3357       70.92
15597541  3357       62.85
15598043  3357       62.85
15598319  3357       70.92
15598510  3357       70.92
15598933  3357       62.85
15599928  3357       65.42
15668151  3357       70.92
15668851  3357       65.42
15690244  3357       62.85
15729233  3357       70.92
15729536  3357       65.42
15778630  3357       70.92
15885754  3357       62.85
15959808  3357       62.85
15961650  3357       62.85
16001576  3357       62.85
16137706  3357       68.09
16138119  3357       70.92
1631390   3357       64.03
16324090  3357       70.92
16385667  3357       65.42
16387437  3357       70.92
16594051  3357       65.42
16641426  3357       68.09
16736267  3357       70.92
16770549  3357       70.92
16788972  3357       70.92
16796439  3357       62.85
17011869  3357       70.92
17012587  3357       70.92
17019549  3357       70.92
17033230  3357       62.85
17033256  3357       62.85
17104175  3357       70.92
17306742  3357       62.85
1737075   3357       68.13
17379215  3357       65.42
17380736  3357       62.85
17504786  3357       65.42
17572385  3357       70.92
17574055  3357       65.42
17626132  3357       65.42
1763812   3357       70.96
1764349   3357       62.90
1765295   3357       32.84
1769938   3357       68.13
17727473  3357       65.42
17859806  3357       62.85
17859921  3357       62.85
17872590  3357       70.92
17965237  3357       70.92
18058393  3357       62.85
18059918  3357       70.92
18263579  3357       70.92
18263756  3357       70.92
1834693   3357       50.33
18421508  3357       62.85
18471327  3357       70.92
18618969  3357       62.85
18656459  3357       70.92
18785684  3357       62.85
18950730  3357       62.85
1906129   3357       70.96
19166206  3357       62.85
19262723  3357       70.92
1926999   3357       73.85
19324610  3357       70.92
19424156  3357       70.92
19431369  3357       70.92
19827450  3357       62.85
19850185  3357       62.85
19886649  3357       70.92
19973112  3357       70.92
20046577  3357       62.85
20046584  3357       62.85
20187870  3357       65.42
20189202  3357       76.82
20235584  3357       65.42
2030572   3357       68.13
2033664   3357       80.01
20348834  3357       62.85
20351464  3357       70.92
21140944  3357       62.85
2130876   3357       62.90
2157417   3357       80.01
2186056   3357       68.13
2189077   3357       45.84
2196831   3357       65.46
2198274   3357       73.85
2198799   3357       68.13
22326349  3357       65.42
2272067   3357       62.90
23156662  3357       77.66
2376223   3357       80.01
2380275   3357       73.85
2384661   3357       70.96
2529886   3357       70.96
2532585   3357       62.90
2533320   3357       73.13
2534786   3357       56.78
2535843   3357       73.85
2536373   3357       73.85
2536795   3357       75.41
2538821   3357       68.13
2539607   3357       73.85
2539943   3357       62.90
2541142   3357       70.96
2541439   3357       80.01
2541709   3357       71.59
2543654   3357       70.96
2543813   3357       70.96
2543932   3357       65.46
2592064   3357       73.85
2592966   3357       84.54
2593377   3357       76.09
2593686   3357       68.13
2596405   3357       65.88
2597854   3357       65.88
2598033   3357       60.31
2598733   3357       62.72
2598872   3357       66.53
2601437   3357       70.96
2603046   3357       62.43
2605117   3357       79.58
2605164   3357       62.45
2605539   3357       45.20
2605823   3357       50.31
2607322   3357      101.76
2608233   3357       92.80
2608304   3357       70.07
2608554   3357       65.88
2684589   3357       70.96
2741170   3357       72.22
2854705   3357       68.13
2870837   3357       60.50
2910376   3357       62.90
2910432   3357       68.13
2911765   3357       68.13
2912407   3357       62.90
2912692   3357       80.01
2913757   3357       68.10
2913809   3357       62.90
2914272   3357       71.92
2915293   3357       62.90
2915714   3357       70.96
2915780   3357       62.00
2916102   3357       56.78
2916362   3357       64.58
2916467   3357       65.46
2916786   3357       68.13
2918280   3357       70.96
2992913   3357       62.90
3035349   3357       70.96
3039370   3357       73.46
3080057   3357       80.01
3080311   3357       70.96
3080984   3357       70.92
3081351   3357       70.96
3082505   3357       70.87
3083006   3357       70.96
3083065   3357       62.90
3083457   3357       55.64
3083843   3357       65.46
3084868   3357       70.36
3084978   3357       69.79
3085009   3357       76.67
3085276   3357       76.87
3090485   3357       92.19
3156003   3357       62.90
3234299   3357       76.87
3245420   3357       70.96
3314884   3357       56.75
3315121   3357       62.90
3315781   3357       62.90
3317339   3357       88.52
3317520   3357       77.66
3318589   3357      114.26
3318694   3357       99.87
3318719   3357       70.36
3319659   3357       65.46
3320986   3357       70.96
3322128   3357       65.88
3322284   3357       68.13
3322381   3357       69.38
3324084   3357      110.28
3324110   3357       92.88
3324403   3357       80.01
3329806   3357       62.43
3353242   3357       68.13
3457632   3357       52.35
3528540   3357      102.82
3533360   3357      107.94
3535445   3357       69.54
3535676   3357       65.43
3535838   3357       63.12
3538837   3357       98.57
3539352   3357       66.11
3541739   3357       79.76
3541975   3357       50.31
3542004   3357       73.81
3542015   3357       57.21
3554092   3357       73.85
3593839   3357       76.03
3598528   3357       68.81
3710064   3357       91.58
3759377   3357       59.96
3784066   3357       87.38
3784441   3357       97.06
3785251   3357       80.09
3792247   3357       76.54
3830110   3357       57.59
3855157   3357       50.31
3855577   3357       70.96
3856978   3357       57.91
3857004   3357       76.67
3857220   3357       80.45
3857667   3357       57.91
3857878   3357       64.92
3858323   3357       80.43
3858856   3357       73.81
3859230   3357       98.57
3864991   3357       91.21
3875055   3357       92.19
3877925   3357       73.81
3878006   3357       68.09
3963688   3357      101.26
3964093   3357      102.68
3964337   3357       53.45
3965704   3357       70.07
3969513   3357       88.63
4001934   3357      104.81
4064149   3357       84.51
4065177   3357       65.46
4065584   3357       70.92
4065648   3357      102.82
4066245   3357       65.37
4067118   3357       81.11
4067735   3357       93.62
4067795   3357       66.80
4068788   3357       85.04
4071074   3357      107.56
4071241   3357       56.50
4107436   3357       68.09
4191539   3357       79.40
4193094   3357       83.99
4194671   3357       95.53
4195654   3357       63.12
4199927   3357       52.36
4200911   3357       68.13
4238916   3357       54.12
430240    3357       62.90
4317775   3357       97.06
4373204   3357       99.28
4373479   3357       85.04
4375498   3357       67.99
4375998   3357       64.00
4376813   3357       86.02
4377201   3357       62.74
4378140   3357       82.66
4378236   3357       63.12
4378283   3357       80.09
4378759   3357       97.06
4379154   3357       54.08
4381341   3357       73.43
4381614   3357       62.85
4382400   3357       79.76
4383023   3357       73.81
4383200   3357       58.20
4385047   3357       60.16
4386936   3357       76.82
4387777   3357       68.09
439023    3357       64.03
4409485   3357       73.81
4409788   3357       67.08
4409789   3357       62.85
4414417   3357      100.94
4414541   3357       71.17
4414909   3357       62.45
4415675   3357       69.79
443869    3357       70.96
4609506   3357       97.06
4610129   3357       66.53
4720170   3357       62.85
4720923   3357       70.92
4721016   3357       62.85
4721639   3357       62.90
4722680   3357       55.64
4722814   3357       53.08
4723168   3357       59.96
4723276   3357       91.58
4723403   3357       64.10
4724433   3357       60.31
4725919   3357       73.81
4727740   3357       68.09
4728331   3357       63.12
4729448   3357       52.84
4729575   3357       73.18
4730168   3357       97.06
4730490   3357       73.14
4730823   3357      113.55
4731322   3357       98.17
4731494   3357       82.90
4732090   3357       82.65
4732618   3357       65.42
4734527   3357       65.42
4734940   3357       62.85
4735505   3357       62.90
4738424   3357       70.96
4739546   3357       86.04
4739796   3357       73.81
4754833   3357       86.77
4803744   3357       73.81
4805842   3357       70.92
4827213   3357       90.67
4853128   3357       68.23
4882144   3357       54.53
5017295   3357       68.09
5022967   3357       62.55
5237805   3357       70.92
5238236   3357       59.96
5239261   3357       90.80
5240821   3357       76.67
5242545   3357       74.83
5244302   3357       65.46
5244483   3357       68.09
5244484   3357       82.90
5244765   3357       89.94
5245261   3357       73.81
5248926   3357       96.81
5248954   3357       76.03
5249259   3357       70.92
5249817   3357       73.81
5250965   3357       70.14
5251153   3357       80.09
5251214   3357       83.27
5252606   3357       73.81
5253930   3357       54.49
5254613   3357       88.97
5254952   3357       70.62
5255567   3357       70.92
5255641   3357       73.81
5257069   3357       96.12
5257175   3357       65.88
5257421   3357       76.82
5257727   3357       70.92
5257774   3357       70.92
5259121   3357       57.91
5259785   3357       72.84
5261116   3357       65.42
5261139   3357       99.64
5261250   3357       74.60
5261418   3357       96.70
5261643   3357       93.97
5263470   3357       71.70
5344986   3357       62.85
5435450   3357       65.42
5436619   3357       73.81
5436795   3357       56.38
5438690   3357       82.65
5439480   3357       70.92
5439865   3357       76.82
5458236   3357       65.42
5461455   3357       65.90
5605414   3357       95.38
5658043   3357       93.26
5688352   3357       70.92
5765952   3357       70.92
5779173   3357       70.92
5915261   3357       70.96
5921128   3357       70.92
5921800   3357       62.85
5923624   3357       73.81
5925143   3357       73.81
5925949   3357       50.33
5929492   3357       70.92
5935536   3357       73.81
5938630   3357       70.92
5938995   3357       70.92
6044716   3357       70.92
6125595   3357       62.85
6127630   3357      102.82
6238388   3357       79.97
6394853   3357       67.76
64800     3357       76.87
6537141   3357       59.96
6573443   3357      113.20
6573855   3357       76.82
6573893   3357       65.42
6575243   3357       68.09
6575301   3357       70.92
6584406   3357       76.39
6602322   3357       62.85
6634354   3357       70.92
6689708   3357       70.92
6690236   3357       70.92
6701343   3357       70.92
6701344   3357       70.92
6701453   3357       70.92
673822    3357       65.46
6841910   3357       62.85
7076647   3357       70.92
7211860   3357       73.81
7240399   3357       70.92
7300376   3357       82.65
7301470   3357       57.91
7305494   3357       65.73
7305781   3357       70.07
7308623   3357      104.95
7309317   3357       62.85
7309375   3357       68.09
7310425   3357       76.82
7310959   3357       80.09
7311233   3357      100.70
7311255   3357       85.48
7312149   3357      100.70
7313189   3357       70.07
7314050   3357       62.85
7314987   3357       76.82
7315048   3357       73.81
7315058   3357       70.92
7315331   3357       70.92
7316059   3357       76.82
7316139   3357       73.81
7316607   3357       80.01
7316959   3357       82.90
7317744   3357       62.90
7318041   3357       79.76
7319649   3357       73.81
7321787   3357       68.09
7322304   3357       68.09
7322780   3357       65.42
7322794   3357       84.09
7324725   3357       69.38
7325664   3357       52.36
7325721   3357       64.97
7325722   3357      101.76
7325778   3357       50.81
7328421   3357       62.85
7330948   3357       70.92
7331943   3357       93.62
7332202   3357       62.85
7332734   3357       65.88
7333145   3357       73.81
7333526   3357       62.85
7335642   3357       70.92
7337422   3357       78.61
7337778   3357       62.85
7338055   3357       76.82
7340200   3357       68.13
7340742   3357       65.88
7340989   3357       82.65
7342107   3357       68.09
7342680   3357       70.96
7343605   3357       62.85
7344290   3357       68.09
7344465   3357       68.09
7347856   3357       80.43
7348137   3357       62.85
7348986   3357       70.92
7349428   3357       79.97
7349843   3357       62.85
7350162   3357       96.86
7350273   3357       68.09
7351297   3357       71.63
7352317   3357       68.09
7353364   3357       62.85
7353377   3357       70.92
7354064   3357       62.85
7354848   3357       50.81
7355928   3357       73.14
7359478   3357       73.81
7360346   3357       65.42
7360517   3357       70.92
7363171   3357       71.84
7363652   3357       70.92
7365166   3357       70.92
7365545   3357       68.09
7367276   3357       62.85
7368710   3357       62.85
7369018   3357       70.92
7371154   3357       70.92
7372156   3357       62.85
7372973   3357       43.82
7373089   3357       65.42
7373215   3357       76.82
7374243   3357       65.42
7374616   3357       80.09
7377030   3357       65.42
7377579   3357       70.92
7379256   3357       68.09
7380616   3357       62.85
7381553   3357       70.92
7382148   3357      104.81
7382532   3357       62.85
7384964   3357       70.92
7387544   3357       70.92
7388038   3357       62.85
7388080   3357       70.92
7388125   3357       73.81
7388199   3357       65.42
7389581   3357       70.92
7391472   3357       68.09
7392153   3357       73.81
7393061   3357       68.09
7393144   3357       62.85
7395742   3357       50.31
7396051   3357       70.92
7398038   3357       60.53
7400031   3357       70.92
7401094   3357       70.92
7401380   3357       70.92
7401853   3357       62.85
7403123   3357       62.85
7403188   3357       68.09
7403563   3357       68.09
7406353   3357       70.92
7408531   3357       70.92
7409730   3357       68.09
7410177   3357       79.97
7412535   3357       73.81
7412738   3357       65.42
7415285   3357       79.97
7415448   3357       70.92
7416870   3357       62.85
7417289   3357       62.85
7417791   3357       70.92
7418898   3357       62.85
7418939   3357       62.85
7419340   3357       68.09
7419740   3357       86.42
7419800   3357       70.92
7419866   3357       68.09
7420316   3357       70.92
7420429   3357       73.81
7423108   3357       73.81
7423415   3357       70.92
7423444   3357       70.92
7425063   3357       62.85
7425430   3357       70.92
7425900   3357       68.09
7426046   3357       70.92
7427359   3357       62.85
7427520   3357       70.92
7429274   3357       70.92
7432253   3357       73.81
7434591   3357       70.92
7435158   3357       62.85
7436077   3357       68.09
7436996   3357       70.92
7437806   3357       62.85
7437808   3357       62.85
7438450   3357       70.92
7439597   3357       76.82
7439617   3357       70.92
7439629   3357       70.92
7440809   3357       50.31
7442445   3357       70.92
7444497   3357       62.85
7444651   3357       73.81
7444842   3357       70.92
7444889   3357       76.82
7445661   3357       65.42
7446382   3357       73.81
7446644   3357       70.92
7447067   3357       70.92
7447334   3357       76.82
7447992   3357       62.85
7449457   3357       65.42
7455429   3357       98.57
7455588   3357       70.92
7461704   3357       70.92
7465820   3357       70.92
7465910   3357       70.92
7466779   3357      103.96
7466870   3357       98.57
7502836   3357       83.28
7548386   3357       71.96
7548420   3357       68.09
770342    3357       70.96
7917981   3357       70.92
7981510   3357       73.81
7982728   3357       62.85
7982865   3357       73.81
7983170   3357       62.85
7984159   3357       70.92
7985605   3357       45.18
7988969   3357       98.57
8054279   3357       85.04
8064487   3357       74.82
8068577   3357       70.05
8069571   3357       70.92
8140450   3357       60.06
8594315   3357       70.92
8718789   3357       70.92
8734286   3357       73.81
9066082   3357       72.84
9100619   3357       98.57
9211039   3357       68.09
9261804   3357       73.81
9317884   3357       73.81
9433060   3357       70.92
9540404   3357       73.81
9540845   3357       76.82
9542018   3357       73.81
9542237   3357       68.09
9543174   3357       70.92
9543530   3357       90.01
9544179   3357       70.92
9544345   3357       65.42
9544429   3357       73.81
9544827   3357       73.81
9545198   3357       73.14
9545952   3357       89.95
9546474   3357       70.92
9547148   3357       68.09
9551389   3357       70.92
9552709   3357       72.91
9553039   3357      107.24
9553047   3357       68.09
9553149   3357       62.85
9553310   3357       62.85
9555077   3357       86.55
9555609   3357       62.85
9555641   3357       70.92
9557148   3357       76.82
9557803   3357       65.42
9557875   3357       62.85
9557894   3357       69.79
9558628   3357       65.42
9560453   3357       62.85
9570736   3357       98.57
9572755   3357       70.92
9577605   3357       98.57
9601343   3357       70.92
9603154   3357       65.42
9603683   3357       70.92
9603870   3357       50.31
9604166   3357       68.09
9604592   3357       79.97
9607091   3357       76.67
9608547   3357       70.92
9609337   3357       62.85
9609338   3357       70.92
9612117   3357       70.06
9612530   3357       70.92
9612692   3357       70.92
9614364   3357       68.09
9615563   3357       70.92
9615964   3357       70.92
9617493   3357       68.09
9620242   3357       73.81
9620248   3357       76.82
9620376   3357       70.92
9620599   3357       73.81
9620701   3357       68.09
9620720   3357       68.09
9621777   3357       62.85
9622347   3357       70.92
9624370   3357       79.97
9624596   3357       62.85
9625361   3357       70.92
9625933   3357       70.92
9626082   3357       70.92
9626215   3357       68.09
9627150   3357       73.81
9627523   3357       70.92
9627724   3357       62.85
9629963   3357       73.81
9631462   3357       73.81
9634554   3357       70.92
9634674   3357       70.92
9636806   3357       62.85
9638320   3357       70.92
9639201   3357       68.09
9845319   3357       65.42
9846320   3357       73.81
9847068   3357       68.09
9847350   3357      106.63
9848693   3357       68.09
9850403   3357       70.92
9851111   3357       70.92
9851993   3357       70.92
