10107724  0357      117.67
10120357  0357      145.05
10121866  0357      257.20
10125466  0357       85.19
10126656  0357       96.70
10141786  0357      102.88
10312414  0357       85.19
10373550  0357      193.40
10639752  0357       85.19
10726693  0357       96.70
10760806  0357       85.19
10764554  0357      102.88
10770124  0357       96.70
10772668  0357       85.19
10774121  0357      102.88
10775520  0357      170.38
10776516  0357      117.67
10776915  0357       85.19
10777645  0357      145.05
10778464  0357       85.19
10779723  0357      476.80
10784623  0357       96.70
10820078  0357      102.88
10840266  0357       96.70
10841061  0357       85.19
10841823  0357      117.67
10842205  0357       96.70
10843324  0357      241.75
10844575  0357      235.34
10844947  0357       96.70
10845717  0357       85.19
10845943  0357      117.67
10846474  0357       96.70
10846532  0357      102.88
10846629  0357       96.70
10846940  0357      193.40
10846985  0357       96.70
10847648  0357       85.19
10848158  0357      551.15
10849906  0357       96.70
10849907  0357      102.88
10860593  0357       96.70
10903693  0357       85.19
10959957  0357       96.70
10960021  0357       96.70
10963442  0357      102.88
10963957  0357      102.88
10964062  0357      193.40
1108218   0357      357.12
1112379   0357      358.37
1115136   0357      470.86
11163187  0357       85.19
11177533  0357       85.19
11260715  0357       96.70
11261772  0357      117.67
11262378  0357       96.70
11263756  0357       85.19
11264465  0357       96.70
11264550  0357       85.19
11265496  0357       96.70
11265527  0357      102.88
11266390  0357      193.40
11267811  0357      170.38
11267932  0357      170.38
11268437  0357      117.67
11269196  0357      109.88
1129535   0357      357.74
11414487  0357      102.88
11425214  0357       96.70
11425449  0357       96.70
11426462  0357       85.19
11428034  0357       85.19
11428889  0357      241.75
11429539  0357      193.40
11429792  0357       85.19
11429991  0357      145.05
11430700  0357       96.70
11433167  0357       96.70
11433865  0357      193.40
11433968  0357      193.40
11434350  0357       96.70
11546168  0357       85.19
11580362  0357      102.88
11584952  0357       96.70
11586448  0357       96.70
11589730  0357      193.40
11594236  0357      117.67
11594524  0357       85.19
11596252  0357       96.70
11597667  0357       96.70
11598121  0357       85.19
11598207  0357       85.19
11598956  0357       85.19
11633896  0357       85.19
11645810  0357       96.70
11651035  0357       96.70
11651090  0357       96.70
11652405  0357       96.70
11653864  0357       96.70
11694358  0357       85.19
11694758  0357       96.70
11695394  0357      170.38
11749469  0357       96.70
11783201  0357      102.88
11783366  0357      117.67
11784637  0357       85.19
11786325  0357      117.67
11786432  0357       85.19
11787653  0357      193.40
11787807  0357       96.70
11788587  0357      205.76
11788630  0357      102.88
11790273  0357       96.70
11790818  0357      145.05
11791177  0357       96.70
11792127  0357       96.70
11792506  0357       85.19
11792846  0357       96.70
11878930  0357       96.70
11879419  0357      102.88
11879750  0357      117.67
11881224  0357      117.67
11881668  0357      212.98
11881669  0357       85.19
11882080  0357       85.19
11882720  0357      117.67
11883300  0357      193.40
11949766  0357      117.67
12011761  0357      235.34
12018571  0357      127.79
12018729  0357       85.19
12018852  0357       96.70
12019816  0357       85.19
12020535  0357      109.88
12021559  0357      102.88
12021966  0357       96.70
12022428  0357      102.88
12023306  0357      109.88
12023981  0357      145.05
12024178  0357       96.70
12024179  0357       96.70
12025294  0357      145.05
12025488  0357       85.19
12025491  0357       85.19
12026565  0357       96.70
12027093  0357       96.70
12027260  0357      495.62
12027527  0357       85.19
12027928  0357       85.19
12027973  0357      205.76
12080554  0357       96.70
12241212  0357      127.79
12242270  0357       96.70
12243077  0357       85.19
12244707  0357       85.19
12247738  0357      145.05
12248400  0357      212.98
12248755  0357      102.88
12248784  0357      170.38
12248960  0357       96.70
12249178  0357      117.67
12279667  0357       96.70
12314254  0357      274.70
1232375   0357      357.74
12369466  0357       96.70
12370670  0357      109.88
1239070   0357      357.12
12434895  0357       85.19
12435304  0357       96.70
12435757  0357      127.79
12435759  0357      241.75
12527456  0357       85.19
12534356  0357       96.70
12536172  0357       96.70
12536549  0357      109.88
1254062   0357      357.12
1257983   0357      357.74
1258658   0357      358.37
1261562   0357      357.12
1262953   0357      427.25
1263302   0357      357.12
1263303   0357      358.37
1263991   0357      357.74
1265436   0357      358.37
1266723   0357      246.68
12691465  0357       96.70
1269356   0357      715.49
12698409  0357       85.19
12698965  0357       85.19
12700553  0357       85.19
12701276  0357       96.70
12701301  0357      212.98
12702273  0357       85.19
12704473  0357       85.19
12704482  0357      205.76
12704649  0357       96.70
12704927  0357       96.70
12705860  0357       96.70
12706171  0357       96.70
12706774  0357      205.76
12707136  0357       96.70
1272390   0357      357.12
1273369   0357      358.37
1277938   0357      357.12
1278407   0357      358.37
12848719  0357       96.70
12849330  0357      109.88
12851330  0357       96.70
12852888  0357       96.70
12858616  0357      145.05
12878256  0357       96.70
12884972  0357       96.70
12934142  0357       85.19
12934525  0357       85.19
12935305  0357       96.70
12935606  0357       96.70
13032012  0357      170.38
13032033  0357       96.70
13034237  0357       96.70
13035222  0357      117.67
13084488  0357       85.19
13084886  0357       85.19
13180551  0357       96.70
1318484   0357      357.12
13187744  0357      193.40
13187816  0357      145.05
13188137  0357       85.19
13188604  0357      127.79
13264411  0357       96.70
13265462  0357       85.19
13265946  0357      145.05
13266369  0357       96.70
13268000  0357      170.38
13268185  0357      170.38
13268457  0357       85.19
13268537  0357      145.05
13343258  0357       85.19
13408041  0357       85.19
13510172  0357       85.19
13510180  0357       85.19
13519440  0357       85.19
13527636  0357      102.88
13566631  0357      117.67
13643981  0357      170.38
13643982  0357      127.79
13644051  0357       96.70
13644555  0357      212.98
13644665  0357       96.70
13644680  0357      257.20
13652653  0357       85.19
13674854  0357      102.88
13678214  0357       96.70
13678857  0357       85.19
13679940  0357       96.70
13724134  0357      145.05
13774187  0357       85.19
13774684  0357       96.70
13775452  0357       85.19
13775808  0357       85.19
13777181  0357      127.79
13785046  0357       85.19
13785661  0357       96.70
13785997  0357       85.19
13786181  0357       96.70
13787208  0357       96.70
13787741  0357       85.19
13842354  0357       96.70
13843775  0357       96.70
13856268  0357       96.70
13867427  0357      145.05
13868652  0357       96.70
13880177  0357       85.19
13880981  0357       96.70
13905892  0357       85.19
13986119  0357       96.70
13990906  0357      154.32
14003086  0357       85.19
14030527  0357       85.19
14031045  0357       96.70
14031497  0357      241.75
14093727  0357      145.05
14094806  0357      102.88
14143188  0357       85.19
14159223  0357      170.38
14176129  0357       96.70
14176671  0357       96.70
14270811  0357      212.98
14293118  0357      145.05
1431183   0357      358.37
14335445  0357       85.19
14335539  0357       96.70
14372299  0357      102.88
14372545  0357       85.19
14372818  0357      924.53
14376347  0357       96.70
14398946  0357       96.70
14399267  0357      127.79
14405196  0357       96.70
14405401  0357       96.70
14513487  0357       85.19
14590375  0357       85.19
14607589  0357      127.79
14648947  0357       96.70
14649126  0357       85.19
14825867  0357       96.70
14877620  0357       96.70
14877805  0357      102.88
14877859  0357      109.88
14879597  0357      193.40
14879704  0357      212.98
14880827  0357      102.88
14880972  0357      193.40
15170350  0357       85.19
15177340  0357      102.88
15177867  0357      170.38
15306151  0357      212.98
15306996  0357       85.19
15352095  0357       96.70
15444811  0357      102.88
15448608  0357       96.70
15597541  0357       85.19
15598043  0357       85.19
15598319  0357       96.70
15598510  0357      193.40
15598933  0357       85.19
15599928  0357      127.79
15668151  0357      193.40
15668851  0357       85.19
15690244  0357       85.19
15729233  0357      145.05
15729536  0357      212.98
15778630  0357      145.05
15885754  0357       85.19
15959808  0357       85.19
15961650  0357       85.19
16001576  0357       85.19
16137706  0357       85.19
16138119  0357      145.05
1631390   0357      420.11
16324090  0357       96.70
16385667  0357       85.19
16387437  0357      193.40
16594051  0357       85.19
16641426  0357       85.19
16736267  0357       96.70
16770549  0357       96.70
16788972  0357      193.40
16796439  0357      170.38
17011869  0357      193.40
17012587  0357      241.75
17019549  0357       96.70
17033230  0357       85.19
17033256  0357       85.19
17104175  0357       96.70
17104709  0357       96.70
17306742  0357       85.19
1737075   0357      357.12
17379215  0357      127.79
17380736  0357       85.19
17572385  0357      193.40
17574055  0357       85.19
17626132  0357      170.38
1763812   0357      427.25
1764349   0357      357.12
1765295   0357      714.23
1769938   0357      357.12
17727473  0357       85.19
17859806  0357       85.19
17859921  0357      170.38
17872590  0357       96.70
17942640  0357       96.70
17965237  0357      145.05
18054647  0357       96.70
18058393  0357       85.19
18059918  0357       96.70
18263579  0357       96.70
18263756  0357       96.70
1834693   0357      246.68
18421508  0357       85.19
18422439  0357      193.40
18471327  0357       96.70
18618969  0357       85.19
18655916  0357       96.70
18656459  0357      145.05
18785684  0357       85.19
18928116  0357       85.19
18950730  0357       85.19
1906129   0357      358.37
19166206  0357      212.98
19262723  0357       96.70
1926999   0357      357.74
19324610  0357      193.40
19424156  0357      193.40
19431369  0357       96.70
19827450  0357       85.19
19850185  0357      212.98
19886649  0357      241.75
19973112  0357       96.70
20046577  0357      170.38
20046584  0357      170.38
20187870  0357      170.38
20189202  0357      109.88
20235584  0357      170.38
2030572   0357      357.12
2033664   0357      380.36
20348834  0357      127.79
20351464  0357      193.40
2101693   0357      420.41
21140944  0357      127.79
2130876   0357      357.12
2157417   0357      950.89
2186056   0357      357.12
2189077   0357      357.12
2196831   0357      357.12
2198274   0357      359.10
2198799   0357      357.12
22326349  0357       85.19
2272067   0357      357.12
23156662  0357      358.37
2376223   0357      387.58
2380275   0357      357.74
2384661   0357      358.37
2529886   0357      358.37
2532585   0357      357.12
2533320   0357      357.12
2534786   0357      262.11
2535843   0357      357.74
2536373   0357      357.74
2536795   0357      358.37
2539607   0357      357.74
2539943   0357      357.12
2541142   0357      358.37
2541439   0357      488.74
2541709   0357      358.37
2543654   0357      358.37
2543813   0357      358.37
2543932   0357      357.12
2592064   0357      357.74
2592966   0357      389.27
2593377   0357      358.37
2593686   0357      357.12
2596405   0357      423.44
2597854   0357      358.37
2598033   0357      358.37
2598733   0357      357.74
2598872   0357      357.12
2601437   0357      358.37
2603046   0357      358.37
2605117   0357      357.74
2605164   0357      358.37
2605823   0357      246.66
2607322   0357      385.96
2608233   0357      376.51
2608304   0357      357.12
2608554   0357      358.37
2684589   0357      358.37
2741170   0357      379.52
2854705   0357      357.12
2870837   0357      357.12
2910376   0357      357.12
2910432   0357      357.12
2911765   0357      357.12
2912407   0357      357.12
2912692   0357      380.36
2913757   0357      357.12
2913809   0357      357.12
2915293   0357      357.12
2915714   0357      358.37
2915780   0357      357.12
2916102   0357      262.11
2916362   0357      358.37
2916467   0357      357.12
2916786   0357      357.12
2918280   0357      895.92
2992913   0357      357.12
3035349   0357      358.37
3080057   0357      570.54
3080311   0357      358.37
3080984   0357      522.24
3081351   0357      358.37
3082505   0357      429.94
3083006   0357      358.37
3083065   0357      357.12
3083457   0357      357.12
3083843   0357      357.12
3084868   0357      358.37
3084978   0357      357.12
3085009   0357      357.12
3085276   0357      357.84
3090485   0357      381.45
3156003   0357      407.36
3234299   0357      357.84
3245420   0357      358.37
3314884   0357      267.27
3315121   0357      357.12
3315781   0357      357.12
3317339   0357      380.44
3318589   0357      413.76
3318694   0357      431.61
3318719   0357      358.37
3320986   0357      358.37
3322128   0357      379.83
3322284   0357      357.12
3322381   0357      357.74
3324084   0357      498.14
3324110   0357      537.23
3324403   0357      380.36
3329806   0357      358.37
3353242   0357      407.36
3528540   0357      389.39
3533360   0357      457.49
3535445   0357      357.12
3535676   0357      358.37
3535838   0357      357.12
3538837   0357      388.80
3539352   0357      358.37
3541739   0357      358.37
3541975   0357      246.68
3542004   0357      102.88
3542015   0357      284.68
3554092   0357      357.74
3593839   0357      357.12
3598528   0357      358.37
3710064   0357      461.63
3759377   0357      357.12
3784066   0357      357.12
3784441   0357      397.87
3785251   0357      358.37
3792247   0357      358.37
3830110   0357      357.12
3855157   0357      246.66
3855577   0357      358.37
3856978   0357      357.12
3857004   0357      357.12
3857220   0357      358.38
3857667   0357      357.12
3857878   0357      357.74
3858323   0357      716.73
3858856   0357      102.88
3859230   0357      563.49
3864991   0357      416.27
3875055   0357      441.04
3877925   0357     1098.54
3878006   0357      447.67
3963688   0357      424.51
3964093   0357      490.89
3964337   0357      357.12
3965704   0357      357.12
3969513   0357      359.68
4001934   0357      470.48
4064149   0357      384.80
4065177   0357      357.12
4065584   0357       96.70
4065648   0357      463.82
4066245   0357      357.12
4067118   0357      416.40
4067735   0357      412.93
4067795   0357      358.37
4068788   0357      357.12
4071074   0357      509.71
4071241   0357      421.93
4107436   0357       85.19
4191539   0357      357.12
4193094   0357      894.36
4194671   0357      385.82
4195654   0357      357.12
4199927   0357      246.68
4200911   0357      357.12
4238916   0357      357.12
430240    0357      357.12
4317775   0357      549.64
4373204   0357      565.36
4373479   0357      357.12
4375498   0357      380.36
4375998   0357      365.96
4376813   0357      391.98
4377201   0357      357.74
4378140   0357      357.12
4378236   0357      357.12
4378283   0357      357.12
4378759   0357      521.17
4379154   0357      357.12
4381341   0357      357.12
4381614   0357      407.63
4382400   0357      537.55
4383023   0357      102.88
4383200   0357      357.12
4385047   0357      358.37
4386936   0357      109.88
4387777   0357      212.98
4409485   0357      527.75
4409788   0357      357.12
4409789   0357      775.42
4414417   0357      405.62
4414541   0357      379.14
4414909   0357      358.37
4415675   0357      357.12
443869    0357      358.37
4609506   0357      384.20
4610129   0357      357.12
4720170   0357      127.79
4720923   0357       96.70
4721016   0357       85.19
4721639   0357      357.12
4722680   0357      357.12
4722814   0357      287.51
4723168   0357      357.12
4723276   0357      400.55
4723403   0357      357.12
4724433   0357      358.37
4725919   0357      205.76
4727740   0357       85.19
4728331   0357      357.12
4729448   0357      254.78
4730168   0357      550.00
4730490   0357      357.12
4730823   0357      538.50
4731322   0357      532.10
4731494   0357      388.29
4732090   0357      413.10
4732618   0357       85.19
4734527   0357       85.19
4734940   0357       85.19
4735505   0357      357.12
4738424   0357      358.37
4739546   0357      473.38
4739796   0357      102.88
4754833   0357      482.70
4803744   0357      603.90
4805842   0357       96.70
4827213   0357      403.61
4853128   0357      333.07
4882144   0357      268.36
5017295   0357       85.19
5022967   0357      357.74
5237805   0357       96.70
5238236   0357      357.12
5239261   0357      414.94
5240821   0357      357.12
5242545   0357      402.30
5244302   0357      407.36
5244483   0357       85.19
5244484   0357      388.29
5244765   0357      357.12
5245261   0357      102.88
5248926   0357      410.31
5248954   0357      377.29
5249259   0357       96.70
5249817   0357      102.88
5250965   0357      358.37
5251153   0357      456.72
5251214   0357      411.27
5252606   0357      205.76
5253930   0357      357.12
5254613   0357      464.45
5254952   0357      357.12
5255567   0357       96.70
5255641   0357      102.88
5257069   0357      375.87
5257175   0357      358.37
5257421   0357      109.88
5257727   0357      241.75
5257774   0357       96.70
5259121   0357      357.12
5259785   0357      357.12
5261116   0357       85.19
5261139   0357      445.58
5261250   0357      357.12
5261418   0357      368.31
5261643   0357      445.73
5263470   0357      400.01
5344986   0357       85.19
5435450   0357      401.13
5436619   0357      102.88
5436795   0357      275.25
5438690   0357      392.08
5439480   0357       96.70
5439865   0357      274.70
5458236   0357       85.19
5461455   0357      358.38
5605414   0357      912.22
5658043   0357      446.14
5688352   0357       96.70
5765952   0357       96.70
5779173   0357       96.70
5915261   0357      358.37
5921128   0357      538.87
5921800   0357       85.19
5923624   0357      102.88
5925143   0357      102.88
5925949   0357      246.68
5929492   0357       96.70
5935536   0357      257.20
5938630   0357      466.52
5938995   0357       96.70
6044716   0357      145.05
6125595   0357      212.98
6127630   0357      414.06
6238388   0357      117.67
6394853   0357      318.97
64800     0357      357.84
6537141   0357      357.12
6573443   0357      463.94
6573855   0357      109.88
6573893   0357       85.19
6575243   0357       85.19
6575301   0357       96.70
6584406   0357      892.79
6602322   0357       85.19
6634354   0357       96.70
6689708   0357       96.70
6690236   0357       96.70
6701343   0357       96.70
6701344   0357       96.70
6701453   0357       96.70
673822    0357      357.12
6841910   0357       85.19
7076647   0357       96.70
7211860   0357      102.88
7240399   0357       96.70
7300376   0357      392.08
7301470   0357      357.12
7305494   0357      358.37
7305781   0357      357.12
7308623   0357      419.46
7309317   0357       85.19
7309375   0357       85.19
7310425   0357      109.88
7310959   0357      358.37
7311233   0357      382.52
7311255   0357      463.08
7312149   0357      450.47
7313189   0357      357.12
7314050   0357       85.19
7314987   0357      109.88
7315048   0357      102.88
7315058   0357     1083.27
7315331   0357       96.70
7316059   0357      109.88
7316139   0357      102.88
7316607   0357      488.74
7316959   0357      715.49
7317744   0357      714.23
7318041   0357      390.21
7319649   0357      205.76
7321787   0357       85.19
7322304   0357       85.19
7322780   0357       85.19
7322794   0357      504.06
7324725   0357      357.74
7325664   0357      355.07
7325721   0357      358.37
7325722   0357      520.75
7325778   0357      246.68
7328421   0357       85.19
7330948   0357       96.70
7331943   0357      655.76
7332202   0357      445.71
7332734   0357      537.55
7333145   0357      102.88
7333526   0357      891.42
7335642   0357       96.70
7337422   0357      350.79
7337778   0357       85.19
7338055   0357      109.88
7340200   0357      357.12
7340742   0357      379.83
7340989   0357      419.49
7342107   0357       85.19
7342680   0357      358.37
7343605   0357       85.19
7344290   0357       85.19
7344465   0357      170.38
7347856   0357      358.37
7348137   0357       85.19
7348986   0357      454.99
7349428   0357      294.18
7349843   0357       85.19
7350162   0357      366.86
7350273   0357       85.19
7351297   0357      308.73
7352317   0357       85.19
7353364   0357      170.38
7353377   0357       96.70
7354064   0357       85.19
7354848   0357      246.68
7355928   0357      357.12
7359478   0357      102.88
7360346   0357       85.19
7360517   0357       96.70
7363171   0357      341.90
7363652   0357       96.70
7365166   0357       96.70
7365545   0357       85.19
7367276   0357       85.19
7368710   0357      170.38
7369018   0357       96.70
7371154   0357       96.70
7372156   0357       85.19
7372973   0357      398.56
7373089   0357       85.19
7373215   0357      109.88
7374243   0357       85.19
7374616   0357      358.37
7377030   0357       85.19
7377579   0357       96.70
7379256   0357      170.38
7380616   0357       85.19
7381553   0357       96.70
7382148   0357      395.18
7382532   0357       85.19
7384964   0357       96.70
7387544   0357      193.40
7388038   0357       85.19
7388080   0357       96.70
7388125   0357      102.88
7388199   0357      127.79
7389581   0357       96.70
7391472   0357       85.19
7392153   0357      257.20
7393061   0357       85.19
7393144   0357      170.38
7395742   0357      246.66
7396051   0357      145.05
7398038   0357      317.86
7400031   0357       96.70
7401094   0357       96.70
7401380   0357       96.70
7401853   0357       85.19
7403123   0357       85.19
7403188   0357       85.19
7403563   0357       85.19
7406353   0357       96.70
7408531   0357       96.70
7409730   0357       85.19
7410177   0357      117.67
7412535   0357      102.88
7412738   0357       85.19
7415285   0357      117.67
7415448   0357       96.70
7416870   0357       85.19
7417289   0357      170.38
7417791   0357      193.40
7418898   0357       85.19
7418939   0357       96.70
7419340   0357       85.19
7419740   0357      439.55
7419800   0357       96.70
7419866   0357      212.98
7420316   0357       96.70
7420429   0357      102.88
7423108   0357      102.88
7423415   0357       96.70
7423444   0357      499.00
7425063   0357       85.19
7425430   0357       96.70
7425900   0357       85.19
7426046   0357       96.70
7427359   0357       85.19
7427520   0357       96.70
7429274   0357       96.70
7432253   0357      102.88
7434591   0357      241.75
7435158   0357      212.98
7436077   0357      170.38
7436996   0357       96.70
7437806   0357       85.19
7437808   0357       85.19
7438450   0357       96.70
7439597   0357      219.76
7439617   0357       96.70
7439629   0357       96.70
7440809   0357      268.34
7442445   0357       96.70
7444497   0357      127.79
7444651   0357      102.88
7444842   0357       96.70
7444889   0357      219.76
7445661   0357       85.19
7446382   0357      102.88
7446644   0357       96.70
7447067   0357      241.75
7447992   0357       85.19
7449457   0357       85.19
7455429   0357      470.74
7455588   0357       96.70
7461704   0357       96.70
7465820   0357      241.75
7465910   0357       96.70
7466779   0357      531.66
7466870   0357      501.46
7502836   0357      411.28
7548386   0357      337.41
7548420   0357      426.52
770342    0357      358.37
7917981   0357       96.70
7981510   0357      102.88
7982728   0357       85.19
7982865   0357      102.88
7983170   0357       85.19
7984159   0357       96.70
7985605   0357      283.86
7988969   0357      560.56
8054279   0357      387.73
8064487   0357      670.14
8069571   0357       96.70
8140450   0357      271.32
8594315   0357       96.70
8718789   0357      193.40
8734286   0357      102.88
9066082   0357      357.12
9100619   0357      560.56
9211039   0357       85.19
9261804   0357      102.88
9317884   0357      205.76
9433060   0357       96.70
9540404   0357      102.88
9540845   0357      164.82
9542018   0357      102.88
9542237   0357       85.19
9543174   0357       96.70
9543530   0357      454.83
9544179   0357       96.70
9544345   0357       85.19
9544429   0357      102.88
9544827   0357      102.88
9545198   0357      357.12
9545952   0357      455.61
9546474   0357       96.70
9547148   0357       85.19
9551389   0357       96.70
9552709   0357      388.16
9553039   0357      698.47
9553047   0357       85.19
9553149   0357       85.19
9555077   0357      388.90
9555609   0357       85.19
9555641   0357       96.70
9557148   0357      219.76
9557803   0357       85.19
9557875   0357       85.19
9557894   0357      451.14
9558628   0357       85.19
9560453   0357       85.19
9570736   0357      471.29
9572755   0357       96.70
9577605   0357      501.05
9601343   0357      241.75
9603154   0357       85.19
9603683   0357       96.70
9603870   0357      246.68
9604166   0357       85.19
9604592   0357      176.51
9607091   0357      357.12
9608547   0357       96.70
9609337   0357       85.19
9609338   0357      193.40
9612117   0357      561.21
9612530   0357     1314.88
9612692   0357       96.70
9614364   0357      170.38
9615563   0357       96.70
9615964   0357       96.70
9617493   0357      170.38
9620242   0357      205.76
9620248   0357      219.76
9620376   0357       96.70
9620599   0357      102.88
9620701   0357       85.19
9620720   0357       85.19
9621777   0357       96.70
9622347   0357       96.70
9624370   0357      117.67
9624596   0357       85.19
9625361   0357       96.70
9625933   0357      193.40
9626082   0357       96.70
9626215   0357       85.19
9627150   0357      257.20
9627523   0357      193.40
9627724   0357       85.19
9629963   0357      102.88
9631462   0357      102.88
9634554   0357      512.58
9634674   0357       96.70
9636806   0357       85.19
9638320   0357       96.70
9639201   0357       85.19
9845319   0357       85.19
9846320   0357      102.88
9847068   0357       85.19
9847350   0357      542.99
9848693   0357       85.19
9850403   0357       96.70
9851111   0357       96.70
9851993   0357      504.01
10107724  3357      117.67
10120357  3357       96.70
10121866  3357      102.88
10125466  3357       85.19
10126656  3357       96.70
10141786  3357      102.88
10312414  3357       85.19
10373550  3357       96.70
10639752  3357       85.19
10726693  3357       96.70
10760806  3357       85.19
10764554  3357      102.88
10770124  3357       96.70
10772668  3357       85.19
10774121  3357      102.88
10775520  3357       85.19
10776516  3357      117.67
10776915  3357       85.19
10777645  3357       96.70
10778464  3357       85.19
10779723  3357      476.80
10784623  3357       96.70
10820078  3357      102.88
10840266  3357       96.70
10841061  3357       85.19
10841823  3357      117.67
10842205  3357       96.70
10843324  3357       96.70
10844575  3357      117.67
10844947  3357       96.70
10845717  3357       85.19
10845943  3357      117.67
10846474  3357       96.70
10846532  3357      102.88
10846629  3357       96.70
10846940  3357       96.70
10846985  3357       96.70
10847648  3357       85.19
10848158  3357      551.15
10849906  3357       96.70
10849907  3357      102.88
10860593  3357       96.70
10903693  3357       85.19
10959957  3357       96.70
10960021  3357       96.70
10963442  3357      102.88
10963957  3357      102.88
10964062  3357       96.70
1108218   3357      357.12
1112379   3357      358.37
1115136   3357      470.86
11163187  3357       85.19
11177533  3357       85.19
11260715  3357       96.70
11261772  3357      117.67
11262378  3357       96.70
11263756  3357       85.19
11264465  3357       96.70
11264550  3357       85.19
11265496  3357       96.70
11265527  3357      102.88
11266390  3357       96.70
11267811  3357       85.19
11267932  3357       85.19
11268437  3357      117.67
11269196  3357      109.88
1129535   3357      357.74
11414487  3357      102.88
11425214  3357       96.70
11425449  3357       96.70
11426462  3357       85.19
11428034  3357       85.19
11428889  3357       96.70
11429539  3357       96.70
11429792  3357       85.19
11429991  3357       96.70
11430700  3357       96.70
11433167  3357       96.70
11433865  3357       96.70
11433968  3357       96.70
11434350  3357       96.70
11546168  3357       85.19
11580362  3357      102.88
11584952  3357       96.70
11586448  3357       96.70
11589730  3357       96.70
11594236  3357      117.67
11594524  3357       85.19
11596252  3357       96.70
11597667  3357       96.70
11598121  3357       85.19
11598207  3357       85.19
11598956  3357       85.19
11633896  3357       85.19
11645810  3357       96.70
11651035  3357       96.70
11651090  3357       96.70
11652405  3357       96.70
11653864  3357       96.70
11694358  3357       85.19
11694758  3357       96.70
11695394  3357       85.19
11749469  3357       96.70
11783201  3357      102.88
11783366  3357      117.67
11784637  3357       85.19
11786325  3357      117.67
11786432  3357       85.19
11787653  3357       96.70
11787807  3357       96.70
11788587  3357      102.88
11788630  3357      102.88
11790273  3357       96.70
11790818  3357       96.70
11791177  3357       96.70
11792127  3357       96.70
11792506  3357       85.19
11792846  3357       96.70
11878930  3357       96.70
11879419  3357      102.88
11879750  3357      117.67
11881224  3357      117.67
11881668  3357       85.19
11881669  3357       85.19
11882080  3357       85.19
11882720  3357      117.67
11883300  3357       96.70
11949766  3357      117.67
12011761  3357      117.67
12018571  3357       85.19
12018729  3357       85.19
12018852  3357       96.70
12019816  3357       85.19
12020535  3357      109.88
12021559  3357      102.88
12021966  3357       96.70
12022428  3357      102.88
12023306  3357      109.88
12023981  3357       96.70
12024178  3357       96.70
12024179  3357       96.70
12025294  3357       96.70
12025488  3357       85.19
12025491  3357       85.19
12026565  3357       96.70
12027093  3357       96.70
12027260  3357      495.62
12027527  3357       85.19
12027928  3357       85.19
12027973  3357      102.88
12080554  3357       96.70
12241212  3357       85.19
12242270  3357       96.70
12243077  3357       85.19
12244707  3357       85.19
12247738  3357       96.70
12248400  3357       85.19
12248755  3357      102.88
12248784  3357       85.19
12248960  3357       96.70
12249178  3357      117.67
12279667  3357       96.70
12314254  3357      109.88
1232375   3357      357.74
12369466  3357       96.70
12370670  3357      109.88
1239070   3357      357.12
12434895  3357       85.19
12435304  3357       96.70
12435757  3357       85.19
12435759  3357       96.70
12527456  3357       85.19
12534356  3357       96.70
12536172  3357       96.70
12536549  3357      109.88
1254062   3357      357.12
1257983   3357      357.74
1258658   3357      358.37
1261562   3357      357.12
1262953   3357      427.25
1263302   3357      357.12
1263303   3357      358.37
1263991   3357      357.74
1265436   3357      358.37
1266723   3357      246.68
12691465  3357       96.70
1269356   3357      357.74
12698409  3357       85.19
12698965  3357       85.19
12700553  3357       85.19
12701276  3357       96.70
12701301  3357       85.19
12702273  3357       85.19
12704473  3357       85.19
12704482  3357      102.88
12704649  3357       96.70
12704927  3357       96.70
12705860  3357       96.70
12706171  3357       96.70
12706774  3357      102.88
12707136  3357       96.70
1272390   3357      357.12
1273369   3357      358.37
1277938   3357      357.12
1278407   3357      358.37
12848719  3357       96.70
12849330  3357      109.88
12851330  3357       96.70
12852888  3357       96.70
12858616  3357       96.70
12878256  3357       96.70
12884972  3357       96.70
12934142  3357       85.19
12934525  3357       85.19
12935305  3357       96.70
12935606  3357       96.70
13032012  3357       85.19
13032033  3357       96.70
13034237  3357       96.70
13035222  3357      117.67
13084488  3357       85.19
13084886  3357       85.19
13180551  3357       96.70
1318484   3357      357.12
13187744  3357       96.70
13187816  3357       96.70
13188137  3357       85.19
13188604  3357       85.19
13264411  3357       96.70
13265462  3357       85.19
13265946  3357       96.70
13266369  3357       96.70
13268000  3357       85.19
13268185  3357       85.19
13268457  3357       85.19
13268537  3357       96.70
13343258  3357       85.19
13408041  3357       85.19
13510172  3357       85.19
13510180  3357       85.19
13519440  3357       85.19
13527636  3357      102.88
13566631  3357      117.67
13643981  3357       85.19
13643982  3357       85.19
13644051  3357       96.70
13644555  3357       85.19
13644665  3357       96.70
13644680  3357      102.88
13652653  3357       85.19
13674854  3357      102.88
13678214  3357       96.70
13678857  3357       85.19
13679940  3357       96.70
13724134  3357       96.70
13774187  3357       85.19
13774684  3357       96.70
13775452  3357       85.19
13775808  3357       85.19
13777181  3357       85.19
13785046  3357       85.19
13785661  3357       96.70
13785997  3357       85.19
13786181  3357       96.70
13787208  3357       96.70
13787741  3357       85.19
13842354  3357       96.70
13843775  3357       96.70
13856268  3357       96.70
13867427  3357       96.70
13868652  3357       96.70
13880177  3357       85.19
13880981  3357       96.70
13905892  3357       85.19
13986119  3357       96.70
13990906  3357      102.88
14003086  3357       85.19
14030527  3357       85.19
14031045  3357       96.70
14031497  3357       96.70
14093727  3357       96.70
14094806  3357      102.88
14143188  3357       85.19
14159223  3357       85.19
14176129  3357       96.70
14176671  3357       96.70
14270811  3357       85.19
14293118  3357       96.70
1431183   3357      358.37
14335445  3357       85.19
14335539  3357       96.70
14372299  3357      102.88
14372545  3357       85.19
14372818  3357      369.81
14376347  3357       96.70
14398946  3357       96.70
14399267  3357       85.19
14405196  3357       96.70
14405401  3357       96.70
14513487  3357       85.19
14590375  3357       85.19
14607589  3357       85.19
14648947  3357       96.70
14649126  3357       85.19
14825867  3357       96.70
14877620  3357       96.70
14877805  3357      102.88
14877859  3357      109.88
14879597  3357       96.70
14879704  3357       85.19
14880827  3357      102.88
14880972  3357       96.70
15170350  3357       85.19
15177340  3357      102.88
15177867  3357       85.19
15306151  3357       85.19
15306996  3357       85.19
15352095  3357       96.70
15444811  3357      102.88
15448608  3357       96.70
15597541  3357       85.19
15598043  3357       85.19
15598319  3357       96.70
15598510  3357       96.70
15598933  3357       85.19
15599928  3357       85.19
15668151  3357       96.70
15668851  3357       85.19
15690244  3357       85.19
15729233  3357       96.70
15729536  3357       85.19
15778630  3357       96.70
15885754  3357       85.19
15959808  3357       85.19
15961650  3357       85.19
16001576  3357       85.19
16137706  3357       85.19
16138119  3357       96.70
1631390   3357      420.11
16324090  3357       96.70
16385667  3357       85.19
16387437  3357       96.70
16594051  3357       85.19
16641426  3357       85.19
16736267  3357       96.70
16770549  3357       96.70
16788972  3357       96.70
16796439  3357       85.19
17011869  3357       96.70
17012587  3357       96.70
17019549  3357       96.70
17033230  3357       85.19
17033256  3357       85.19
17104175  3357       96.70
17104709  3357       96.70
17306742  3357       85.19
1737075   3357      357.12
17379215  3357       85.19
17380736  3357       85.19
17572385  3357       96.70
17574055  3357       85.19
17626132  3357       85.19
1763812   3357      427.25
1764349   3357      357.12
1765295   3357      357.12
1769938   3357      357.12
17727473  3357       85.19
17859806  3357       85.19
17859921  3357       85.19
17872590  3357       96.70
17942640  3357       96.70
17965237  3357       96.70
18054647  3357       96.70
18058393  3357       85.19
18059918  3357       96.70
18263579  3357       96.70
18263756  3357       96.70
1834693   3357      246.68
18421508  3357       85.19
18422439  3357       96.70
18471327  3357       96.70
18618969  3357       85.19
18655916  3357       96.70
18656459  3357       96.70
18785684  3357       85.19
18928116  3357       85.19
18950730  3357       85.19
1906129   3357      358.37
19166206  3357       85.19
19262723  3357       96.70
1926999   3357      357.74
19324610  3357       96.70
19424156  3357       96.70
19431369  3357       96.70
19827450  3357       85.19
19850185  3357       85.19
19886649  3357       96.70
19973112  3357       96.70
20046577  3357       85.19
20046584  3357       85.19
20187870  3357       85.19
20189202  3357      109.88
20235584  3357       85.19
2030572   3357      357.12
2033664   3357      380.36
20348834  3357       85.19
20351464  3357       96.70
2101693   3357      420.41
21140944  3357       85.19
2130876   3357      357.12
2157417   3357      380.36
2186056   3357      357.12
2189077   3357      357.12
2196831   3357      357.12
2198274   3357      359.10
2198799   3357      357.12
22326349  3357       85.19
2272067   3357      357.12
23156662  3357      358.37
2376223   3357      387.58
2380275   3357      357.74
2384661   3357      358.37
2529886   3357      358.37
2532585   3357      357.12
2533320   3357      357.12
2534786   3357      262.11
2535843   3357      357.74
2536373   3357      357.74
2536795   3357      358.37
2539607   3357      357.74
2539943   3357      357.12
2541142   3357      358.37
2541439   3357      488.74
2541709   3357      358.37
2543654   3357      358.37
2543813   3357      358.37
2543932   3357      357.12
2592064   3357      357.74
2592966   3357      389.27
2593377   3357      358.37
2593686   3357      357.12
2596405   3357      423.44
2597854   3357      358.37
2598033   3357      358.37
2598733   3357      357.74
2598872   3357      357.12
2601437   3357      358.37
2603046   3357      358.37
2605117   3357      357.74
2605164   3357      358.37
2605823   3357      246.66
2607322   3357      385.96
2608233   3357      376.51
2608304   3357      357.12
2608554   3357      358.37
2684589   3357      358.37
2741170   3357      379.52
2854705   3357      357.12
2870837   3357      357.12
2910376   3357      357.12
2910432   3357      357.12
2911765   3357      357.12
2912407   3357      357.12
2912692   3357      380.36
2913757   3357      357.12
2913809   3357      357.12
2915293   3357      357.12
2915714   3357      358.37
2915780   3357      357.12
2916102   3357      262.11
2916362   3357      358.37
2916467   3357      357.12
2916786   3357      357.12
2918280   3357      358.37
2992913   3357      357.12
3035349   3357      358.37
3080057   3357      380.36
3080311   3357      358.37
3080984   3357      522.24
3081351   3357      358.37
3082505   3357      429.94
3083006   3357      358.37
3083065   3357      357.12
3083457   3357      357.12
3083843   3357      357.12
3084868   3357      358.37
3084978   3357      357.12
3085009   3357      357.12
3085276   3357      357.84
3090485   3357      381.45
3156003   3357      407.36
3234299   3357      357.84
3245420   3357      358.37
3314884   3357      267.27
3315121   3357      357.12
3315781   3357      357.12
3317339   3357      380.44
3318589   3357      413.76
3318694   3357      431.61
3318719   3357      358.37
3320986   3357      358.37
3322128   3357      379.83
3322284   3357      357.12
3322381   3357      357.74
3324084   3357      498.14
3324110   3357      537.23
3324403   3357      380.36
3329806   3357      358.37
3353242   3357      407.36
3528540   3357      389.39
3533360   3357      457.49
3535445   3357      357.12
3535676   3357      358.37
3535838   3357      357.12
3538837   3357      388.80
3539352   3357      358.37
3541739   3357      358.37
3541975   3357      246.68
3542004   3357      102.88
3542015   3357      284.68
3554092   3357      357.74
3593839   3357      357.12
3598528   3357      358.37
3710064   3357      461.63
3759377   3357      357.12
3784066   3357      357.12
3784441   3357      397.87
3785251   3357      358.37
3792247   3357      358.37
3830110   3357      357.12
3855157   3357      246.66
3855577   3357      358.37
3856978   3357      357.12
3857004   3357      357.12
3857220   3357      358.38
3857667   3357      357.12
3857878   3357      357.74
3858323   3357      358.37
3858856   3357      102.88
3859230   3357      375.66
3864991   3357      416.27
3875055   3357      441.04
3877925   3357      549.27
3878006   3357      447.67
3963688   3357      424.51
3964093   3357      490.89
3964337   3357      357.12
3965704   3357      357.12
3969513   3357      359.68
4001934   3357      470.48
4064149   3357      384.80
4065177   3357      357.12
4065584   3357       96.70
4065648   3357      463.82
4066245   3357      357.12
4067118   3357      416.40
4067735   3357      412.93
4067795   3357      358.37
4068788   3357      357.12
4071074   3357      509.71
4071241   3357      421.93
4107436   3357       85.19
4191539   3357      357.12
4193094   3357      357.74
4194671   3357      385.82
4195654   3357      357.12
4199927   3357      246.68
4200911   3357      357.12
4238916   3357      357.12
430240    3357      357.12
4317775   3357      549.64
4373204   3357      565.36
4373479   3357      357.12
4375498   3357      380.36
4375998   3357      365.96
4376813   3357      391.98
4377201   3357      357.74
4378140   3357      357.12
4378236   3357      357.12
4378283   3357      357.12
4378759   3357      521.17
4379154   3357      357.12
4381341   3357      357.12
4381614   3357      407.63
4382400   3357      358.37
4383023   3357      102.88
4383200   3357      357.12
4385047   3357      358.37
4386936   3357      109.88
4387777   3357       85.19
4409485   3357      527.75
4409788   3357      357.12
4409789   3357      387.71
4414417   3357      405.62
4414541   3357      379.14
4414909   3357      358.37
4415675   3357      357.12
443869    3357      358.37
4609506   3357      384.20
4610129   3357      357.12
4720170   3357       85.19
4720923   3357       96.70
4721016   3357       85.19
4721639   3357      357.12
4722680   3357      357.12
4722814   3357      287.51
4723168   3357      357.12
4723276   3357      400.55
4723403   3357      357.12
4724433   3357      358.37
4725919   3357      102.88
4727740   3357       85.19
4728331   3357      357.12
4729448   3357      254.78
4730168   3357      550.00
4730490   3357      357.12
4730823   3357      538.50
4731322   3357      532.10
4731494   3357      388.29
4732090   3357      413.10
4732618   3357       85.19
4734527   3357       85.19
4734940   3357       85.19
4735505   3357      357.12
4738424   3357      358.37
4739546   3357      473.38
4739796   3357      102.88
4754833   3357      482.70
4803744   3357      603.90
4805842   3357       96.70
4827213   3357      403.61
4853128   3357      333.07
4882144   3357      268.36
5017295   3357       85.19
5022967   3357      357.74
5237805   3357       96.70
5238236   3357      357.12
5239261   3357      414.94
5240821   3357      357.12
5242545   3357      402.30
5244302   3357      407.36
5244483   3357       85.19
5244484   3357      388.29
5244765   3357      357.12
5245261   3357      102.88
5248926   3357      410.31
5248954   3357      377.29
5249259   3357       96.70
5249817   3357      102.88
5250965   3357      358.37
5251153   3357      456.72
5251214   3357      411.27
5252606   3357      102.88
5253930   3357      357.12
5254613   3357      464.45
5254952   3357      357.12
5255567   3357       96.70
5255641   3357      102.88
5257069   3357      375.87
5257175   3357      358.37
5257421   3357      109.88
5257727   3357       96.70
5257774   3357       96.70
5259121   3357      357.12
5259785   3357      357.12
5261116   3357       85.19
5261139   3357      445.58
5261250   3357      357.12
5261418   3357      368.31
5261643   3357      445.73
5263470   3357      400.01
5344986   3357       85.19
5435450   3357      401.13
5436619   3357      102.88
5436795   3357      275.25
5438690   3357      392.08
5439480   3357       96.70
5439865   3357      109.88
5458236   3357       85.19
5461455   3357      358.38
5605414   3357      456.11
5658043   3357      446.14
5688352   3357       96.70
5765952   3357       96.70
5779173   3357       96.70
5915261   3357      358.37
5921128   3357      538.87
5921800   3357       85.19
5923624   3357      102.88
5925143   3357      102.88
5925949   3357      246.68
5929492   3357       96.70
5935536   3357      102.88
5938630   3357      466.52
5938995   3357       96.70
6044716   3357       96.70
6125595   3357       85.19
6127630   3357      414.06
6238388   3357      117.67
6394853   3357      318.97
64800     3357      357.84
6537141   3357      357.12
6573443   3357      463.94
6573855   3357      109.88
6573893   3357       85.19
6575243   3357       85.19
6575301   3357       96.70
6584406   3357      357.12
6602322   3357       85.19
6634354   3357       96.70
6689708   3357       96.70
6690236   3357       96.70
6701343   3357       96.70
6701344   3357       96.70
6701453   3357       96.70
673822    3357      357.12
6841910   3357       85.19
7076647   3357       96.70
7211860   3357      102.88
7240399   3357       96.70
7300376   3357      392.08
7301470   3357      357.12
7305494   3357      358.37
7305781   3357      357.12
7308623   3357      419.46
7309317   3357       85.19
7309375   3357       85.19
7310425   3357      109.88
7310959   3357      358.37
7311233   3357      382.52
7311255   3357      463.08
7312149   3357      450.47
7313189   3357      357.12
7314050   3357       85.19
7314987   3357      109.88
7315048   3357      102.88
7315058   3357      433.31
7315331   3357       96.70
7316059   3357      109.88
7316139   3357      102.88
7316607   3357      488.74
7316959   3357      357.74
7317744   3357      357.12
7318041   3357      390.21
7319649   3357      102.88
7321787   3357       85.19
7322304   3357       85.19
7322780   3357       85.19
7322794   3357      504.06
7324725   3357      357.74
7325664   3357      355.07
7325721   3357      358.37
7325722   3357      520.75
7325778   3357      246.68
7328421   3357       85.19
7330948   3357       96.70
7331943   3357      655.76
7332202   3357      445.71
7332734   3357      358.37
7333145   3357      102.88
7333526   3357      445.71
7335642   3357       96.70
7337422   3357      350.79
7337778   3357       85.19
7338055   3357      109.88
7340200   3357      357.12
7340742   3357      379.83
7340989   3357      419.49
7342107   3357       85.19
7342680   3357      358.37
7343605   3357       85.19
7344290   3357       85.19
7344465   3357       85.19
7347856   3357      358.37
7348137   3357       85.19
7348986   3357      454.99
7349428   3357      117.67
7349843   3357       85.19
7350162   3357      366.86
7350273   3357       85.19
7351297   3357      308.73
7352317   3357       85.19
7353364   3357       85.19
7353377   3357       96.70
7354064   3357       85.19
7354848   3357      246.68
7355928   3357      357.12
7359478   3357      102.88
7360346   3357       85.19
7360517   3357       96.70
7363171   3357      341.90
7363652   3357       96.70
7365166   3357       96.70
7365545   3357       85.19
7367276   3357       85.19
7368710   3357       85.19
7369018   3357       96.70
7371154   3357       96.70
7372156   3357       85.19
7372973   3357      398.56
7373089   3357       85.19
7373215   3357      109.88
7374243   3357       85.19
7374616   3357      358.37
7377030   3357       85.19
7377579   3357       96.70
7379256   3357       85.19
7380616   3357       85.19
7381553   3357       96.70
7382148   3357      395.18
7382532   3357       85.19
7384964   3357       96.70
7387544   3357       96.70
7388038   3357       85.19
7388080   3357       96.70
7388125   3357      102.88
7388199   3357       85.19
7389581   3357       96.70
7391472   3357       85.19
7392153   3357      102.88
7393061   3357       85.19
7393144   3357       85.19
7395742   3357      246.66
7396051   3357       96.70
7398038   3357      317.86
7400031   3357       96.70
7401094   3357       96.70
7401380   3357       96.70
7401853   3357       85.19
7403123   3357       85.19
7403188   3357       85.19
7403563   3357       85.19
7406353   3357       96.70
7408531   3357       96.70
7409730   3357       85.19
7410177   3357      117.67
7412535   3357      102.88
7412738   3357       85.19
7415285   3357      117.67
7415448   3357       96.70
7416870   3357       85.19
7417289   3357       85.19
7417791   3357       96.70
7418898   3357       85.19
7418939   3357       96.70
7419340   3357       85.19
7419740   3357      439.55
7419800   3357       96.70
7419866   3357       85.19
7420316   3357       96.70
7420429   3357      102.88
7423108   3357      102.88
7423415   3357       96.70
7423444   3357      499.00
7425063   3357       85.19
7425430   3357       96.70
7425900   3357       85.19
7426046   3357       96.70
7427359   3357       85.19
7427520   3357       96.70
7429274   3357       96.70
7432253   3357      102.88
7434591   3357       96.70
7435158   3357       85.19
7436077   3357       85.19
7436996   3357       96.70
7437806   3357       85.19
7437808   3357       85.19
7438450   3357       96.70
7439597   3357      109.88
7439617   3357       96.70
7439629   3357       96.70
7440809   3357      268.34
7442445   3357       96.70
7444497   3357       85.19
7444651   3357      102.88
7444842   3357       96.70
7444889   3357      109.88
7445661   3357       85.19
7446382   3357      102.88
7446644   3357       96.70
7447067   3357       96.70
7447992   3357       85.19
7449457   3357       85.19
7455429   3357      470.74
7455588   3357       96.70
7461704   3357       96.70
7465820   3357       96.70
7465910   3357       96.70
7466779   3357      531.66
7466870   3357      501.46
7502836   3357      411.28
7548386   3357      337.41
7548420   3357      426.52
770342    3357      358.37
7917981   3357       96.70
7981510   3357      102.88
7982728   3357       85.19
7982865   3357      102.88
7983170   3357       85.19
7984159   3357       96.70
7985605   3357      283.86
7988969   3357      560.56
8054279   3357      387.73
8064487   3357      335.07
8069571   3357       96.70
8140450   3357      271.32
8594315   3357       96.70
8718789   3357       96.70
8734286   3357      102.88
9066082   3357      357.12
9100619   3357      560.56
9211039   3357       85.19
9261804   3357      102.88
9317884   3357      102.88
9433060   3357       96.70
9540404   3357      102.88
9540845   3357      109.88
9542018   3357      102.88
9542237   3357       85.19
9543174   3357       96.70
9543530   3357      454.83
9544179   3357       96.70
9544345   3357       85.19
9544429   3357      102.88
9544827   3357      102.88
9545198   3357      357.12
9545952   3357      455.61
9546474   3357       96.70
9547148   3357       85.19
9551389   3357       96.70
9552709   3357      388.16
9553039   3357      698.47
9553047   3357       85.19
9553149   3357       85.19
9555077   3357      388.90
9555609   3357       85.19
9555641   3357       96.70
9557148   3357      109.88
9557803   3357       85.19
9557875   3357       85.19
9557894   3357      451.14
9558628   3357       85.19
9560453   3357       85.19
9570736   3357      471.29
9572755   3357       96.70
9577605   3357      501.05
9601343   3357       96.70
9603154   3357       85.19
9603683   3357       96.70
9603870   3357      246.68
9604166   3357       85.19
9604592   3357      117.67
9607091   3357      357.12
9608547   3357       96.70
9609337   3357       85.19
9609338   3357       96.70
9612117   3357      561.21
9612530   3357      525.95
9612692   3357       96.70
9614364   3357       85.19
9615563   3357       96.70
9615964   3357       96.70
9617493   3357       85.19
9620242   3357      102.88
9620248   3357      109.88
9620376   3357       96.70
9620599   3357      102.88
9620701   3357       85.19
9620720   3357       85.19
9621777   3357       96.70
9622347   3357       96.70
9624370   3357      117.67
9624596   3357       85.19
9625361   3357       96.70
9625933   3357       96.70
9626082   3357       96.70
9626215   3357       85.19
9627150   3357      102.88
9627523   3357       96.70
9627724   3357       85.19
9629963   3357      102.88
9631462   3357      102.88
9634554   3357      512.58
9634674   3357       96.70
9636806   3357       85.19
9638320   3357       96.70
9639201   3357       85.19
9845319   3357       85.19
9846320   3357      102.88
9847068   3357       85.19
9847350   3357      542.99
9848693   3357       85.19
9850403   3357       96.70
9851111   3357       96.70
9851993   3357      504.01
