10107724  0357      272.57
10120357  0357      333.72
10121866  0357      595.22
10125466  0357      207.95
10126656  0357      222.48
10141786  0357      238.09
10312414  0357      207.95
10373550  0357      444.96
10639752  0357      207.95
10726693  0357      222.48
10760806  0357      207.95
10764554  0357      238.09
10770124  0357      222.48
10772668  0357      207.95
10774121  0357      238.09
10775520  0357      415.91
10776516  0357      272.57
10776915  0357      207.95
10777645  0357      333.72
10778464  0357      207.95
10779723  0357      374.18
10784623  0357      222.48
10820078  0357      238.09
10840266  0357      222.48
10841061  0357      207.95
10841823  0357      272.57
10842205  0357      222.48
10843324  0357      556.20
10844575  0357      545.15
10844947  0357      222.48
10845717  0357      207.95
10845943  0357      272.57
10846474  0357      222.48
10846532  0357      238.09
10846629  0357      222.48
10846940  0357      444.96
10846985  0357      222.48
10847648  0357      207.95
10848158  0357      449.29
10849906  0357      222.48
10849907  0357      238.09
10860593  0357      222.48
10903693  0357      207.95
10959957  0357      222.48
10960021  0357      222.48
10963442  0357      238.09
10963957  0357      238.09
10964062  0357      444.96
1108218   0357      284.16
1112379   0357      284.16
1115136   0357      380.51
11163187  0357      207.95
11177533  0357      207.95
11260715  0357      222.48
11261772  0357      272.57
11262378  0357      222.48
11263756  0357      207.95
11264465  0357      222.48
11264550  0357      207.95
11265496  0357      222.48
11265527  0357      238.09
11266390  0357      444.96
11267811  0357      415.91
11267932  0357      415.91
11268437  0357      272.57
11269196  0357      254.75
1129535   0357      284.16
11414487  0357      238.09
11425214  0357      222.48
11425449  0357      222.48
11426462  0357      207.95
11428034  0357      207.95
11428889  0357      556.20
11429539  0357      444.96
11429792  0357      207.95
11429991  0357      333.72
11430700  0357      222.48
11433167  0357      222.48
11433865  0357      444.96
11433968  0357      444.96
11434350  0357      222.48
11546168  0357      207.95
11580362  0357      238.09
11584952  0357      222.48
11586448  0357      222.48
11589730  0357      444.96
11594236  0357      272.57
11594524  0357      207.95
11596252  0357      222.48
11597667  0357      222.48
11598121  0357      207.95
11598207  0357      207.95
11598956  0357      207.95
11633896  0357      207.95
11645810  0357      222.48
11651035  0357      222.48
11651090  0357      222.48
11652405  0357      222.48
11653864  0357      222.48
11694358  0357      207.95
11694758  0357      222.48
11695394  0357      415.91
11749469  0357      222.48
11783201  0357      238.09
11783366  0357      272.57
11784637  0357      207.95
11786325  0357      272.57
11786432  0357      207.95
11787653  0357      444.96
11787807  0357      222.48
11788587  0357      476.17
11788630  0357      238.09
11790273  0357      222.48
11790818  0357      333.72
11791177  0357      222.48
11792127  0357      222.48
11792506  0357      207.95
11792846  0357      222.48
11878930  0357      222.48
11879419  0357      238.09
11879750  0357      272.57
11881224  0357      272.57
11881668  0357      519.89
11881669  0357      207.95
11882080  0357      207.95
11882720  0357      272.57
11883300  0357      444.96
11949766  0357      272.57
12011761  0357      545.15
12018571  0357      311.93
12018729  0357      207.95
12018852  0357      222.48
12019816  0357      207.95
12020535  0357      254.75
12021559  0357      238.09
12021966  0357      222.48
12022428  0357      238.09
12023306  0357      254.75
12023981  0357      333.72
12024178  0357      222.48
12024179  0357      222.48
12025294  0357      333.72
12025488  0357      207.95
12025491  0357      207.95
12026565  0357      222.48
12027093  0357      222.48
12027260  0357      392.93
12027527  0357      207.95
12027928  0357      207.95
12027973  0357      476.17
12080554  0357      222.48
12241212  0357      311.93
12242270  0357      222.48
12243077  0357      207.95
12244707  0357      207.95
12247738  0357      333.72
12248400  0357      519.89
12248755  0357      238.09
12248784  0357      415.91
12248960  0357      222.48
12249178  0357      272.57
12279667  0357      222.48
12314254  0357      636.89
1232375   0357      284.16
12369466  0357      222.48
12370670  0357      254.75
1239070   0357      284.16
12434895  0357      207.95
12435304  0357      222.48
12435757  0357      311.93
12435759  0357      556.20
12527456  0357      207.95
12534356  0357      222.48
12536172  0357      222.48
12536549  0357      254.75
1254062   0357      284.16
1257983   0357      284.16
1258658   0357      284.16
1261562   0357      284.16
1262953   0357      342.52
1263302   0357      284.16
1263303   0357      284.16
1263991   0357      284.16
1265436   0357      284.16
1266723   0357      201.67
12691465  0357      222.48
1269356   0357      568.32
12698409  0357      207.95
12698965  0357      207.95
12700553  0357      207.95
12701276  0357      222.48
12701301  0357      519.89
12702273  0357      207.95
12704473  0357      207.95
12704482  0357      476.17
12704649  0357      222.48
12704927  0357      222.48
12705860  0357      222.48
12706171  0357      222.48
12706774  0357      476.17
12707136  0357      222.48
1272390   0357      284.16
1273369   0357      284.16
1277938   0357      284.16
1278407   0357      284.16
12848719  0357      222.48
12849330  0357      254.75
12851330  0357      222.48
12852888  0357      222.48
12858616  0357      333.72
12878256  0357      222.48
12884972  0357      222.48
12934142  0357      207.95
12934525  0357      207.95
12935305  0357      222.48
12935606  0357      222.48
13032012  0357      415.91
13032033  0357      222.48
13034237  0357      222.48
13035222  0357      272.57
13084488  0357      207.95
13084886  0357      207.95
13180551  0357      222.48
1318484   0357      284.16
13187744  0357      444.96
13187816  0357      333.72
13188137  0357      207.95
13188604  0357      311.93
13264411  0357      222.48
13265462  0357      207.95
13265946  0357      333.72
13266369  0357      222.48
13268000  0357      415.91
13268185  0357      415.91
13268457  0357      207.95
13268537  0357      333.72
13343258  0357      207.95
13408041  0357      207.95
13510172  0357      207.95
13510180  0357      207.95
13519440  0357      207.95
13527636  0357      238.09
13566631  0357      272.57
13643981  0357      415.91
13643982  0357      311.93
13644051  0357      222.48
13644555  0357      519.89
13644665  0357      222.48
13644680  0357      595.22
13652653  0357      207.95
13674854  0357      238.09
13678214  0357      222.48
13678857  0357      207.95
13679940  0357      222.48
13724134  0357      333.72
13774187  0357      207.95
13774684  0357      222.48
13775452  0357      207.95
13775808  0357      207.95
13777181  0357      311.93
13785046  0357      207.95
13785661  0357      222.48
13785997  0357      207.95
13786181  0357      222.48
13787208  0357      222.48
13787741  0357      207.95
13842354  0357      222.48
13843775  0357      222.48
13856268  0357      222.48
13867427  0357      333.72
13868652  0357      222.48
13880177  0357      207.95
13880981  0357      222.48
13905892  0357      207.95
13986119  0357      222.48
13990906  0357      357.13
14003086  0357      207.95
14030527  0357      207.95
14031045  0357      222.48
14031497  0357      556.20
14093727  0357      333.72
14094806  0357      238.09
14143188  0357      207.95
14159223  0357      415.91
14176129  0357      222.48
14176671  0357      222.48
14270811  0357      519.89
14293118  0357      333.72
1431183   0357      284.16
14335445  0357      207.95
14335539  0357      222.48
14372299  0357      238.09
14372545  0357      207.95
14372818  0357      752.13
14376347  0357      222.48
14398946  0357      222.48
14399267  0357      311.93
14405196  0357      222.48
14405401  0357      222.48
14513487  0357      207.95
14590375  0357      207.95
14607589  0357      311.93
14648947  0357      222.48
14649126  0357      207.95
14825867  0357      222.48
14877620  0357      222.48
14877805  0357      238.09
14877859  0357      254.75
14879597  0357      444.96
14879704  0357      519.89
14880827  0357      238.09
14880972  0357      444.96
15170350  0357      207.95
15177340  0357      238.09
15177867  0357      415.91
15306151  0357      519.89
15306996  0357      207.95
15352095  0357      222.48
15444811  0357      238.09
15448608  0357      222.48
15597541  0357      207.95
15598043  0357      207.95
15598319  0357      222.48
15598510  0357      444.96
15598933  0357      207.95
15599928  0357      311.93
15668151  0357      444.96
15668851  0357      207.95
15690244  0357      207.95
15729233  0357      333.72
15729536  0357      519.89
15778630  0357      333.72
15885754  0357      207.95
15959808  0357      207.95
15961650  0357      207.95
16001576  0357      207.95
16137706  0357      207.95
16138119  0357      333.72
1631390   0357      341.37
16324090  0357      222.48
16385667  0357      207.95
16387437  0357      444.96
16594051  0357      207.95
16641426  0357      207.95
16736267  0357      222.48
16770549  0357      222.48
16788972  0357      444.96
16796439  0357      415.91
17011869  0357      444.96
17012587  0357      556.20
17019549  0357      222.48
17033230  0357      207.95
17033256  0357      207.95
17104175  0357      222.48
17104709  0357      222.48
17306742  0357      207.95
1737075   0357      284.16
17379215  0357      311.93
17380736  0357      207.95
17572385  0357      444.96
17574055  0357      207.95
17626132  0357      415.91
1763812   0357      342.52
1764349   0357      284.16
1765295   0357      568.32
1769938   0357      284.16
17727473  0357      207.95
17859806  0357      207.95
17859921  0357      415.91
17872590  0357      222.48
17942640  0357      222.48
17965237  0357      333.72
18054647  0357      222.48
18058393  0357      207.95
18059918  0357      222.48
18263579  0357      222.48
18263756  0357      222.48
1834693   0357      201.67
18421508  0357      207.95
18422439  0357      444.96
18471327  0357      222.48
18618969  0357      207.95
18655916  0357      222.48
18656459  0357      333.72
18785684  0357      207.95
18928116  0357      207.95
18950730  0357      207.95
1906129   0357      284.16
19166206  0357      519.89
19262723  0357      222.48
1926999   0357      284.16
19324610  0357      444.96
19424156  0357      444.96
19431369  0357      222.48
19827450  0357      207.95
19850185  0357      519.89
19886649  0357      556.20
19973112  0357      222.48
20046577  0357      415.91
20046584  0357      415.91
20187870  0357      415.91
20189202  0357      254.75
20235584  0357      415.91
2030572   0357      284.16
2033664   0357      306.98
20348834  0357      311.93
20351464  0357      444.96
2101693   0357      346.24
21140944  0357      311.93
2130876   0357      284.16
2157417   0357      767.45
2186056   0357      284.16
2189077   0357      284.16
2196831   0357      284.16
2198274   0357      285.50
2198799   0357      284.16
22326349  0357      207.95
2272067   0357      284.16
23156662  0357      284.16
2376223   0357      314.18
2380275   0357      284.16
2384661   0357      284.16
2529886   0357      284.16
2532585   0357      284.16
2533320   0357      284.16
2534786   0357      212.07
2535843   0357      284.16
2536373   0357      284.16
2536795   0357      284.16
2539607   0357      284.16
2539943   0357      284.16
2541142   0357      284.16
2541439   0357      399.31
2541709   0357      284.16
2543654   0357      284.16
2543813   0357      284.16
2543932   0357      284.16
2592064   0357      284.16
2592966   0357      309.14
2593377   0357      284.16
2593686   0357      284.16
2596405   0357      348.62
2597854   0357      284.16
2598033   0357      284.16
2598733   0357      284.16
2598872   0357      284.16
2601437   0357      284.16
2603046   0357      284.16
2605117   0357      284.16
2605164   0357      284.16
2605823   0357      201.66
2607322   0357      306.03
2608233   0357      298.54
2608304   0357      284.16
2608554   0357      284.16
2684589   0357      284.16
2741170   0357      306.32
2854705   0357      284.16
2870837   0357      284.16
2910376   0357      284.16
2910432   0357      284.16
2911765   0357      284.16
2912407   0357      284.16
2912692   0357      306.98
2913757   0357      284.16
2913809   0357      284.16
2915293   0357      284.16
2915714   0357      284.16
2915780   0357      284.16
2916102   0357      212.07
2916362   0357      284.16
2916467   0357      284.16
2916786   0357      284.16
2918280   0357      710.40
2992913   0357      284.16
3035349   0357      284.16
3080057   0357      460.47
3080311   0357      284.16
3080984   0357      405.38
3081351   0357      284.16
3082505   0357      346.50
3083006   0357      284.16
3083065   0357      284.16
3083457   0357      284.16
3083843   0357      284.16
3084868   0357      284.16
3084978   0357      284.16
3085009   0357      284.16
3085276   0357      284.72
3090485   0357      302.45
3156003   0357      329.49
3234299   0357      284.72
3245420   0357      284.16
3314884   0357      218.08
3315121   0357      284.16
3315781   0357      284.16
3317339   0357      302.75
3318589   0357      328.06
3318694   0357      353.97
3318719   0357      284.16
3320986   0357      284.16
3322128   0357      305.42
3322284   0357      284.16
3322381   0357      284.16
3324084   0357      394.93
3324110   0357      438.51
3324403   0357      306.98
3329806   0357      284.16
3353242   0357      326.15
3528540   0357      308.74
3533360   0357      374.60
3535445   0357      284.16
3535676   0357      284.16
3535838   0357      284.16
3538837   0357      308.28
3539352   0357      284.16
3541739   0357      284.16
3541975   0357      201.68
3542004   0357      238.09
3542015   0357      233.19
3554092   0357      284.16
3593839   0357      284.16
3598528   0357      284.16
3710064   0357      367.47
3759377   0357      284.16
3784066   0357      284.16
3784441   0357      315.96
3785251   0357      284.16
3792247   0357      284.16
3830110   0357      284.16
3855157   0357      201.66
3855577   0357      284.16
3856978   0357      284.16
3857004   0357      284.16
3857220   0357      284.17
3857667   0357      284.16
3857878   0357      284.16
3858323   0357      568.32
3858856   0357      238.09
3859230   0357      446.80
3864991   0357      342.77
3875055   0357      349.68
3877925   0357      871.88
3878006   0357      342.89
3963688   0357      345.11
3964093   0357      389.18
3964337   0357      284.16
3965704   0357      284.16
3969513   0357      286.20
4001934   0357      384.16
4064149   0357      313.89
4065177   0357      284.16
4065584   0357      222.48
4065648   0357      369.22
4066245   0357      284.16
4067118   0357      341.57
4067735   0357      328.65
4067795   0357      284.16
4068788   0357      284.16
4071074   0357      405.53
4071241   0357      348.11
4107436   0357      207.95
4191539   0357      284.16
4193094   0357      710.40
4194671   0357      305.92
4195654   0357      284.16
4199927   0357      200.37
4200911   0357      284.16
4238916   0357      284.16
430240    0357      284.16
4317775   0357      436.24
4373204   0357      448.69
4373479   0357      284.16
4375498   0357      306.98
4375998   0357      292.81
4376813   0357      311.95
4377201   0357      284.16
4378140   0357      284.16
4378236   0357      284.16
4378283   0357      284.16
4378759   0357      413.67
4379154   0357      284.16
4381341   0357      284.16
4381614   0357      317.14
4382400   0357      426.24
4383023   0357      238.09
4383200   0357      284.16
4385047   0357      284.16
4386936   0357      254.75
4387777   0357      519.89
4409485   0357      391.87
4409788   0357      284.16
4409789   0357      617.09
4414417   0357      322.83
4414541   0357      305.35
4414909   0357      284.16
4415675   0357      284.16
443869    0357      284.16
4609506   0357      305.12
4610129   0357      284.16
4720170   0357      311.93
4720923   0357      222.48
4721016   0357      207.95
4721639   0357      284.16
4722680   0357      284.16
4722814   0357      239.59
4723168   0357      284.16
4723276   0357      318.79
4723403   0357      284.16
4724433   0357      284.16
4725919   0357      476.17
4727740   0357      207.95
4728331   0357      284.16
4729448   0357      208.14
4730168   0357      436.52
4730490   0357      284.16
4730823   0357      444.92
4731322   0357      422.34
4731494   0357      314.41
4732090   0357      338.29
4732618   0357      207.95
4734527   0357      207.95
4734940   0357      207.95
4735505   0357      284.16
4738424   0357      284.16
4739546   0357      375.31
4739796   0357      238.09
4754833   0357      383.19
4803744   0357      479.24
4805842   0357      222.48
4827213   0357      328.00
4853128   0357      264.09
4882144   0357      217.99
5017295   0357      207.95
5022967   0357      284.16
5237805   0357      222.48
5238236   0357      284.16
5239261   0357      341.44
5240821   0357      284.16
5242545   0357      328.84
5244302   0357      327.85
5244483   0357      207.95
5244484   0357      314.41
5244765   0357      284.16
5245261   0357      238.09
5248926   0357      326.56
5248954   0357      304.26
5249259   0357      222.48
5249817   0357      238.09
5250965   0357      284.16
5251153   0357      365.87
5251214   0357      537.18
5252606   0357      476.17
5253930   0357      284.16
5254613   0357      369.72
5254952   0357      284.16
5255567   0357      222.48
5255641   0357      238.09
5257069   0357      299.11
5257175   0357      284.16
5257421   0357      254.75
5257727   0357      556.20
5257774   0357      222.48
5259121   0357      284.16
5259785   0357      284.16
5261116   0357      207.95
5261139   0357      353.28
5261250   0357      284.16
5261418   0357      293.08
5261643   0357      354.80
5263470   0357      326.74
5344986   0357      207.95
5435450   0357      319.24
5436619   0357      238.09
5436795   0357      224.44
5438690   0357      312.03
5439480   0357      222.48
5439865   0357      636.89
5458236   0357      207.95
5461455   0357      284.17
5605414   0357      723.25
5658043   0357      353.72
5688352   0357      222.48
5765952   0357      222.48
5779173   0357      222.48
5915261   0357      284.16
5921128   0357      442.47
5921800   0357      207.95
5923624   0357      238.09
5925143   0357      238.09
5925949   0357      201.67
5929492   0357      222.48
5935536   0357      595.22
5938630   0357      369.87
5938995   0357      222.48
6044716   0357      333.72
6125595   0357      519.89
6127630   0357      329.56
6238388   0357      272.57
6394853   0357      259.30
64800     0357      284.72
6537141   0357      284.16
6573443   0357      367.82
6573855   0357      254.75
6573893   0357      207.95
6575243   0357      207.95
6575301   0357      222.48
6584406   0357      710.40
6602322   0357      207.95
6634354   0357      222.48
6689708   0357      222.48
6690236   0357      222.48
6701343   0357      222.48
6701344   0357      222.48
6701453   0357      222.48
673822    0357      284.16
6841910   0357      207.95
7076647   0357      222.48
7211860   0357      238.09
7240399   0357      222.48
7300376   0357      312.03
7301470   0357      284.16
7305494   0357      284.16
7305781   0357      284.16
7308623   0357      332.57
7309317   0357      207.95
7309375   0357      207.95
7310425   0357      254.75
7310959   0357      284.16
7311233   0357      303.30
7311255   0357      368.63
7312149   0357      357.15
7313189   0357      284.16
7314050   0357      207.95
7314987   0357      254.75
7315048   0357      238.09
7315058   0357      840.61
7315331   0357      222.48
7316059   0357      254.75
7316139   0357      238.09
7316607   0357      399.31
7316959   0357      568.32
7317744   0357      568.32
7318041   0357      315.71
7319649   0357      476.17
7321787   0357      207.95
7322304   0357      207.95
7322780   0357      207.95
7322794   0357      401.30
7324725   0357      284.16
7325664   0357      284.27
7325721   0357      284.16
7325722   0357      412.84
7325778   0357      201.36
7328421   0357      207.95
7330948   0357      222.48
7331943   0357      522.22
7332202   0357      342.10
7332734   0357      426.24
7333145   0357      238.09
7333526   0357      684.20
7335642   0357      222.48
7337422   0357      282.34
7337778   0357      207.95
7338055   0357      254.75
7340200   0357      284.16
7340742   0357      305.42
7340989   0357      333.88
7342107   0357      207.95
7342680   0357      284.16
7343605   0357      207.95
7344290   0357      207.95
7344465   0357      415.91
7347856   0357      284.16
7348137   0357      207.95
7348986   0357      352.11
7349428   0357      681.44
7349843   0357      207.95
7350162   0357      291.93
7350273   0357      207.95
7351297   0357      248.05
7352317   0357      207.95
7353364   0357      415.91
7353377   0357      222.48
7354064   0357      207.95
7354848   0357      201.36
7355928   0357      284.16
7359478   0357      238.09
7360346   0357      207.95
7360517   0357      222.48
7363171   0357      276.62
7363652   0357      222.48
7365166   0357      222.48
7365545   0357      207.95
7367276   0357      207.95
7368710   0357      415.91
7369018   0357      222.48
7371154   0357      222.48
7372156   0357      207.95
7372973   0357      328.79
7373089   0357      207.95
7373215   0357      254.75
7374243   0357      207.95
7374616   0357      284.16
7377030   0357      207.95
7377579   0357      222.48
7379256   0357      415.91
7380616   0357      207.95
7381553   0357      222.48
7382148   0357      313.83
7382532   0357      207.95
7384964   0357      222.48
7387544   0357      444.96
7388038   0357      207.95
7388080   0357      222.48
7388125   0357      238.09
7388199   0357      311.93
7389581   0357      222.48
7391472   0357      207.95
7392153   0357      595.22
7393061   0357      207.95
7393144   0357      415.91
7395742   0357      201.66
7396051   0357      333.72
7398038   0357      259.69
7400031   0357      222.48
7401094   0357      222.48
7401380   0357      222.48
7401853   0357      207.95
7403123   0357      207.95
7403188   0357      207.95
7403563   0357      207.95
7406353   0357      222.48
7408531   0357      222.48
7409730   0357      207.95
7410177   0357      272.57
7412535   0357      238.09
7412738   0357      207.95
7415285   0357      272.57
7415448   0357      222.48
7416870   0357      207.95
7417289   0357      415.91
7417791   0357      444.96
7418898   0357      207.95
7418939   0357      222.48
7419340   0357      207.95
7419740   0357      349.87
7419800   0357      222.48
7419866   0357      519.89
7420316   0357      222.48
7420429   0357      238.09
7423108   0357      238.09
7423415   0357      222.48
7423444   0357      381.85
7425063   0357      207.95
7425430   0357      222.48
7425900   0357      207.95
7426046   0357      222.48
7427359   0357      207.95
7427520   0357      222.48
7429274   0357      222.48
7432253   0357      238.09
7434591   0357      556.20
7435158   0357      519.89
7436077   0357      415.91
7436996   0357      222.48
7437806   0357      207.95
7437808   0357      207.95
7438450   0357      222.48
7439597   0357      509.51
7439617   0357      222.48
7439629   0357      222.48
7440809   0357      220.66
7442445   0357      222.48
7444497   0357      311.93
7444651   0357      238.09
7444842   0357      222.48
7444889   0357      509.51
7445661   0357      207.95
7446382   0357      238.09
7446644   0357      222.48
7447067   0357      556.20
7447992   0357      207.95
7449457   0357      207.95
7455429   0357      373.21
7455588   0357      222.48
7461704   0357      222.48
7465820   0357      556.20
7465910   0357      222.48
7466779   0357      439.46
7466870   0357      397.56
7502836   0357      337.19
7548386   0357      268.57
7548420   0357      335.76
770342    0357      284.16
7917981   0357      222.48
7981510   0357      238.09
7982728   0357      207.95
7982865   0357      238.09
7983170   0357      207.95
7984159   0357      222.48
7985605   0357      236.85
7988969   0357      444.39
8054279   0357      308.56
8064487   0357      539.76
8069571   0357      222.48
8140450   0357      220.00
8594315   0357      222.48
8718789   0357      444.96
8734286   0357      238.09
9066082   0357      284.16
9100619   0357      444.39
9211039   0357      207.95
9261804   0357      238.09
9317884   0357      476.17
9433060   0357      222.48
9540404   0357      238.09
9540845   0357      382.13
9542018   0357      238.09
9542237   0357      207.95
9543174   0357      222.48
9543530   0357      374.58
9544179   0357      222.48
9544345   0357      207.95
9544429   0357      238.09
9544827   0357      238.09
9545198   0357      284.16
9545952   0357      362.68
9546474   0357      222.48
9547148   0357      207.95
9551389   0357      222.48
9552709   0357      309.02
9553039   0357      553.69
9553047   0357      207.95
9553149   0357      207.95
9555077   0357      315.67
9555609   0357      207.95
9555641   0357      222.48
9557148   0357      509.51
9557803   0357      207.95
9557875   0357      207.95
9557894   0357      366.11
9558628   0357      207.95
9560453   0357      207.95
9570736   0357      373.65
9572755   0357      222.48
9577605   0357      397.23
9601343   0357      556.20
9603154   0357      207.95
9603683   0357      222.48
9603870   0357      201.68
9604166   0357      207.95
9604592   0357      408.86
9607091   0357      284.16
9608547   0357      222.48
9609337   0357      207.95
9609338   0357      444.96
9612117   0357      445.27
9612530   0357     1042.42
9612692   0357      222.48
9614364   0357      415.91
9615563   0357      222.48
9615964   0357      222.48
9617493   0357      415.91
9620242   0357      476.17
9620248   0357      509.51
9620376   0357      222.48
9620599   0357      238.09
9620701   0357      207.95
9620720   0357      207.95
9621777   0357      222.48
9622347   0357      222.48
9624370   0357      272.57
9624596   0357      207.95
9625361   0357      222.48
9625933   0357      444.96
9626082   0357      222.48
9626215   0357      207.95
9627150   0357      595.22
9627523   0357      444.96
9627724   0357      207.95
9629963   0357      238.09
9631462   0357      238.09
9634554   0357      391.56
9634674   0357      222.48
9636806   0357      207.95
9638320   0357      222.48
9639201   0357      207.95
9845319   0357      207.95
9846320   0357      238.09
9847068   0357      207.95
9847350   0357      430.48
9848693   0357      207.95
9850403   0357      222.48
9851111   0357      222.48
9851993   0357      385.98
10107724  3357      272.57
10120357  3357      222.48
10121866  3357      238.09
10125466  3357      207.95
10126656  3357      222.48
10141786  3357      238.09
10312414  3357      207.95
10373550  3357      222.48
10639752  3357      207.95
10726693  3357      222.48
10760806  3357      207.95
10764554  3357      238.09
10770124  3357      222.48
10772668  3357      207.95
10774121  3357      238.09
10775520  3357      207.95
10776516  3357      272.57
10776915  3357      207.95
10777645  3357      222.48
10778464  3357      207.95
10779723  3357      374.18
10784623  3357      222.48
10820078  3357      238.09
10840266  3357      222.48
10841061  3357      207.95
10841823  3357      272.57
10842205  3357      222.48
10843324  3357      222.48
10844575  3357      272.57
10844947  3357      222.48
10845717  3357      207.95
10845943  3357      272.57
10846474  3357      222.48
10846532  3357      238.09
10846629  3357      222.48
10846940  3357      222.48
10846985  3357      222.48
10847648  3357      207.95
10848158  3357      449.29
10849906  3357      222.48
10849907  3357      238.09
10860593  3357      222.48
10903693  3357      207.95
10959957  3357      222.48
10960021  3357      222.48
10963442  3357      238.09
10963957  3357      238.09
10964062  3357      222.48
1108218   3357      284.16
1112379   3357      284.16
1115136   3357      380.51
11163187  3357      207.95
11177533  3357      207.95
11260715  3357      222.48
11261772  3357      272.57
11262378  3357      222.48
11263756  3357      207.95
11264465  3357      222.48
11264550  3357      207.95
11265496  3357      222.48
11265527  3357      238.09
11266390  3357      222.48
11267811  3357      207.95
11267932  3357      207.95
11268437  3357      272.57
11269196  3357      254.75
1129535   3357      284.16
11414487  3357      238.09
11425214  3357      222.48
11425449  3357      222.48
11426462  3357      207.95
11428034  3357      207.95
11428889  3357      222.48
11429539  3357      222.48
11429792  3357      207.95
11429991  3357      222.48
11430700  3357      222.48
11433167  3357      222.48
11433865  3357      222.48
11433968  3357      222.48
11434350  3357      222.48
11546168  3357      207.95
11580362  3357      238.09
11584952  3357      222.48
11586448  3357      222.48
11589730  3357      222.48
11594236  3357      272.57
11594524  3357      207.95
11596252  3357      222.48
11597667  3357      222.48
11598121  3357      207.95
11598207  3357      207.95
11598956  3357      207.95
11633896  3357      207.95
11645810  3357      222.48
11651035  3357      222.48
11651090  3357      222.48
11652405  3357      222.48
11653864  3357      222.48
11694358  3357      207.95
11694758  3357      222.48
11695394  3357      207.95
11749469  3357      222.48
11783201  3357      238.09
11783366  3357      272.57
11784637  3357      207.95
11786325  3357      272.57
11786432  3357      207.95
11787653  3357      222.48
11787807  3357      222.48
11788587  3357      238.09
11788630  3357      238.09
11790273  3357      222.48
11790818  3357      222.48
11791177  3357      222.48
11792127  3357      222.48
11792506  3357      207.95
11792846  3357      222.48
11878930  3357      222.48
11879419  3357      238.09
11879750  3357      272.57
11881224  3357      272.57
11881668  3357      207.95
11881669  3357      207.95
11882080  3357      207.95
11882720  3357      272.57
11883300  3357      222.48
11949766  3357      272.57
12011761  3357      272.57
12018571  3357      207.95
12018729  3357      207.95
12018852  3357      222.48
12019816  3357      207.95
12020535  3357      254.75
12021559  3357      238.09
12021966  3357      222.48
12022428  3357      238.09
12023306  3357      254.75
12023981  3357      222.48
12024178  3357      222.48
12024179  3357      222.48
12025294  3357      222.48
12025488  3357      207.95
12025491  3357      207.95
12026565  3357      222.48
12027093  3357      222.48
12027260  3357      392.93
12027527  3357      207.95
12027928  3357      207.95
12027973  3357      238.09
12080554  3357      222.48
12241212  3357      207.95
12242270  3357      222.48
12243077  3357      207.95
12244707  3357      207.95
12247738  3357      222.48
12248400  3357      207.95
12248755  3357      238.09
12248784  3357      207.95
12248960  3357      222.48
12249178  3357      272.57
12279667  3357      222.48
12314254  3357      254.75
1232375   3357      284.16
12369466  3357      222.48
12370670  3357      254.75
1239070   3357      284.16
12434895  3357      207.95
12435304  3357      222.48
12435757  3357      207.95
12435759  3357      222.48
12527456  3357      207.95
12534356  3357      222.48
12536172  3357      222.48
12536549  3357      254.75
1254062   3357      284.16
1257983   3357      284.16
1258658   3357      284.16
1261562   3357      284.16
1262953   3357      342.52
1263302   3357      284.16
1263303   3357      284.16
1263991   3357      284.16
1265436   3357      284.16
1266723   3357      201.67
12691465  3357      222.48
1269356   3357      284.16
12698409  3357      207.95
12698965  3357      207.95
12700553  3357      207.95
12701276  3357      222.48
12701301  3357      207.95
12702273  3357      207.95
12704473  3357      207.95
12704482  3357      238.09
12704649  3357      222.48
12704927  3357      222.48
12705860  3357      222.48
12706171  3357      222.48
12706774  3357      238.09
12707136  3357      222.48
1272390   3357      284.16
1273369   3357      284.16
1277938   3357      284.16
1278407   3357      284.16
12848719  3357      222.48
12849330  3357      254.75
12851330  3357      222.48
12852888  3357      222.48
12858616  3357      222.48
12878256  3357      222.48
12884972  3357      222.48
12934142  3357      207.95
12934525  3357      207.95
12935305  3357      222.48
12935606  3357      222.48
13032012  3357      207.95
13032033  3357      222.48
13034237  3357      222.48
13035222  3357      272.57
13084488  3357      207.95
13084886  3357      207.95
13180551  3357      222.48
1318484   3357      284.16
13187744  3357      222.48
13187816  3357      222.48
13188137  3357      207.95
13188604  3357      207.95
13264411  3357      222.48
13265462  3357      207.95
13265946  3357      222.48
13266369  3357      222.48
13268000  3357      207.95
13268185  3357      207.95
13268457  3357      207.95
13268537  3357      222.48
13343258  3357      207.95
13408041  3357      207.95
13510172  3357      207.95
13510180  3357      207.95
13519440  3357      207.95
13527636  3357      238.09
13566631  3357      272.57
13643981  3357      207.95
13643982  3357      207.95
13644051  3357      222.48
13644555  3357      207.95
13644665  3357      222.48
13644680  3357      238.09
13652653  3357      207.95
13674854  3357      238.09
13678214  3357      222.48
13678857  3357      207.95
13679940  3357      222.48
13724134  3357      222.48
13774187  3357      207.95
13774684  3357      222.48
13775452  3357      207.95
13775808  3357      207.95
13777181  3357      207.95
13785046  3357      207.95
13785661  3357      222.48
13785997  3357      207.95
13786181  3357      222.48
13787208  3357      222.48
13787741  3357      207.95
13842354  3357      222.48
13843775  3357      222.48
13856268  3357      222.48
13867427  3357      222.48
13868652  3357      222.48
13880177  3357      207.95
13880981  3357      222.48
13905892  3357      207.95
13986119  3357      222.48
13990906  3357      238.09
14003086  3357      207.95
14030527  3357      207.95
14031045  3357      222.48
14031497  3357      222.48
14093727  3357      222.48
14094806  3357      238.09
14143188  3357      207.95
14159223  3357      207.95
14176129  3357      222.48
14176671  3357      222.48
14270811  3357      207.95
14293118  3357      222.48
1431183   3357      284.16
14335445  3357      207.95
14335539  3357      222.48
14372299  3357      238.09
14372545  3357      207.95
14372818  3357      300.85
14376347  3357      222.48
14398946  3357      222.48
14399267  3357      207.95
14405196  3357      222.48
14405401  3357      222.48
14513487  3357      207.95
14590375  3357      207.95
14607589  3357      207.95
14648947  3357      222.48
14649126  3357      207.95
14825867  3357      222.48
14877620  3357      222.48
14877805  3357      238.09
14877859  3357      254.75
14879597  3357      222.48
14879704  3357      207.95
14880827  3357      238.09
14880972  3357      222.48
15170350  3357      207.95
15177340  3357      238.09
15177867  3357      207.95
15306151  3357      207.95
15306996  3357      207.95
15352095  3357      222.48
15444811  3357      238.09
15448608  3357      222.48
15597541  3357      207.95
15598043  3357      207.95
15598319  3357      222.48
15598510  3357      222.48
15598933  3357      207.95
15599928  3357      207.95
15668151  3357      222.48
15668851  3357      207.95
15690244  3357      207.95
15729233  3357      222.48
15729536  3357      207.95
15778630  3357      222.48
15885754  3357      207.95
15959808  3357      207.95
15961650  3357      207.95
16001576  3357      207.95
16137706  3357      207.95
16138119  3357      222.48
1631390   3357      341.37
16324090  3357      222.48
16385667  3357      207.95
16387437  3357      222.48
16594051  3357      207.95
16641426  3357      207.95
16736267  3357      222.48
16770549  3357      222.48
16788972  3357      222.48
16796439  3357      207.95
17011869  3357      222.48
17012587  3357      222.48
17019549  3357      222.48
17033230  3357      207.95
17033256  3357      207.95
17104175  3357      222.48
17104709  3357      222.48
17306742  3357      207.95
1737075   3357      284.16
17379215  3357      207.95
17380736  3357      207.95
17572385  3357      222.48
17574055  3357      207.95
17626132  3357      207.95
1763812   3357      342.52
1764349   3357      284.16
1765295   3357      284.16
1769938   3357      284.16
17727473  3357      207.95
17859806  3357      207.95
17859921  3357      207.95
17872590  3357      222.48
17942640  3357      222.48
17965237  3357      222.48
18054647  3357      222.48
18058393  3357      207.95
18059918  3357      222.48
18263579  3357      222.48
18263756  3357      222.48
1834693   3357      201.67
18421508  3357      207.95
18422439  3357      222.48
18471327  3357      222.48
18618969  3357      207.95
18655916  3357      222.48
18656459  3357      222.48
18785684  3357      207.95
18928116  3357      207.95
18950730  3357      207.95
1906129   3357      284.16
19166206  3357      207.95
19262723  3357      222.48
1926999   3357      284.16
19324610  3357      222.48
19424156  3357      222.48
19431369  3357      222.48
19827450  3357      207.95
19850185  3357      207.95
19886649  3357      222.48
19973112  3357      222.48
20046577  3357      207.95
20046584  3357      207.95
20187870  3357      207.95
20189202  3357      254.75
20235584  3357      207.95
2030572   3357      284.16
2033664   3357      306.98
20348834  3357      207.95
20351464  3357      222.48
2101693   3357      346.24
21140944  3357      207.95
2130876   3357      284.16
2157417   3357      306.98
2186056   3357      284.16
2189077   3357      284.16
2196831   3357      284.16
2198274   3357      285.50
2198799   3357      284.16
22326349  3357      207.95
2272067   3357      284.16
23156662  3357      284.16
2376223   3357      314.18
2380275   3357      284.16
2384661   3357      284.16
2529886   3357      284.16
2532585   3357      284.16
2533320   3357      284.16
2534786   3357      212.07
2535843   3357      284.16
2536373   3357      284.16
2536795   3357      284.16
2539607   3357      284.16
2539943   3357      284.16
2541142   3357      284.16
2541439   3357      399.31
2541709   3357      284.16
2543654   3357      284.16
2543813   3357      284.16
2543932   3357      284.16
2592064   3357      284.16
2592966   3357      309.14
2593377   3357      284.16
2593686   3357      284.16
2596405   3357      348.62
2597854   3357      284.16
2598033   3357      284.16
2598733   3357      284.16
2598872   3357      284.16
2601437   3357      284.16
2603046   3357      284.16
2605117   3357      284.16
2605164   3357      284.16
2605823   3357      201.66
2607322   3357      306.03
2608233   3357      298.54
2608304   3357      284.16
2608554   3357      284.16
2684589   3357      284.16
2741170   3357      306.32
2854705   3357      284.16
2870837   3357      284.16
2910376   3357      284.16
2910432   3357      284.16
2911765   3357      284.16
2912407   3357      284.16
2912692   3357      306.98
2913757   3357      284.16
2913809   3357      284.16
2915293   3357      284.16
2915714   3357      284.16
2915780   3357      284.16
2916102   3357      212.07
2916362   3357      284.16
2916467   3357      284.16
2916786   3357      284.16
2918280   3357      284.16
2992913   3357      284.16
3035349   3357      284.16
3080057   3357      306.98
3080311   3357      284.16
3080984   3357      405.38
3081351   3357      284.16
3082505   3357      346.50
3083006   3357      284.16
3083065   3357      284.16
3083457   3357      284.16
3083843   3357      284.16
3084868   3357      284.16
3084978   3357      284.16
3085009   3357      284.16
3085276   3357      284.72
3090485   3357      302.45
3156003   3357      329.49
3234299   3357      284.72
3245420   3357      284.16
3314884   3357      218.08
3315121   3357      284.16
3315781   3357      284.16
3317339   3357      302.75
3318589   3357      328.06
3318694   3357      353.97
3318719   3357      284.16
3320986   3357      284.16
3322128   3357      305.42
3322284   3357      284.16
3322381   3357      284.16
3324084   3357      394.93
3324110   3357      438.51
3324403   3357      306.98
3329806   3357      284.16
3353242   3357      326.15
3528540   3357      308.74
3533360   3357      374.60
3535445   3357      284.16
3535676   3357      284.16
3535838   3357      284.16
3538837   3357      308.28
3539352   3357      284.16
3541739   3357      284.16
3541975   3357      201.68
3542004   3357      238.09
3542015   3357      233.19
3554092   3357      284.16
3593839   3357      284.16
3598528   3357      284.16
3710064   3357      367.47
3759377   3357      284.16
3784066   3357      284.16
3784441   3357      315.96
3785251   3357      284.16
3792247   3357      284.16
3830110   3357      284.16
3855157   3357      201.66
3855577   3357      284.16
3856978   3357      284.16
3857004   3357      284.16
3857220   3357      284.17
3857667   3357      284.16
3857878   3357      284.16
3858323   3357      284.16
3858856   3357      238.09
3859230   3357      297.86
3864991   3357      342.77
3875055   3357      349.68
3877925   3357      435.94
3878006   3357      342.89
3963688   3357      345.11
3964093   3357      389.18
3964337   3357      284.16
3965704   3357      284.16
3969513   3357      286.20
4001934   3357      384.16
4064149   3357      313.89
4065177   3357      284.16
4065584   3357      222.48
4065648   3357      369.22
4066245   3357      284.16
4067118   3357      341.57
4067735   3357      328.65
4067795   3357      284.16
4068788   3357      284.16
4071074   3357      405.53
4071241   3357      348.11
4107436   3357      207.95
4191539   3357      284.16
4193094   3357      284.16
4194671   3357      305.92
4195654   3357      284.16
4199927   3357      200.37
4200911   3357      284.16
4238916   3357      284.16
430240    3357      284.16
4317775   3357      436.24
4373204   3357      448.69
4373479   3357      284.16
4375498   3357      306.98
4375998   3357      292.81
4376813   3357      311.95
4377201   3357      284.16
4378140   3357      284.16
4378236   3357      284.16
4378283   3357      284.16
4378759   3357      413.67
4379154   3357      284.16
4381341   3357      284.16
4381614   3357      317.14
4382400   3357      284.16
4383023   3357      238.09
4383200   3357      284.16
4385047   3357      284.16
4386936   3357      254.75
4387777   3357      207.95
4409485   3357      391.87
4409788   3357      284.16
4409789   3357      308.55
4414417   3357      322.83
4414541   3357      305.35
4414909   3357      284.16
4415675   3357      284.16
443869    3357      284.16
4609506   3357      305.12
4610129   3357      284.16
4720170   3357      207.95
4720923   3357      222.48
4721016   3357      207.95
4721639   3357      284.16
4722680   3357      284.16
4722814   3357      239.59
4723168   3357      284.16
4723276   3357      318.79
4723403   3357      284.16
4724433   3357      284.16
4725919   3357      238.09
4727740   3357      207.95
4728331   3357      284.16
4729448   3357      208.14
4730168   3357      436.52
4730490   3357      284.16
4730823   3357      444.92
4731322   3357      422.34
4731494   3357      314.41
4732090   3357      338.29
4732618   3357      207.95
4734527   3357      207.95
4734940   3357      207.95
4735505   3357      284.16
4738424   3357      284.16
4739546   3357      375.31
4739796   3357      238.09
4754833   3357      383.19
4803744   3357      479.24
4805842   3357      222.48
4827213   3357      328.00
4853128   3357      264.09
4882144   3357      217.99
5017295   3357      207.95
5022967   3357      284.16
5237805   3357      222.48
5238236   3357      284.16
5239261   3357      341.44
5240821   3357      284.16
5242545   3357      328.84
5244302   3357      327.85
5244483   3357      207.95
5244484   3357      314.41
5244765   3357      284.16
5245261   3357      238.09
5248926   3357      326.56
5248954   3357      304.26
5249259   3357      222.48
5249817   3357      238.09
5250965   3357      284.16
5251153   3357      365.87
5251214   3357      537.18
5252606   3357      238.09
5253930   3357      284.16
5254613   3357      369.72
5254952   3357      284.16
5255567   3357      222.48
5255641   3357      238.09
5257069   3357      299.11
5257175   3357      284.16
5257421   3357      254.75
5257727   3357      222.48
5257774   3357      222.48
5259121   3357      284.16
5259785   3357      284.16
5261116   3357      207.95
5261139   3357      353.28
5261250   3357      284.16
5261418   3357      293.08
5261643   3357      354.80
5263470   3357      326.74
5344986   3357      207.95
5435450   3357      319.24
5436619   3357      238.09
5436795   3357      224.44
5438690   3357      312.03
5439480   3357      222.48
5439865   3357      254.75
5458236   3357      207.95
5461455   3357      284.17
5605414   3357      361.62
5658043   3357      353.72
5688352   3357      222.48
5765952   3357      222.48
5779173   3357      222.48
5915261   3357      284.16
5921128   3357      442.47
5921800   3357      207.95
5923624   3357      238.09
5925143   3357      238.09
5925949   3357      201.67
5929492   3357      222.48
5935536   3357      238.09
5938630   3357      369.87
5938995   3357      222.48
6044716   3357      222.48
6125595   3357      207.95
6127630   3357      329.56
6238388   3357      272.57
6394853   3357      259.30
64800     3357      284.72
6537141   3357      284.16
6573443   3357      367.82
6573855   3357      254.75
6573893   3357      207.95
6575243   3357      207.95
6575301   3357      222.48
6584406   3357      284.16
6602322   3357      207.95
6634354   3357      222.48
6689708   3357      222.48
6690236   3357      222.48
6701343   3357      222.48
6701344   3357      222.48
6701453   3357      222.48
673822    3357      284.16
6841910   3357      207.95
7076647   3357      222.48
7211860   3357      238.09
7240399   3357      222.48
7300376   3357      312.03
7301470   3357      284.16
7305494   3357      284.16
7305781   3357      284.16
7308623   3357      332.57
7309317   3357      207.95
7309375   3357      207.95
7310425   3357      254.75
7310959   3357      284.16
7311233   3357      303.30
7311255   3357      368.63
7312149   3357      357.15
7313189   3357      284.16
7314050   3357      207.95
7314987   3357      254.75
7315048   3357      238.09
7315058   3357      336.24
7315331   3357      222.48
7316059   3357      254.75
7316139   3357      238.09
7316607   3357      399.31
7316959   3357      284.16
7317744   3357      284.16
7318041   3357      315.71
7319649   3357      238.09
7321787   3357      207.95
7322304   3357      207.95
7322780   3357      207.95
7322794   3357      401.30
7324725   3357      284.16
7325664   3357      284.27
7325721   3357      284.16
7325722   3357      412.84
7325778   3357      201.36
7328421   3357      207.95
7330948   3357      222.48
7331943   3357      522.22
7332202   3357      342.10
7332734   3357      284.16
7333145   3357      238.09
7333526   3357      342.10
7335642   3357      222.48
7337422   3357      282.34
7337778   3357      207.95
7338055   3357      254.75
7340200   3357      284.16
7340742   3357      305.42
7340989   3357      333.88
7342107   3357      207.95
7342680   3357      284.16
7343605   3357      207.95
7344290   3357      207.95
7344465   3357      207.95
7347856   3357      284.16
7348137   3357      207.95
7348986   3357      352.11
7349428   3357      272.57
7349843   3357      207.95
7350162   3357      291.93
7350273   3357      207.95
7351297   3357      248.05
7352317   3357      207.95
7353364   3357      207.95
7353377   3357      222.48
7354064   3357      207.95
7354848   3357      201.36
7355928   3357      284.16
7359478   3357      238.09
7360346   3357      207.95
7360517   3357      222.48
7363171   3357      276.62
7363652   3357      222.48
7365166   3357      222.48
7365545   3357      207.95
7367276   3357      207.95
7368710   3357      207.95
7369018   3357      222.48
7371154   3357      222.48
7372156   3357      207.95
7372973   3357      328.79
7373089   3357      207.95
7373215   3357      254.75
7374243   3357      207.95
7374616   3357      284.16
7377030   3357      207.95
7377579   3357      222.48
7379256   3357      207.95
7380616   3357      207.95
7381553   3357      222.48
7382148   3357      313.83
7382532   3357      207.95
7384964   3357      222.48
7387544   3357      222.48
7388038   3357      207.95
7388080   3357      222.48
7388125   3357      238.09
7388199   3357      207.95
7389581   3357      222.48
7391472   3357      207.95
7392153   3357      238.09
7393061   3357      207.95
7393144   3357      207.95
7395742   3357      201.66
7396051   3357      222.48
7398038   3357      259.69
7400031   3357      222.48
7401094   3357      222.48
7401380   3357      222.48
7401853   3357      207.95
7403123   3357      207.95
7403188   3357      207.95
7403563   3357      207.95
7406353   3357      222.48
7408531   3357      222.48
7409730   3357      207.95
7410177   3357      272.57
7412535   3357      238.09
7412738   3357      207.95
7415285   3357      272.57
7415448   3357      222.48
7416870   3357      207.95
7417289   3357      207.95
7417791   3357      222.48
7418898   3357      207.95
7418939   3357      222.48
7419340   3357      207.95
7419740   3357      349.87
7419800   3357      222.48
7419866   3357      207.95
7420316   3357      222.48
7420429   3357      238.09
7423108   3357      238.09
7423415   3357      222.48
7423444   3357      381.85
7425063   3357      207.95
7425430   3357      222.48
7425900   3357      207.95
7426046   3357      222.48
7427359   3357      207.95
7427520   3357      222.48
7429274   3357      222.48
7432253   3357      238.09
7434591   3357      222.48
7435158   3357      207.95
7436077   3357      207.95
7436996   3357      222.48
7437806   3357      207.95
7437808   3357      207.95
7438450   3357      222.48
7439597   3357      254.75
7439617   3357      222.48
7439629   3357      222.48
7440809   3357      220.66
7442445   3357      222.48
7444497   3357      207.95
7444651   3357      238.09
7444842   3357      222.48
7444889   3357      254.75
7445661   3357      207.95
7446382   3357      238.09
7446644   3357      222.48
7447067   3357      222.48
7447992   3357      207.95
7449457   3357      207.95
7455429   3357      373.21
7455588   3357      222.48
7461704   3357      222.48
7465820   3357      222.48
7465910   3357      222.48
7466779   3357      439.46
7466870   3357      397.56
7502836   3357      337.19
7548386   3357      268.57
7548420   3357      335.76
770342    3357      284.16
7917981   3357      222.48
7981510   3357      238.09
7982728   3357      207.95
7982865   3357      238.09
7983170   3357      207.95
7984159   3357      222.48
7985605   3357      236.85
7988969   3357      444.39
8054279   3357      308.56
8064487   3357      269.88
8069571   3357      222.48
8140450   3357      220.00
8594315   3357      222.48
8718789   3357      222.48
8734286   3357      238.09
9066082   3357      284.16
9100619   3357      444.39
9211039   3357      207.95
9261804   3357      238.09
9317884   3357      238.09
9433060   3357      222.48
9540404   3357      238.09
9540845   3357      254.75
9542018   3357      238.09
9542237   3357      207.95
9543174   3357      222.48
9543530   3357      374.58
9544179   3357      222.48
9544345   3357      207.95
9544429   3357      238.09
9544827   3357      238.09
9545198   3357      284.16
9545952   3357      362.68
9546474   3357      222.48
9547148   3357      207.95
9551389   3357      222.48
9552709   3357      309.02
9553039   3357      553.69
9553047   3357      207.95
9553149   3357      207.95
9555077   3357      315.67
9555609   3357      207.95
9555641   3357      222.48
9557148   3357      254.75
9557803   3357      207.95
9557875   3357      207.95
9557894   3357      366.11
9558628   3357      207.95
9560453   3357      207.95
9570736   3357      373.65
9572755   3357      222.48
9577605   3357      397.23
9601343   3357      222.48
9603154   3357      207.95
9603683   3357      222.48
9603870   3357      201.68
9604166   3357      207.95
9604592   3357      272.57
9607091   3357      284.16
9608547   3357      222.48
9609337   3357      207.95
9609338   3357      222.48
9612117   3357      445.27
9612530   3357      416.97
9612692   3357      222.48
9614364   3357      207.95
9615563   3357      222.48
9615964   3357      222.48
9617493   3357      207.95
9620242   3357      238.09
9620248   3357      254.75
9620376   3357      222.48
9620599   3357      238.09
9620701   3357      207.95
9620720   3357      207.95
9621777   3357      222.48
9622347   3357      222.48
9624370   3357      272.57
9624596   3357      207.95
9625361   3357      222.48
9625933   3357      222.48
9626082   3357      222.48
9626215   3357      207.95
9627150   3357      238.09
9627523   3357      222.48
9627724   3357      207.95
9629963   3357      238.09
9631462   3357      238.09
9634554   3357      391.56
9634674   3357      222.48
9636806   3357      207.95
9638320   3357      222.48
9639201   3357      207.95
9845319   3357      207.95
9846320   3357      238.09
9847068   3357      207.95
9847350   3357      430.48
9848693   3357      207.95
9850403   3357      222.48
9851111   3357      222.48
9851993   3357      385.98
