10107724  0357      113.16
10120357  0357      138.88
10121866  0357      247.19
10125466  0357       86.29
10126656  0357       92.59
10141786  0357       98.86
10312414  0357       86.29
10373550  0357      185.17
10639752  0357       86.29
10726693  0357       92.59
10760806  0357       86.29
10764554  0357       98.86
10770124  0357       92.59
10772668  0357       86.29
10774121  0357       98.86
10775520  0357      172.61
10776516  0357      113.16
10776915  0357       86.29
10777645  0357      138.88
10778464  0357       86.29
10779723  0357      157.35
10784623  0357       92.59
10820078  0357       98.86
10840266  0357       92.59
10841061  0357       86.29
10841823  0357      113.16
10842205  0357       92.59
10843324  0357      231.46
10844575  0357      226.31
10844947  0357      231.46
10845717  0357       86.29
10845943  0357      113.16
10846474  0357       92.59
10846532  0357       98.86
10846629  0357       92.59
10846940  0357      185.17
10846985  0357       92.59
10847648  0357       86.29
10848158  0357      181.88
10849906  0357       92.59
10849907  0357       98.86
10860593  0357       92.59
10903693  0357       86.29
10959957  0357       92.59
10960021  0357       92.59
10963442  0357       98.86
10963957  0357       98.86
10964062  0357      185.17
1108218   0357      117.83
1112379   0357      118.25
1115136   0357      155.39
11163187  0357       86.29
11177533  0357       86.29
11260715  0357       92.59
11261772  0357      113.16
11262378  0357       92.59
11263756  0357       86.29
11264465  0357       92.59
11264550  0357       86.29
11265496  0357       92.59
11265527  0357       98.86
11266390  0357      185.17
11267811  0357      172.61
11267932  0357      172.61
11268437  0357      113.16
11269196  0357      105.70
1129535   0357      118.05
11414487  0357       98.86
11425214  0357       92.59
11425449  0357       92.59
11426462  0357       86.29
11428034  0357       86.29
11428889  0357      231.46
11429539  0357      185.17
11429792  0357       86.29
11429991  0357      138.88
11430700  0357       92.59
11433167  0357       92.59
11433865  0357      185.17
11433968  0357      185.17
11434350  0357       92.59
11546168  0357       86.29
11580362  0357       98.86
11584952  0357       92.59
11586448  0357       98.86
11589730  0357      185.17
11594236  0357      113.16
11594524  0357       86.29
11596252  0357       92.59
11597667  0357       92.59
11598121  0357       86.29
11598207  0357       86.29
11598956  0357       86.29
11633896  0357       86.29
11645810  0357       92.59
11651035  0357       92.59
11651090  0357       92.59
11652405  0357       92.59
11653864  0357       92.59
11694358  0357       86.29
11694758  0357       92.59
11695394  0357      172.61
11749469  0357       92.59
11783201  0357       98.86
11783366  0357      113.16
11784637  0357       86.29
11786325  0357      113.16
11786432  0357       86.29
11787653  0357      185.17
11787807  0357       92.59
11788587  0357      197.76
11788630  0357       98.86
11790273  0357       92.59
11790818  0357      138.88
11791177  0357       92.59
11792127  0357       92.59
11792506  0357       86.29
11792846  0357       92.59
11878930  0357       92.59
11879419  0357       98.86
11879750  0357      113.16
11881224  0357      113.16
11881668  0357      215.76
11881669  0357      154.64
11882080  0357       86.29
11882720  0357      113.16
11883300  0357      185.17
11949766  0357      113.16
12011761  0357      226.31
12018571  0357      129.43
12018729  0357       86.29
12018852  0357       92.59
12019816  0357       86.29
12020535  0357      105.70
12021559  0357       98.86
12021966  0357       92.59
12022428  0357       98.86
12023306  0357      105.70
12023981  0357      138.88
12024178  0357       92.59
12024179  0357       92.59
12025294  0357      138.88
12025488  0357       86.29
12025491  0357       86.29
12026565  0357       92.59
12027093  0357       92.59
12027260  0357      163.54
12027527  0357       86.29
12027928  0357       86.29
12027973  0357      197.76
12080554  0357       92.59
12241212  0357      129.43
12242270  0357       92.59
12243077  0357       86.29
12244707  0357       86.29
12247738  0357      138.88
12248400  0357      215.76
12248745  0357       92.59
12248755  0357       98.86
12248784  0357      172.61
12248960  0357       92.59
12249178  0357      113.16
12279667  0357       92.59
12314254  0357      264.29
1232375   0357      118.05
12369466  0357       92.59
12370670  0357      105.70
1239070   0357      117.83
12434895  0357       86.29
12435304  0357       92.59
12435757  0357      129.43
12435759  0357      231.46
12527456  0357       86.29
12534356  0357       92.59
12536172  0357       92.59
12536549  0357      105.70
1257983   0357      118.05
1258658   0357      118.25
1261562   0357      117.83
1262953   0357      141.01
1263302   0357      117.83
1263303   0357      118.25
12638103  0357       86.29
1265436   0357      118.25
1266723   0357       81.41
12691465  0357       92.59
1269356   0357      236.11
12698409  0357       86.29
12698965  0357       86.29
12700553  0357       86.29
12701276  0357       92.59
12701301  0357      215.76
12702273  0357       86.29
12704473  0357       86.29
12704482  0357      197.76
12704649  0357       92.59
12704927  0357       92.59
12705860  0357       92.59
12706171  0357       92.59
12706774  0357      197.76
12707136  0357       92.59
1272390   0357      117.83
1273369   0357      118.25
1277938   0357      117.83
1278407   0357      118.25
12848719  0357       92.59
12849330  0357      105.70
12851330  0357       92.59
12852888  0357       92.59
12858616  0357      138.88
12878256  0357       92.59
12884972  0357       92.59
12934142  0357       86.29
12934525  0357       86.29
12935305  0357       92.59
12935606  0357       92.59
13032012  0357      215.76
13032033  0357       92.59
13034237  0357       92.59
13035222  0357      113.16
13084488  0357       86.29
13084886  0357       86.29
13179920  0357       86.29
13180551  0357       92.59
1318484   0357      117.83
13187744  0357      185.17
13187816  0357      138.88
13188137  0357       86.29
13188604  0357      129.43
13264411  0357       92.59
13265462  0357       86.29
13265946  0357      138.88
13266369  0357       92.59
13268000  0357      172.61
13268185  0357      172.61
13268457  0357       86.29
13268537  0357      138.88
13343258  0357       86.29
13408041  0357       86.29
13510172  0357       86.29
13510180  0357       86.29
13519440  0357       86.29
13527636  0357       98.86
13566631  0357      113.16
13643981  0357      172.61
13643982  0357      129.43
13644051  0357       92.59
13644555  0357      215.76
13644665  0357       92.59
13644680  0357      247.19
13652653  0357       86.29
13674854  0357       98.86
13678214  0357       92.59
13678857  0357       86.29
13679940  0357       92.59
13724134  0357      138.88
13774187  0357       86.29
13774684  0357       92.59
13775452  0357       86.29
13775808  0357       86.29
13777181  0357      129.43
13785046  0357       86.29
13785661  0357       92.59
13785997  0357       86.29
13786181  0357       99.15
13787208  0357       92.59
13787741  0357       86.29
13842354  0357       92.59
13843775  0357       92.59
13856268  0357       92.59
13867427  0357      138.88
13868652  0357       92.59
13880177  0357       92.59
13880981  0357       92.59
13905892  0357       86.29
13986119  0357       92.59
13990906  0357      148.29
14003086  0357       86.29
14030527  0357       86.29
14031045  0357       92.59
14031497  0357      231.46
14093727  0357      138.88
14094806  0357       98.86
14143188  0357       86.29
14159223  0357      172.61
14176671  0357       92.59
14228153  0357       92.59
14270811  0357      215.76
14293118  0357      138.88
1431183   0357      118.25
14335445  0357       86.29
14335539  0357       92.59
14372299  0357       98.86
14372545  0357       86.29
14372818  0357      305.09
14376347  0357       92.59
14398946  0357       92.59
14399267  0357      129.43
14405196  0357       92.59
14405401  0357       92.59
14513487  0357       86.29
14590375  0357       86.29
14607589  0357      129.43
14648947  0357       92.59
14649126  0357       86.29
14825867  0357      231.46
14877620  0357       92.59
14877805  0357       98.86
14877859  0357      105.70
14879597  0357      185.17
14879704  0357      215.76
14880827  0357       98.86
14880972  0357      185.17
15170350  0357       86.29
15177340  0357       98.86
15177867  0357      172.61
15229138  0357       92.59
15272372  0357       86.29
15306151  0357      215.76
15306996  0357       86.29
15351139  0357       92.59
15352095  0357       92.59
15444190  0357       92.59
15444811  0357       98.86
15448608  0357       92.59
15597541  0357       86.29
15598043  0357       86.29
15598319  0357       92.59
15598510  0357      185.17
15598933  0357       86.29
15599928  0357      129.43
15599929  0357      185.17
15668151  0357      185.17
15668851  0357       86.29
15690244  0357       86.29
15729233  0357      138.88
15729536  0357      215.76
15778630  0357      138.88
15885754  0357       86.29
15959808  0357       86.29
15961650  0357       86.29
16001576  0357       86.29
16137706  0357       86.29
16138119  0357      138.88
1631390   0357      138.65
16324090  0357       92.59
16385667  0357       86.29
16387437  0357      185.17
16594051  0357       86.29
16641426  0357       86.29
16736267  0357       92.59
16770549  0357       92.59
16788972  0357      185.17
16796439  0357      172.61
16796669  0357       86.29
17011869  0357      185.17
17012587  0357      231.46
17019549  0357       92.59
17033230  0357       86.29
17033256  0357       86.29
17104175  0357      138.88
17104709  0357       92.59
17306742  0357       86.29
1737075   0357      117.83
17379215  0357      129.43
17380736  0357       86.29
17572385  0357      185.17
17574055  0357       86.29
17626132  0357      172.61
1763812   0357      141.01
1764349   0357      117.83
1765295   0357      235.71
1769938   0357      117.83
17727473  0357       86.29
17859806  0357       86.29
17859921  0357      172.61
17872590  0357       92.59
17942640  0357       92.59
17965237  0357      138.88
18054647  0357       92.59
18058393  0357       86.29
18059918  0357       92.59
18263579  0357       92.59
18263756  0357       92.59
18421508  0357       86.29
18422439  0357      185.17
18618969  0357       86.29
18655916  0357       92.59
18656459  0357      138.88
18785684  0357       86.29
18923581  0357       86.29
18928116  0357       86.29
18950730  0357       86.29
1906129   0357      118.25
19166206  0357      215.76
19262723  0357       92.59
1926999   0357      118.05
19324610  0357      185.17
19348247  0357       92.59
19424156  0357      185.17
19431369  0357       92.59
19436769  0357       92.59
19827450  0357       92.59
19850185  0357      215.76
19886649  0357      231.46
19973112  0357       92.59
20046577  0357      172.61
20046584  0357      172.61
20187870  0357      172.61
20189202  0357      105.70
20235584  0357      172.61
2030572   0357      117.83
2033664   0357      125.53
20348834  0357      129.43
20351464  0357      185.17
2101693   0357      138.72
21140944  0357      129.43
2130876   0357      117.83
21505687  0357      215.76
2157417   0357      313.81
2186056   0357      117.83
2189077   0357      117.83
2196831   0357      117.83
2198274   0357      118.50
2198799   0357      117.83
22326349  0357       86.29
2272067   0357      117.83
23156662  0357      118.25
2376223   0357      127.89
2380275   0357      118.05
2384661   0357      118.25
2529886   0357      118.25
2532585   0357      117.83
2533320   0357      117.83
2534786   0357       86.51
2535843   0357      118.05
2536373   0357      118.05
2536795   0357      118.25
2539607   0357      118.05
2539943   0357      117.83
2541142   0357      118.25
2541439   0357      161.27
2541709   0357      118.25
2543654   0357      118.25
2543813   0357      118.25
2543932   0357      117.83
2592064   0357      118.05
2592966   0357      128.47
2593377   0357      118.25
2593686   0357      117.83
2596405   0357      139.74
2597854   0357      118.25
2598033   0357      118.25
2598733   0357      118.05
2598872   0357      117.83
2601437   0357      118.25
2603046   0357      118.25
2605164   0357      118.25
2605823   0357       81.41
2607322   0357      127.35
2608233   0357      124.23
2608304   0357      117.83
2608554   0357      118.25
2684589   0357      118.25
2741170   0357      125.26
2854705   0357      117.83
2870837   0357      117.83
2910376   0357      117.83
2910432   0357      117.83
2911765   0357      117.83
2912407   0357      117.83
2912692   0357      125.53
2913757   0357      117.83
2913809   0357      117.83
2915293   0357      117.83
2915714   0357      118.25
2915780   0357      117.83
2916362   0357      118.25
2916467   0357      117.83
2916786   0357      117.83
2918280   0357      295.64
2992913   0357      117.83
3035349   0357      118.25
3080057   0357      188.27
3080311   0357      118.25
3080984   0357      172.34
3081351   0357      118.25
3082505   0357      141.88
3083006   0357      118.25
3083065   0357      117.83
3083457   0357      117.83
3083843   0357      117.83
3084868   0357      118.25
3084978   0357      117.83
3085009   0357      117.83
3085276   0357      118.10
3090485   0357      125.89
3156003   0357      134.43
3234299   0357      118.10
3245420   0357      118.25
3314884   0357       88.21
3315121   0357      117.83
3315781   0357      117.83
3317339   0357      125.54
3318589   0357      136.56
3318694   0357      142.43
3318719   0357      118.25
3320986   0357      118.25
3322128   0357      125.35
3322284   0357      117.83
3322381   0357      118.05
3324084   0357      164.37
3324110   0357      177.27
3329806   0357      118.25
3353242   0357      134.43
3528540   0357      128.48
3533360   0357      150.99
3535445   0357      117.83
3535838   0357      117.83
3538837   0357      128.29
3539352   0357      118.25
3541739   0357      118.25
3541975   0357       81.41
3542004   0357       98.86
3542015   0357       93.93
3554092   0357      118.05
3593839   0357      117.83
3598528   0357      118.25
3710064   0357      152.32
3759377   0357      117.83
3784066   0357      117.83
3784441   0357      131.31
3785251   0357      118.25
3792247   0357      118.25
3830110   0357      117.83
3855157   0357       81.41
3855577   0357      118.25
3856978   0357      117.83
3857004   0357      117.83
3857220   0357      118.28
3857667   0357      117.83
3857878   0357      118.05
3858323   0357      236.53
3858856   0357       98.86
3859230   0357      185.95
3864991   0357      137.38
3875055   0357      145.56
3877925   0357      362.53
3878006   0357      147.75
3963688   0357      140.10
3964093   0357      161.98
3964337   0357      117.83
3965704   0357      117.83
3969513   0357      118.70
4001934   0357      155.25
4064149   0357      127.00
4065177   0357      117.83
4065584   0357       92.59
4065648   0357      153.08
4066245   0357      117.83
4067118   0357      137.40
4067735   0357      136.28
4067795   0357      118.25
4068788   0357      117.83
4071074   0357      168.22
4071241   0357      139.25
4107436   0357       86.29
4191539   0357      117.83
4193094   0357      295.15
4194671   0357      127.32
4195654   0357      117.83
4199927   0357       81.41
4200911   0357      117.83
4238916   0357      117.83
430240    0357      117.83
4317775   0357      181.37
4373204   0357      186.57
4373479   0357      117.83
4375498   0357      125.53
4375998   0357      120.75
4376813   0357      129.36
4377201   0357      118.05
4378140   0357      117.83
4378236   0357      117.83
4378283   0357      117.83
4378759   0357      171.97
4379154   0357      117.83
4381341   0357      117.83
4381614   0357      134.52
4382400   0357      177.39
4383023   0357      157.22
4383200   0357      117.83
4385047   0357      118.25
4386936   0357      105.70
4387777   0357      315.07
4409485   0357      174.16
4409788   0357      117.83
4409789   0357      255.87
4414417   0357      133.85
4414541   0357      125.12
4414909   0357      118.25
4415675   0357      117.83
443869    0357      118.25
4609506   0357      126.78
4610129   0357      117.83
4720170   0357      129.43
4720923   0357       92.59
4721016   0357       86.29
4721639   0357      117.83
4722680   0357      117.83
4722814   0357       94.86
4723168   0357      117.83
4723403   0357      117.83
4724433   0357      118.25
4725919   0357      197.76
4727740   0357       86.29
4728331   0357      117.83
4729448   0357       84.09
4730168   0357      181.50
4730490   0357      117.83
4730823   0357      177.71
4731322   0357      175.58
4731494   0357      128.14
4732090   0357      136.31
4732618   0357      133.33
4734527   0357       86.29
4734940   0357       86.29
4735505   0357      117.83
4738424   0357      118.25
4739546   0357      156.21
4739796   0357       98.86
4754833   0357      159.28
4803744   0357      199.30
4805842   0357       92.59
4827213   0357      133.18
4853128   0357      109.90
4882144   0357       88.57
5017295   0357       86.29
5022967   0357      118.05
5237805   0357       92.59
5238236   0357      117.83
5239261   0357      136.92
5240821   0357      117.83
5242545   0357      132.75
5244302   0357      134.43
5244483   0357       86.29
5244484   0357      128.14
5244765   0357      117.83
5245261   0357       98.86
5248926   0357      135.40
5248954   0357      124.51
5249259   0357       92.59
5249817   0357       98.86
5250965   0357      118.25
5251153   0357      150.73
5251214   0357      135.70
5252606   0357      197.76
5253930   0357      117.83
5254613   0357      153.27
5254952   0357      117.83
5255567   0357       92.59
5255641   0357      146.67
5257069   0357      124.05
5257175   0357      118.25
5257421   0357      105.70
5257727   0357      231.46
5257774   0357       92.59
5259121   0357      117.83
5259785   0357      117.83
5261116   0357       86.29
5261139   0357      147.04
5261250   0357      117.83
5261418   0357      121.56
5261643   0357      147.08
5263470   0357      131.99
5344986   0357       86.29
5435450   0357      132.36
5436619   0357       98.86
5436795   0357       90.84
5438690   0357      129.40
5439480   0357       92.59
5439865   0357      264.29
5458236   0357       86.29
5461455   0357      118.25
5605414   0357      301.03
5658043   0357      147.21
5688352   0357      132.96
5765952   0357       92.59
5779173   0357       92.59
5915261   0357      118.25
5921128   0357      177.82
5921800   0357       86.29
5923624   0357       98.86
5925143   0357       98.86
5925949   0357       81.41
5929492   0357       92.59
5935536   0357      463.97
5938630   0357      153.94
5938995   0357       92.59
6044716   0357      138.88
6125595   0357      311.49
6127630   0357      136.63
6238388   0357      113.16
6394853   0357      105.25
6537141   0357      117.83
6573443   0357      153.11
6573855   0357      105.70
6573893   0357       86.29
6575243   0357       86.29
6575301   0357       92.59
6584406   0357      294.62
6602322   0357       86.29
6634354   0357       92.59
6689708   0357       92.59
6690236   0357       92.59
6701343   0357       92.59
6701344   0357      155.68
6701453   0357       92.59
673822    0357      117.83
6841910   0357       86.29
7211860   0357       98.86
7240399   0357       92.59
7300376   0357      129.40
7301470   0357      117.83
7305494   0357      118.25
7305781   0357      117.83
7308623   0357      138.42
7309317   0357       86.29
7309375   0357       86.29
7310425   0357      105.70
7310959   0357      118.25
7311233   0357      126.22
7311255   0357      152.83
7312149   0357      148.67
7313189   0357      117.83
7314050   0357      139.39
7314987   0357      105.70
7315048   0357       98.86
7315058   0357      357.48
7315331   0357       92.59
7316059   0357      105.70
7316139   0357       98.86
7316607   0357      161.27
7316959   0357      236.11
7317744   0357      235.71
7318041   0357      128.76
7319649   0357      197.76
7321787   0357       86.29
7322304   0357       86.29
7322780   0357       86.29
7322794   0357      166.33
7324725   0357      118.05
7325664   0357      117.17
7325721   0357      118.25
7325722   0357      171.85
7325778   0357       81.41
7328421   0357       86.29
7330948   0357       92.59
7331943   0357      216.40
7332202   0357      147.10
7332734   0357      177.39
7333145   0357      183.60
7333526   0357      294.17
7335642   0357       92.59
7337422   0357      115.76
7337778   0357       86.29
7338055   0357      105.70
7340200   0357      117.83
7340742   0357      125.35
7340989   0357      138.43
7342107   0357       86.29
7342680   0357      118.25
7343605   0357       86.29
7344290   0357       86.29
7344465   0357      172.61
7347856   0357      118.25
7348137   0357       86.29
7348986   0357      150.15
7349428   0357      282.89
7349843   0357       86.29
7350162   0357      121.08
7350273   0357       86.29
7351297   0357      101.90
7352317   0357       86.29
7353377   0357       92.59
7354064   0357       86.29
7354848   0357       81.41
7355928   0357      117.83
7359478   0357       98.86
7360346   0357       86.29
7360517   0357       92.59
7363171   0357      112.83
7363652   0357       92.59
7365166   0357      148.06
7365545   0357       86.29
7367276   0357       86.29
7368710   0357      172.61
7369018   0357       92.59
7371154   0357       92.59
7372156   0357       86.29
7372973   0357      131.54
7373089   0357       86.29
7373215   0357      105.70
7374243   0357      131.80
7374616   0357      118.25
7377030   0357       86.29
7377579   0357       92.59
7379256   0357      172.61
7380616   0357       86.29
7381553   0357       92.59
7382148   0357      130.41
7382532   0357       86.29
7384964   0357       92.59
7387544   0357      185.17
7388038   0357       86.29
7388080   0357       92.59
7388125   0357       98.86
7388199   0357      197.67
7389581   0357       92.59
7391472   0357       86.29
7392153   0357      247.19
7393061   0357       86.29
7393144   0357      172.61
7395742   0357       81.41
7396051   0357      138.88
7398038   0357      104.88
7400031   0357       92.59
7401094   0357       92.59
7401380   0357      140.42
7401853   0357       86.29
7403123   0357       86.29
7403188   0357       86.29
7403563   0357       86.29
7406353   0357       92.59
7408531   0357       92.59
7409730   0357       86.29
7410177   0357      113.16
7412535   0357       98.86
7412738   0357       86.29
7415285   0357      113.16
7415448   0357       92.59
7416870   0357      124.35
7417289   0357      172.61
7417791   0357      185.17
7418898   0357       86.29
7418939   0357       92.59
7419340   0357       86.29
7419740   0357      145.04
7419800   0357       92.59
7419866   0357      215.76
7420316   0357       92.59
7420429   0357       98.86
7423108   0357       98.86
7423415   0357       92.59
7423444   0357      164.66
7425063   0357       86.29
7425430   0357       92.59
7425900   0357       86.29
7426046   0357       92.59
7427359   0357       86.29
7427520   0357       92.59
7429274   0357       92.59
7432253   0357       98.86
7434591   0357      231.46
7435158   0357      330.31
7436077   0357      172.61
7436996   0357       92.59
7437806   0357       86.29
7437808   0357       86.29
7438450   0357       92.59
7439597   0357      211.44
7439617   0357       92.59
7439629   0357       92.59
7440809   0357       88.56
7442445   0357       92.59
7444497   0357      129.43
7444651   0357       98.86
7444842   0357       92.59
7444889   0357      211.44
7445661   0357       86.29
7446382   0357       98.86
7446644   0357       92.59
7447067   0357      231.46
7447334   0357      105.70
7447992   0357       86.29
7449457   0357       86.29
7455429   0357      155.35
7455588   0357      140.42
7461704   0357       92.59
7465820   0357      231.46
7465910   0357       92.59
7466779   0357      175.44
7466870   0357      165.48
7502836   0357      135.73
7548386   0357      111.33
7548420   0357      140.77
770342    0357      118.25
7917981   0357       92.59
7981510   0357      175.97
7982728   0357       86.29
7982865   0357       98.86
7983170   0357       86.29
7984159   0357       92.59
7985605   0357       93.69
7988969   0357      185.00
8054279   0357      127.97
8064487   0357      221.14
8069571   0357      138.88
8140450   0357       89.54
8594315   0357       92.59
8718789   0357      185.17
8734286   0357       98.86
9066082   0357      117.83
9100619   0357      185.00
9211039   0357       86.29
9261804   0357       98.86
9317884   0357      197.76
9433060   0357       92.59
9540404   0357       98.86
9540845   0357      158.59
9542018   0357      247.19
9542237   0357       86.29
9543174   0357      148.06
9543530   0357      150.09
9544179   0357       92.59
9544345   0357       86.29
9544429   0357      160.71
9544827   0357       98.86
9545198   0357      117.83
9545952   0357      150.37
9546474   0357       92.59
9547148   0357      160.36
9551389   0357       92.59
9552709   0357      128.08
9553039   0357      230.51
9553047   0357       86.29
9553149   0357       86.29
9555077   0357      128.32
9555609   0357       86.29
9555641   0357       92.59
9557148   0357      211.44
9557803   0357       86.29
9557875   0357       86.29
9557894   0357      148.88
9558628   0357       86.29
9560453   0357       86.29
9570736   0357      155.53
9572755   0357       92.59
9577605   0357      165.33
9601343   0357      231.46
9603154   0357      154.64
9603683   0357       92.59
9603870   0357       81.41
9604166   0357       86.29
9604592   0357      169.74
9607091   0357      117.83
9608547   0357       92.59
9609337   0357       86.29
9609338   0357      185.17
9612117   0357      185.21
9612530   0357      433.92
9612692   0357       92.59
9614364   0357      172.61
9615563   0357       92.59
9615964   0357       92.59
9617493   0357      172.61
9620242   0357      197.76
9620248   0357      211.44
9620376   0357       92.59
9620599   0357       98.86
9620701   0357       86.29
9620720   0357       86.29
9621777   0357       92.59
9622347   0357       92.59
9624370   0357      113.16
9624596   0357       86.29
9625361   0357       92.59
9625933   0357      185.17
9626082   0357       92.59
9626215   0357       86.29
9627150   0357      247.19
9627523   0357      185.17
9627724   0357       86.29
9629963   0357       98.86
9631462   0357       98.86
9634554   0357      169.17
9634674   0357       92.59
9636806   0357       86.29
9638320   0357       92.59
9639201   0357       86.29
9845319   0357       86.29
9846320   0357       98.86
9847068   0357       86.29
9847350   0357      179.17
9848693   0357      140.94
9850403   0357       92.59
9851111   0357       92.59
9851993   0357      166.31
10107724  3357      113.16
10120357  3357       92.59
10121866  3357       98.86
10125466  3357       86.29
10126656  3357       92.59
10141786  3357       98.86
10312414  3357       86.29
10373550  3357       92.59
10639752  3357       86.29
10726693  3357       92.59
10760806  3357       86.29
10764554  3357       98.86
10770124  3357       92.59
10772668  3357       86.29
10774121  3357       98.86
10775520  3357       86.29
10776516  3357      113.16
10776915  3357       86.29
10777645  3357       92.59
10778464  3357       86.29
10779723  3357      157.35
10784623  3357       92.59
10820078  3357       98.86
10840266  3357       92.59
10841061  3357       86.29
10841823  3357      113.16
10842205  3357       92.59
10843324  3357       92.59
10844575  3357      113.16
10844947  3357       92.59
10845717  3357       86.29
10845943  3357      113.16
10846474  3357       92.59
10846532  3357       98.86
10846629  3357       92.59
10846940  3357       92.59
10846985  3357       92.59
10847648  3357       86.29
10848158  3357      181.88
10849906  3357       92.59
10849907  3357       98.86
10860593  3357       92.59
10903693  3357       86.29
10959957  3357       92.59
10960021  3357       92.59
10963442  3357       98.86
10963957  3357       98.86
10964062  3357       92.59
1108218   3357      117.83
1112379   3357      118.25
1115136   3357      155.39
11163187  3357       86.29
11177533  3357       86.29
11260715  3357       92.59
11261772  3357      113.16
11262378  3357       92.59
11263756  3357       86.29
11264465  3357       92.59
11264550  3357       86.29
11265496  3357       92.59
11265527  3357       98.86
11266390  3357       92.59
11267811  3357       86.29
11267932  3357       86.29
11268437  3357      113.16
11269196  3357      105.70
1129535   3357      118.05
11414487  3357       98.86
11425214  3357       92.59
11425449  3357       92.59
11426462  3357       86.29
11428034  3357       86.29
11428889  3357       92.59
11429539  3357       92.59
11429792  3357       86.29
11429991  3357       92.59
11430700  3357       92.59
11433167  3357       92.59
11433865  3357       92.59
11433968  3357       92.59
11434350  3357       92.59
11546168  3357       86.29
11580362  3357       98.86
11584952  3357       92.59
11586448  3357       98.86
11589730  3357       92.59
11594236  3357      113.16
11594524  3357       86.29
11596252  3357       92.59
11597667  3357       92.59
11598121  3357       86.29
11598207  3357       86.29
11598956  3357       86.29
11633896  3357       86.29
11645810  3357       92.59
11651035  3357       92.59
11651090  3357       92.59
11652405  3357       92.59
11653864  3357       92.59
11694358  3357       86.29
11694758  3357       92.59
11695394  3357       86.29
11749469  3357       92.59
11783201  3357       98.86
11783366  3357      113.16
11784637  3357       86.29
11786325  3357      113.16
11786432  3357       86.29
11787653  3357       92.59
11787807  3357       92.59
11788587  3357       98.86
11788630  3357       98.86
11790273  3357       92.59
11790818  3357       92.59
11791177  3357       92.59
11792127  3357       92.59
11792506  3357       86.29
11792846  3357       92.59
11878930  3357       92.59
11879419  3357       98.86
11879750  3357      113.16
11881224  3357      113.16
11881668  3357       86.29
11881669  3357      154.64
11882080  3357       86.29
11882720  3357      113.16
11883300  3357       92.59
11949766  3357      113.16
12011761  3357      113.16
12018571  3357       86.29
12018729  3357       86.29
12018852  3357       92.59
12019816  3357       86.29
12020535  3357      105.70
12021559  3357       98.86
12021966  3357       92.59
12022428  3357       98.86
12023306  3357      105.70
12023981  3357       92.59
12024178  3357       92.59
12024179  3357       92.59
12025294  3357       92.59
12025488  3357       86.29
12025491  3357       86.29
12026565  3357       92.59
12027093  3357       92.59
12027260  3357      163.54
12027527  3357       86.29
12027928  3357       86.29
12027973  3357       98.86
12080554  3357       92.59
12241212  3357       86.29
12242270  3357       92.59
12243077  3357       86.29
12244707  3357       86.29
12247738  3357       92.59
12248400  3357       86.29
12248745  3357       92.59
12248755  3357       98.86
12248784  3357       86.29
12248960  3357       92.59
12249178  3357      113.16
12279667  3357       92.59
12314254  3357      105.70
1232375   3357      118.05
12369466  3357       92.59
12370670  3357      105.70
1239070   3357      117.83
12434895  3357       86.29
12435304  3357       92.59
12435757  3357       86.29
12435759  3357       92.59
12527456  3357       86.29
12534356  3357       92.59
12536172  3357       92.59
12536549  3357      105.70
1257983   3357      118.05
1258658   3357      118.25
1261562   3357      117.83
1262953   3357      141.01
1263302   3357      117.83
1263303   3357      118.25
12638103  3357       86.29
1265436   3357      118.25
1266723   3357       81.41
12691465  3357       92.59
1269356   3357      118.05
12698409  3357       86.29
12698965  3357       86.29
12700553  3357       86.29
12701276  3357       92.59
12701301  3357       86.29
12702273  3357       86.29
12704473  3357       86.29
12704482  3357       98.86
12704649  3357       92.59
12704927  3357       92.59
12705860  3357       92.59
12706171  3357       92.59
12706774  3357       98.86
12707136  3357       92.59
1272390   3357      117.83
1273369   3357      118.25
1277938   3357      117.83
1278407   3357      118.25
12848719  3357       92.59
12849330  3357      105.70
12851330  3357       92.59
12852888  3357       92.59
12858616  3357       92.59
12878256  3357       92.59
12884972  3357       92.59
12934142  3357       86.29
12934525  3357       86.29
12935305  3357       92.59
12935606  3357       92.59
13032012  3357       86.29
13032033  3357       92.59
13034237  3357       92.59
13035222  3357      113.16
13084488  3357       86.29
13084886  3357       86.29
13179920  3357       86.29
13180551  3357       92.59
1318484   3357      117.83
13187744  3357       92.59
13187816  3357       92.59
13188137  3357       86.29
13188604  3357       86.29
13264411  3357       92.59
13265462  3357       86.29
13265946  3357       92.59
13266369  3357       92.59
13268000  3357       86.29
13268185  3357       86.29
13268457  3357       86.29
13268537  3357       92.59
13343258  3357       86.29
13408041  3357       86.29
13510172  3357       86.29
13510180  3357       86.29
13519440  3357       86.29
13527636  3357       98.86
13566631  3357      113.16
13643981  3357       86.29
13643982  3357       86.29
13644051  3357       92.59
13644555  3357       86.29
13644665  3357       92.59
13644680  3357       98.86
13652653  3357       86.29
13674854  3357       98.86
13678214  3357       92.59
13678857  3357       86.29
13679940  3357       92.59
13724134  3357       92.59
13774187  3357       86.29
13774684  3357       92.59
13775452  3357       86.29
13775808  3357       86.29
13777181  3357       86.29
13785046  3357       86.29
13785661  3357       92.59
13785997  3357       86.29
13786181  3357       99.15
13787208  3357       92.59
13787741  3357       86.29
13842354  3357       92.59
13843775  3357       92.59
13856268  3357       92.59
13867427  3357       92.59
13868652  3357       92.59
13880177  3357       92.59
13880981  3357       92.59
13905892  3357       86.29
13986119  3357       92.59
13990906  3357       98.86
14003086  3357       86.29
14030527  3357       86.29
14031045  3357       92.59
14031497  3357       92.59
14093727  3357       92.59
14094806  3357       98.86
14143188  3357       86.29
14159223  3357       86.29
14176671  3357       92.59
14228153  3357       92.59
14270811  3357       86.29
14293118  3357       92.59
1431183   3357      118.25
14335445  3357       86.29
14335539  3357       92.59
14372299  3357       98.86
14372545  3357       86.29
14372818  3357      122.05
14376347  3357       92.59
14398946  3357       92.59
14399267  3357       86.29
14405196  3357       92.59
14405401  3357       92.59
14513487  3357       86.29
14590375  3357       86.29
14607589  3357       86.29
14648947  3357       92.59
14649126  3357       86.29
14825867  3357       92.59
14877620  3357       92.59
14877805  3357       98.86
14877859  3357      105.70
14879597  3357       92.59
14879704  3357       86.29
14880827  3357       98.86
14880972  3357       92.59
15170350  3357       86.29
15177340  3357       98.86
15177867  3357       86.29
15229138  3357       92.59
15272372  3357       86.29
15306151  3357       86.29
15306996  3357       86.29
15351139  3357       92.59
15352095  3357       92.59
15444190  3357       92.59
15444811  3357       98.86
15448608  3357       92.59
15597541  3357       86.29
15598043  3357       86.29
15598319  3357       92.59
15598510  3357       92.59
15598933  3357       86.29
15599928  3357       86.29
15599929  3357       92.59
15668151  3357       92.59
15668851  3357       86.29
15690244  3357       86.29
15729233  3357       92.59
15729536  3357       86.29
15778630  3357       92.59
15885754  3357       86.29
15959808  3357       86.29
15961650  3357       86.29
16001576  3357       86.29
16137706  3357       86.29
16138119  3357       92.59
1631390   3357      138.65
16324090  3357       92.59
16385667  3357       86.29
16387437  3357       92.59
16594051  3357       86.29
16641426  3357       86.29
16736267  3357       92.59
16770549  3357       92.59
16788972  3357       92.59
16796439  3357       86.29
16796669  3357       86.29
17011869  3357       92.59
17012587  3357       92.59
17019549  3357       92.59
17033230  3357       86.29
17033256  3357       86.29
17104175  3357       92.59
17104709  3357       92.59
17306742  3357       86.29
1737075   3357      117.83
17379215  3357       86.29
17380736  3357       86.29
17572385  3357       92.59
17574055  3357       86.29
17626132  3357       86.29
1763812   3357      141.01
1764349   3357      117.83
1765295   3357      117.83
1769938   3357      117.83
17727473  3357       86.29
17859806  3357       86.29
17859921  3357       86.29
17872590  3357       92.59
17942640  3357       92.59
17965237  3357       92.59
18054647  3357       92.59
18058393  3357       86.29
18059918  3357       92.59
18263579  3357       92.59
18263756  3357       92.59
18421508  3357       86.29
18422439  3357       92.59
18618969  3357       86.29
18655916  3357       92.59
18656459  3357       92.59
18785684  3357       86.29
18923581  3357       86.29
18928116  3357       86.29
18950730  3357       86.29
1906129   3357      118.25
19166206  3357       86.29
19262723  3357       92.59
1926999   3357      118.05
19324610  3357       92.59
19348247  3357       92.59
19424156  3357       92.59
19431369  3357       92.59
19436769  3357       92.59
19827450  3357       92.59
19850185  3357       86.29
19886649  3357       92.59
19973112  3357       92.59
20046577  3357       86.29
20046584  3357       86.29
20187870  3357       86.29
20189202  3357      105.70
20235584  3357       86.29
2030572   3357      117.83
2033664   3357      125.53
20348834  3357       86.29
20351464  3357       92.59
2101693   3357      138.72
21140944  3357       86.29
2130876   3357      117.83
21505687  3357       86.29
2157417   3357      125.53
2186056   3357      117.83
2189077   3357      117.83
2196831   3357      117.83
2198274   3357      118.50
2198799   3357      117.83
22326349  3357       86.29
2272067   3357      117.83
23156662  3357      118.25
2376223   3357      127.89
2380275   3357      118.05
2384661   3357      118.25
2529886   3357      118.25
2532585   3357      117.83
2533320   3357      117.83
2534786   3357       86.51
2535843   3357      118.05
2536373   3357      118.05
2536795   3357      118.25
2539607   3357      118.05
2539943   3357      117.83
2541142   3357      118.25
2541439   3357      161.27
2541709   3357      118.25
2543654   3357      118.25
2543813   3357      118.25
2543932   3357      117.83
2592064   3357      118.05
2592966   3357      128.47
2593377   3357      118.25
2593686   3357      117.83
2596405   3357      139.74
2597854   3357      118.25
2598033   3357      118.25
2598733   3357      118.05
2598872   3357      117.83
2601437   3357      118.25
2603046   3357      118.25
2605164   3357      118.25
2605823   3357       81.41
2607322   3357      127.35
2608233   3357      124.23
2608304   3357      117.83
2608554   3357      118.25
2684589   3357      118.25
2741170   3357      125.26
2854705   3357      117.83
2870837   3357      117.83
2910376   3357      117.83
2910432   3357      117.83
2911765   3357      117.83
2912407   3357      117.83
2912692   3357      125.53
2913757   3357      117.83
2913809   3357      117.83
2915293   3357      117.83
2915714   3357      118.25
2915780   3357      117.83
2916362   3357      118.25
2916467   3357      117.83
2916786   3357      117.83
2918280   3357      118.25
2992913   3357      117.83
3035349   3357      118.25
3080057   3357      125.53
3080311   3357      118.25
3080984   3357      172.34
3081351   3357      118.25
3082505   3357      141.88
3083006   3357      118.25
3083065   3357      117.83
3083457   3357      117.83
3083843   3357      117.83
3084868   3357      118.25
3084978   3357      117.83
3085009   3357      117.83
3085276   3357      118.10
3090485   3357      125.89
3156003   3357      134.43
3234299   3357      118.10
3245420   3357      118.25
3314884   3357       88.21
3315121   3357      117.83
3315781   3357      117.83
3317339   3357      125.54
3318589   3357      136.56
3318694   3357      142.43
3318719   3357      118.25
3320986   3357      118.25
3322128   3357      125.35
3322284   3357      117.83
3322381   3357      118.05
3324084   3357      164.37
3324110   3357      177.27
3329806   3357      118.25
3353242   3357      134.43
3528540   3357      128.48
3533360   3357      150.99
3535445   3357      117.83
3535838   3357      117.83
3538837   3357      128.29
3539352   3357      118.25
3541739   3357      118.25
3541975   3357       81.41
3542004   3357       98.86
3542015   3357       93.93
3554092   3357      118.05
3593839   3357      117.83
3598528   3357      118.25
3710064   3357      152.32
3759377   3357      117.83
3784066   3357      117.83
3784441   3357      131.31
3785251   3357      118.25
3792247   3357      118.25
3830110   3357      117.83
3855157   3357       81.41
3855577   3357      118.25
3856978   3357      117.83
3857004   3357      117.83
3857220   3357      118.28
3857667   3357      117.83
3857878   3357      118.05
3858323   3357      118.25
3858856   3357       98.86
3859230   3357      123.98
3864991   3357      137.38
3875055   3357      145.56
3877925   3357      181.26
3878006   3357      147.75
3963688   3357      140.10
3964093   3357      161.98
3964337   3357      117.83
3965704   3357      117.83
3969513   3357      118.70
4001934   3357      155.25
4064149   3357      127.00
4065177   3357      117.83
4065584   3357       92.59
4065648   3357      153.08
4066245   3357      117.83
4067118   3357      137.40
4067735   3357      136.28
4067795   3357      118.25
4068788   3357      117.83
4071074   3357      168.22
4071241   3357      139.25
4107436   3357       86.29
4191539   3357      117.83
4193094   3357      118.05
4194671   3357      127.32
4195654   3357      117.83
4199927   3357       81.41
4200911   3357      117.83
4238916   3357      117.83
430240    3357      117.83
4317775   3357      181.37
4373204   3357      186.57
4373479   3357      117.83
4375498   3357      125.53
4375998   3357      120.75
4376813   3357      129.36
4377201   3357      118.05
4378140   3357      117.83
4378236   3357      117.83
4378283   3357      117.83
4378759   3357      171.97
4379154   3357      117.83
4381341   3357      117.83
4381614   3357      134.52
4382400   3357      118.25
4383023   3357      157.22
4383200   3357      117.83
4385047   3357      118.25
4386936   3357      105.70
4387777   3357      126.03
4409485   3357      174.16
4409788   3357      117.83
4409789   3357      127.93
4414417   3357      133.85
4414541   3357      125.12
4414909   3357      118.25
4415675   3357      117.83
443869    3357      118.25
4609506   3357      126.78
4610129   3357      117.83
4720170   3357       86.29
4720923   3357       92.59
4721016   3357       86.29
4721639   3357      117.83
4722680   3357      117.83
4722814   3357       94.86
4723168   3357      117.83
4723403   3357      117.83
4724433   3357      118.25
4725919   3357       98.86
4727740   3357       86.29
4728331   3357      117.83
4729448   3357       84.09
4730168   3357      181.50
4730490   3357      117.83
4730823   3357      177.71
4731322   3357      175.58
4731494   3357      128.14
4732090   3357      136.31
4732618   3357      133.33
4734527   3357       86.29
4734940   3357       86.29
4735505   3357      117.83
4738424   3357      118.25
4739546   3357      156.21
4739796   3357       98.86
4754833   3357      159.28
4803744   3357      199.30
4805842   3357       92.59
4827213   3357      133.18
4853128   3357      109.90
4882144   3357       88.57
5017295   3357       86.29
5022967   3357      118.05
5237805   3357       92.59
5238236   3357      117.83
5239261   3357      136.92
5240821   3357      117.83
5242545   3357      132.75
5244302   3357      134.43
5244483   3357       86.29
5244484   3357      128.14
5244765   3357      117.83
5245261   3357       98.86
5248926   3357      135.40
5248954   3357      124.51
5249259   3357       92.59
5249817   3357       98.86
5250965   3357      118.25
5251153   3357      150.73
5251214   3357      135.70
5252606   3357       98.86
5253930   3357      117.83
5254613   3357      153.27
5254952   3357      117.83
5255567   3357       92.59
5255641   3357      146.67
5257069   3357      124.05
5257175   3357      118.25
5257421   3357      105.70
5257727   3357       92.59
5257774   3357       92.59
5259121   3357      117.83
5259785   3357      117.83
5261116   3357       86.29
5261139   3357      147.04
5261250   3357      117.83
5261418   3357      121.56
5261643   3357      147.08
5263470   3357      131.99
5344986   3357       86.29
5435450   3357      132.36
5436619   3357       98.86
5436795   3357       90.84
5438690   3357      129.40
5439480   3357       92.59
5439865   3357      105.70
5458236   3357       86.29
5461455   3357      118.25
5605414   3357      150.52
5658043   3357      147.21
5688352   3357      132.96
5765952   3357       92.59
5779173   3357       92.59
5915261   3357      118.25
5921128   3357      177.82
5921800   3357       86.29
5923624   3357       98.86
5925143   3357       98.86
5925949   3357       81.41
5929492   3357       92.59
5935536   3357      185.59
5938630   3357      153.94
5938995   3357       92.59
6044716   3357       92.59
6125595   3357      124.59
6127630   3357      136.63
6238388   3357      113.16
6394853   3357      105.25
6537141   3357      117.83
6573443   3357      153.11
6573855   3357      105.70
6573893   3357       86.29
6575243   3357       86.29
6575301   3357       92.59
6584406   3357      117.83
6602322   3357       86.29
6634354   3357       92.59
6689708   3357       92.59
6690236   3357       92.59
6701343   3357       92.59
6701344   3357      155.68
6701453   3357       92.59
673822    3357      117.83
6841910   3357       86.29
7211860   3357       98.86
7240399   3357       92.59
7300376   3357      129.40
7301470   3357      117.83
7305494   3357      118.25
7305781   3357      117.83
7308623   3357      138.42
7309317   3357       86.29
7309375   3357       86.29
7310425   3357      105.70
7310959   3357      118.25
7311233   3357      126.22
7311255   3357      152.83
7312149   3357      148.67
7313189   3357      117.83
7314050   3357      139.39
7314987   3357      105.70
7315048   3357       98.86
7315058   3357      143.01
7315331   3357       92.59
7316059   3357      105.70
7316139   3357       98.86
7316607   3357      161.27
7316959   3357      118.05
7317744   3357      117.83
7318041   3357      128.76
7319649   3357       98.86
7321787   3357       86.29
7322304   3357       86.29
7322780   3357       86.29
7322794   3357      166.33
7324725   3357      118.05
7325664   3357      117.17
7325721   3357      118.25
7325722   3357      171.85
7325778   3357       81.41
7328421   3357       86.29
7330948   3357       92.59
7331943   3357      216.40
7332202   3357      147.10
7332734   3357      118.25
7333145   3357      183.60
7333526   3357      147.10
7335642   3357       92.59
7337422   3357      115.76
7337778   3357       86.29
7338055   3357      105.70
7340200   3357      117.83
7340742   3357      125.35
7340989   3357      138.43
7342107   3357       86.29
7342680   3357      118.25
7343605   3357       86.29
7344290   3357       86.29
7344465   3357       86.29
7347856   3357      118.25
7348137   3357       86.29
7348986   3357      150.15
7349428   3357      113.16
7349843   3357       86.29
7350162   3357      121.08
7350273   3357       86.29
7351297   3357      101.90
7352317   3357       86.29
7353377   3357       92.59
7354064   3357       86.29
7354848   3357       81.41
7355928   3357      117.83
7359478   3357       98.86
7360346   3357       86.29
7360517   3357       92.59
7363171   3357      112.83
7363652   3357       92.59
7365166   3357      148.06
7365545   3357       86.29
7367276   3357       86.29
7368710   3357       86.29
7369018   3357       92.59
7371154   3357       92.59
7372156   3357       86.29
7372973   3357      131.54
7373089   3357       86.29
7373215   3357      105.70
7374243   3357      131.80
7374616   3357      118.25
7377030   3357       86.29
7377579   3357       92.59
7379256   3357       86.29
7380616   3357       86.29
7381553   3357       92.59
7382148   3357      130.41
7382532   3357       86.29
7384964   3357       92.59
7387544   3357       92.59
7388038   3357       86.29
7388080   3357       92.59
7388125   3357       98.86
7388199   3357      131.80
7389581   3357       92.59
7391472   3357       86.29
7392153   3357       98.86
7393061   3357       86.29
7393144   3357       86.29
7395742   3357       81.41
7396051   3357       92.59
7398038   3357      104.88
7400031   3357       92.59
7401094   3357       92.59
7401380   3357      140.42
7401853   3357       86.29
7403123   3357       86.29
7403188   3357       86.29
7403563   3357       86.29
7406353   3357       92.59
7408531   3357       92.59
7409730   3357       86.29
7410177   3357      113.16
7412535   3357       98.86
7412738   3357       86.29
7415285   3357      113.16
7415448   3357       92.59
7416870   3357      124.35
7417289   3357       86.29
7417791   3357       92.59
7418898   3357       86.29
7418939   3357       92.59
7419340   3357       86.29
7419740   3357      145.04
7419800   3357       92.59
7419866   3357       86.29
7420316   3357       92.59
7420429   3357       98.86
7423108   3357       98.86
7423415   3357       92.59
7423444   3357      164.66
7425063   3357       86.29
7425430   3357       92.59
7425900   3357       86.29
7426046   3357       92.59
7427359   3357       86.29
7427520   3357       92.59
7429274   3357       92.59
7432253   3357       98.86
7434591   3357       92.59
7435158   3357      132.15
7436077   3357       86.29
7436996   3357       92.59
7437806   3357       86.29
7437808   3357       86.29
7438450   3357       92.59
7439597   3357      105.70
7439617   3357       92.59
7439629   3357       92.59
7440809   3357       88.56
7442445   3357       92.59
7444497   3357       86.29
7444651   3357       98.86
7444842   3357       92.59
7444889   3357      105.70
7445661   3357       86.29
7446382   3357       98.86
7446644   3357       92.59
7447067   3357       92.59
7447334   3357      105.70
7447992   3357       86.29
7449457   3357       86.29
7455429   3357      155.35
7455588   3357      140.42
7461704   3357       92.59
7465820   3357       92.59
7465910   3357       92.59
7466779   3357      175.44
7466870   3357      165.48
7502836   3357      135.73
7548386   3357      111.33
7548420   3357      140.77
770342    3357      118.25
7917981   3357       92.59
7981510   3357      175.97
7982728   3357       86.29
7982865   3357       98.86
7983170   3357       86.29
7984159   3357       92.59
7985605   3357       93.69
7988969   3357      185.00
8054279   3357      127.97
8064487   3357      110.56
8069571   3357      138.88
8140450   3357       89.54
8594315   3357       92.59
8718789   3357       92.59
8734286   3357       98.86
9066082   3357      117.83
9100619   3357      185.00
9211039   3357       86.29
9261804   3357       98.86
9317884   3357       98.86
9433060   3357       92.59
9540404   3357       98.86
9540845   3357      105.70
9542018   3357       98.86
9542237   3357       86.29
9543174   3357      148.06
9543530   3357      150.09
9544179   3357       92.59
9544345   3357       86.29
9544429   3357      160.71
9544827   3357       98.86
9545198   3357      117.83
9545952   3357      150.37
9546474   3357       92.59
9547148   3357      160.36
9551389   3357       92.59
9552709   3357      128.08
9553039   3357      230.51
9553047   3357       86.29
9553149   3357       86.29
9555077   3357      128.32
9555609   3357       86.29
9555641   3357       92.59
9557148   3357      105.70
9557803   3357       86.29
9557875   3357       86.29
9557894   3357      148.88
9558628   3357       86.29
9560453   3357       86.29
9570736   3357      155.53
9572755   3357       92.59
9577605   3357      165.33
9601343   3357       92.59
9603154   3357      154.64
9603683   3357       92.59
9603870   3357       81.41
9604166   3357       86.29
9604592   3357      113.16
9607091   3357      117.83
9608547   3357       92.59
9609337   3357       86.29
9609338   3357       92.59
9612117   3357      185.21
9612530   3357      173.58
9612692   3357       92.59
9614364   3357       86.29
9615563   3357       92.59
9615964   3357       92.59
9617493   3357       86.29
9620242   3357       98.86
9620248   3357      105.70
9620376   3357       92.59
9620599   3357       98.86
9620701   3357       86.29
9620720   3357       86.29
9621777   3357       92.59
9622347   3357       92.59
9624370   3357      113.16
9624596   3357       86.29
9625361   3357       92.59
9625933   3357       92.59
9626082   3357       92.59
9626215   3357       86.29
9627150   3357       98.86
9627523   3357       92.59
9627724   3357       86.29
9629963   3357       98.86
9631462   3357       98.86
9634554   3357      169.17
9634674   3357       92.59
9636806   3357       86.29
9638320   3357       92.59
9639201   3357       86.29
9845319   3357       86.29
9846320   3357       98.86
9847068   3357       86.29
9847350   3357      179.17
9848693   3357      140.94
9850403   3357       92.59
9851111   3357       92.59
9851993   3357      166.31
