10107724  0357     4350.53
10120357  0357     5322.75
10121866  0357     9498.22
10125466  0357     3317.38
10126656  0357     3548.50
10141786  0357     3799.29
10312414  0357     3317.38
10373550  0357     7097.00
10639752  0357     3317.38
10726693  0357     3548.50
10760806  0357     3317.38
10764554  0357     3799.29
10770124  0357     3548.50
10772668  0357     3317.38
10774121  0357     3799.29
10775520  0357     6634.76
10776516  0357     4350.53
10776915  0357     3317.38
10777645  0357     5322.75
10778464  0357     3317.38
10779723  0357     3548.50
10784623  0357     3548.50
10820078  0357     3799.29
10840266  0357     3548.50
10841061  0357     3317.38
10841823  0357     4350.53
10842205  0357     3548.50
10843324  0357     8871.24
10844947  0357     8871.24
10845717  0357     3317.38
10845943  0357     4350.53
10846474  0357     3548.50
10846532  0357     3799.29
10846629  0357     3548.50
10846940  0357     7097.00
10846985  0357     3548.50
10847648  0357     3317.38
10848158  0357     4067.42
10849906  0357     3548.50
10849907  0357     3799.29
10860593  0357     3548.50
10903693  0357     3317.38
10959957  0357     3548.50
10960021  0357     3548.50
10963442  0357     3799.29
10963957  0357     3799.29
10964062  0357     7097.00
1108218   0357     3317.38
1112379   0357     3548.50
1115136   0357     3548.50
11163187  0357     3317.38
11177533  0357     3317.38
11260715  0357     3548.50
11261772  0357     4350.53
11262378  0357     3548.50
11263756  0357     3317.38
11264465  0357     3548.50
11264550  0357     3799.29
11265496  0357     3548.50
11265527  0357     3799.29
11266390  0357     7097.00
11267811  0357     6634.76
11267932  0357     6634.76
11269196  0357     4067.42
1129535   0357     3799.28
11414487  0357     3799.29
11425214  0357     3548.50
11425449  0357     3548.50
11426462  0357     3317.38
11428034  0357     3317.38
11428889  0357     8871.24
11429539  0357     7097.00
11429792  0357     3317.38
11429991  0357     5322.75
11430700  0357     3548.50
11433167  0357     3548.50
11433865  0357     7097.00
11433968  0357     3548.50
11434350  0357     3548.50
11546168  0357     3317.38
11584952  0357     3548.50
11586448  0357     3799.29
11594236  0357     4350.55
11594524  0357     3317.38
11596252  0357     3548.50
11597667  0357     3548.50
11598121  0357     3317.38
11598207  0357     3317.38
11633896  0357     3317.38
11645810  0357     3548.50
11651035  0357     3548.50
11651090  0357     3548.50
11652405  0357     3548.50
11653864  0357     3548.50
11694358  0357     3548.50
11694758  0357     3548.50
11695394  0357     6634.76
11749469  0357     3548.50
11783201  0357     3799.29
11783366  0357     4350.53
11784637  0357     3317.38
11786325  0357     4350.53
11786432  0357     3317.38
11787653  0357     7097.00
11788630  0357     3799.29
11790273  0357     3548.50
11790818  0357     5322.75
11791177  0357     3548.50
11792127  0357     3548.50
11792506  0357     3317.38
11792846  0357     2838.80
11878930  0357     3548.50
11879419  0357     3799.29
11879750  0357     4350.53
11881668  0357     8293.45
11881669  0357     3317.38
11882080  0357     3317.38
11883300  0357     7097.00
12018571  0357     4976.07
12018729  0357     3317.38
12018852  0357     3548.50
12019816  0357     3317.38
12020535  0357     4067.42
12021559  0357     3799.29
12021966  0357     4350.53
12022428  0357     3799.29
12023306  0357     4067.42
12023981  0357     5322.75
12024178  0357     3548.50
12024179  0357     3548.50
12025294  0357     5322.75
12025491  0357     3317.38
12026565  0357     3548.50
12027093  0357     3548.50
12027260  0357     3548.50
12027527  0357     3317.38
12027928  0357     3317.38
12027973  0357     3799.29
12080554  0357     3548.50
12241212  0357     4976.07
12242270  0357     3548.50
12243077  0357     3317.38
12244707  0357     3317.38
12247738  0357     5322.75
12248400  0357     8293.45
12248745  0357     3548.50
12248755  0357     3799.29
12248784  0357     7598.58
12248960  0357     3548.50
12249178  0357     4350.53
12314254  0357    10168.56
12369466  0357     3548.50
12370670  0357     4067.42
1239070   0357     3317.38
12434895  0357     3548.50
12435304  0357     3548.50
12435757  0357     4976.07
12435759  0357     8871.24
12527456  0357     3317.38
12534356  0357     3548.50
12536172  0357     3548.50
12536549  0357     4067.42
1257983   0357     3799.28
1258658   0357     3548.50
1262953   0357     3548.50
1263302   0357     3317.38
1263303   0357     3548.50
12638103  0357     4350.53
1265436   0357     3548.50
1266723   0357     2653.90
12691465  0357     3548.50
1269356   0357     7598.57
12698409  0357     3317.38
12698965  0357     3317.38
12701276  0357     4350.53
12701301  0357     8293.45
12702273  0357     3317.38
12704473  0357     3799.29
12704482  0357     7598.58
12704649  0357     3548.50
12704927  0357     3548.50
12705860  0357     3548.50
12706171  0357     3548.50
12706774  0357     7598.58
12707136  0357     3548.50
1272390   0357     3317.38
1273369   0357     3548.50
1277938   0357     3317.38
1278407   0357     3548.50
12848719  0357     3548.50
12849330  0357     4067.42
12851330  0357     3548.50
12852888  0357     3548.50
12858616  0357     6525.80
12878256  0357     3548.50
12884972  0357     3548.50
12934142  0357     3317.38
12934525  0357     3317.38
12935305  0357     3548.50
12935606  0357     3548.50
13032012  0357     8293.45
13032033  0357     3548.50
13034237  0357     3548.50
13035222  0357     4350.53
13084488  0357     3317.38
13084886  0357     3317.38
13179920  0357     3317.38
13180551  0357     3548.50
1318484   0357     3317.38
13187744  0357     7097.00
13187816  0357     5322.75
13188137  0357     3317.38
13188604  0357     4976.07
13264411  0357     3548.50
13265462  0357     3317.38
13265946  0357     6525.80
13266369  0357     4067.42
13268000  0357     6634.76
13268185  0357     6634.76
13268352  0357     3548.50
13268457  0357     3317.38
13268537  0357     5322.75
13343258  0357     3317.38
13408041  0357     3317.38
13510172  0357     3317.38
13510180  0357     3317.38
13519440  0357     3317.38
13527636  0357     3799.29
13566631  0357     4350.53
13643981  0357     6634.76
13643982  0357     4976.07
13644051  0357     3548.50
13644555  0357     8293.45
13644665  0357     3548.50
13644680  0357     9498.22
13652653  0357     3317.38
13678857  0357     3317.38
13679940  0357     3548.50
13724134  0357     5322.75
13774187  0357     3317.38
13774684  0357     3548.50
13775452  0357     3317.38
13775808  0357     3317.38
13777181  0357     4976.07
13785046  0357     3317.38
13785661  0357     3548.50
13785997  0357     3317.38
13786181  0357     3799.29
13787208  0357     3548.50
13787741  0357     3317.38
13842354  0357     3548.50
13843775  0357     3548.50
13856268  0357     3548.50
13867427  0357     5322.75
13868652  0357     3548.50
13880177  0357     3548.50
13880981  0357     3548.50
13905892  0357     3317.38
13986119  0357     3548.50
14030527  0357     3317.38
14031497  0357     8871.24
14093727  0357     5322.75
14094806  0357     3799.29
14143188  0357     3317.38
14159223  0357     6634.76
14176671  0357     3548.50
14270811  0357     8293.45
14293118  0357     5322.75
1431183   0357     3548.50
14335445  0357     3317.38
14335539  0357     3548.50
14372299  0357     3799.29
14372545  0357     3317.38
14372818  0357     7097.00
14376347  0357     3548.50
14398946  0357     3548.50
14399267  0357     4976.07
14405196  0357     3548.50
14405401  0357     3548.50
14513487  0357     3317.38
14590375  0357     3317.38
14607589  0357     4976.07
14648947  0357     3548.50
14649126  0357     3317.38
14825867  0357     8871.24
14877620  0357     4350.53
14877805  0357     3799.29
14877859  0357     4067.42
14879597  0357     7097.00
14879704  0357     8293.45
14880972  0357     7097.00
15056332  0357     3799.29
15170350  0357     3317.38
15177340  0357     3799.29
15177867  0357     6634.76
15229138  0357     3548.50
15272372  0357     3317.38
15306996  0357     3317.38
15351139  0357     3548.50
15352095  0357     3548.50
15426228  0357     3548.50
15444190  0357     3548.50
15448608  0357     3548.50
15597541  0357     3317.38
15598043  0357     3317.38
15598319  0357     3548.50
15598510  0357     7097.00
15598933  0357     3317.38
15599928  0357     6525.80
15599929  0357     7097.00
15667613  0357     6634.76
15668151  0357     7097.00
15668851  0357     3317.38
15690244  0357     3317.38
15729233  0357     5322.75
15729536  0357     8293.45
15778630  0357     5322.75
15885754  0357     3317.38
15886521  0357     3548.50
15959808  0357     3317.38
15961650  0357     3317.38
16001576  0357     3317.38
16137706  0357     3317.38
16138119  0357     5322.75
16278235  0357     3548.50
1631390   0357     3480.44
16385667  0357     3317.38
16387437  0357     7097.00
16387793  0357     7097.00
16594051  0357     3317.38
16641426  0357     3317.38
16736267  0357     3548.50
16750794  0357     3548.50
16770549  0357     3548.50
16788972  0357     7097.00
16796439  0357     6634.76
16796669  0357     3317.38
17011869  0357     7097.00
17012587  0357     8871.24
17019549  0357     3548.50
17033230  0357     3317.38
17033256  0357     3317.38
17104709  0357     3548.50
17306742  0357     3317.38
17356955  0357     3548.50
1737075   0357     3317.38
17379215  0357     4976.07
17380736  0357     3317.38
17572385  0357     7097.00
17574055  0357     3317.38
17626132  0357     6634.76
1763812   0357     3548.50
1764349   0357     3317.38
1765295   0357     6634.76
1769938   0357     3317.38
17727438  0357     8871.24
17727473  0357     3317.38
17853683  0357     8871.24
17859806  0357     3317.38
17859921  0357     6634.76
17872590  0357     3548.50
17942640  0357     3548.50
17965237  0357     5322.75
18054647  0357     3548.50
18058393  0357     3317.38
18059918  0357     3548.50
18104818  0357     3548.50
18263579  0357     3548.50
18263756  0357     3548.50
18332814  0357     3548.50
18421508  0357     3317.38
18421512  0357     4976.07
18422439  0357     7097.00
18438218  0357     3317.38
18438766  0357     3317.38
18618969  0357     3317.38
18655916  0357     3548.50
18656459  0357     5322.75
18785684  0357     3317.38
18923581  0357     3317.38
18928116  0357     3317.38
18950730  0357     3317.38
18998089  0357     6634.76
1906129   0357     3548.50
19262723  0357     3548.50
19324610  0357     7097.00
19348247  0357     3548.50
19355607  0357     3317.38
19431369  0357     3548.50
19436769  0357     3548.50
19640869  0357     6634.76
19697516  0357     3317.38
19827450  0357     3548.50
19850185  0357     3317.38
19886649  0357     8871.24
19973112  0357     3548.50
20015405  0357     3317.38
20046577  0357     6634.76
20046584  0357     6634.76
20075289  0357     7097.00
20187838  0357     3548.50
20189202  0357     4067.42
20235584  0357     6634.76
2030572   0357     3317.38
2033664   0357     4350.55
20348834  0357     4976.07
20351464  0357     6525.80
2101693   0357     3799.28
21140944  0357     4976.07
21244218  0357     3317.38
2130876   0357     3317.38
21505687  0357     8293.45
2157417   0357    10876.37
2186056   0357     3317.38
2189077   0357     3317.38
2196831   0357     3317.38
2198274   0357     3799.28
2198799   0357     3317.38
22326349  0357     3317.38
2272067   0357     3317.38
23156662  0357     3548.50
23573778  0357     3317.38
2376223   0357     4350.55
2380275   0357     3799.28
2384661   0357     3548.50
23851459  0357     3317.38
2529886   0357     3548.50
2532585   0357     3317.38
2533320   0357     3317.38
2534786   0357     2838.80
2535843   0357     3799.28
2536795   0357     3548.50
2539943   0357     3317.38
2541142   0357     3548.50
2541439   0357     4350.55
2541709   0357     3548.50
2543654   0357     3548.50
2543813   0357     3548.50
2543932   0357     3317.38
2592064   0357     3799.28
2592966   0357     3799.28
2593377   0357     3548.50
2593686   0357     3317.38
2596405   0357     3548.50
2598033   0357     3548.50
2598733   0357     3799.28
2598872   0357     3317.38
2601437   0357     3548.50
2603046   0357     3548.50
2605164   0357     3548.50
2605823   0357     2653.90
2607322   0357     3548.50
2608233   0357     3548.50
2608304   0357     3317.38
2608554   0357     3548.50
2684589   0357     3548.50
2741170   0357     4067.42
2854705   0357     3317.38
2870837   0357     3317.38
2910376   0357     3317.38
2910432   0357     3317.38
2912407   0357     3317.38
2912692   0357     4350.55
2913757   0357     3317.38
2913809   0357     3317.38
2915293   0357     3317.38
2915714   0357     3548.50
2915780   0357     3317.38
2916362   0357     3548.50
2916467   0357     3317.38
2916786   0357     3317.38
2918280   0357     8871.26
2992913   0357     3317.38
3035349   0357     3548.50
3080057   0357     6525.82
3080311   0357     3548.50
3080984   0357     3548.50
3081351   0357     3548.50
3082505   0357     3317.38
3083065   0357     3317.38
3083457   0357     3317.38
3083843   0357     3317.38
3084868   0357     3548.50
3084978   0357     3317.38
3085009   0357     3317.38
3085276   0357     4067.42
3090485   0357     3548.50
3156003   0357     3317.38
3234299   0357     4067.42
3245420   0357     3548.50
3314884   0357     2653.90
3315121   0357     3317.38
3315781   0357     3317.38
3317339   0357     3317.38
3318589   0357     3548.50
3318694   0357     4067.42
3318719   0357     3548.50
3320986   0357     3548.50
3322128   0357     3548.50
3322284   0357     3317.38
3324084   0357     3548.50
3324110   0357     4350.55
3329806   0357     3548.50
3353242   0357     3317.38
3528540   0357     3548.50
3533360   0357     4067.42
3535445   0357     3317.38
3535838   0357     3317.38
3538837   0357     3548.50
3539352   0357     3548.50
3541739   0357     3548.50
3541975   0357     2653.90
3542004   0357     3799.28
3542015   0357     2653.90
3554092   0357     3799.28
3593839   0357     3317.38
3598528   0357     3548.50
3710064   0357     3317.38
3759377   0357     3317.38
3784066   0357     3317.38
3784441   0357     3799.28
3785251   0357     3548.50
3792247   0357     3548.50
3830110   0357     3317.38
3855157   0357     2653.90
3855577   0357     3548.50
3856978   0357     3317.38
3857004   0357     3317.38
3857220   0357     3548.50
3857667   0357     3317.38
3857878   0357     3799.28
3858323   0357     7097.00
3858856   0357     3799.29
3859230   0357     5322.75
3864991   0357     4350.55
3875055   0357     3548.50
3877925   0357     7598.57
3878006   0357     3317.38
3963688   0357     3548.50
3964093   0357     3548.50
3965704   0357     3317.38
3969513   0357     3317.38
4001934   0357     3799.28
4064149   0357     3253.93
4065177   0357     3317.38
4065584   0357     3548.50
4065648   0357     3317.38
4066245   0357     3317.38
4067118   0357     3548.50
4067795   0357     3548.50
4068788   0357     3317.38
4071074   0357     4350.55
4071241   0357     3317.38
4107436   0357     3317.38
4191539   0357     3317.38
4193094   0357     9498.21
4194671   0357     3548.50
4195654   0357     3317.38
4199927   0357     2653.90
4200911   0357     3317.38
4238916   0357     3317.38
430240    0357     3317.38
4317775   0357     3799.28
4373204   0357     3799.28
4373479   0357     3317.38
4375498   0357     4350.55
4375998   0357     4067.42
4376813   0357     3317.38
4377201   0357     3799.28
4378140   0357     3317.38
4378236   0357     3317.38
4378283   0357     3317.38
4378759   0357     3799.28
4379154   0357     3317.38
4381614   0357     3317.38
4382400   0357     5322.75
4383023   0357     3799.28
4383200   0357     3317.38
4385047   0357     3548.50
4386936   0357     4067.42
4387777   0357     8293.45
4409485   0357     3799.28
4409788   0357     3317.38
4409789   0357     6634.76
4414417   0357     3317.38
4414541   0357     3799.28
4414909   0357     3548.50
4415675   0357     3317.38
443869    0357     3548.50
4609506   0357     3799.28
4610129   0357     3317.38
4720170   0357     4976.07
4720923   0357     3548.50
4721016   0357     3317.38
4721639   0357     3317.38
4722680   0357     3317.38
4722814   0357     2838.80
4723168   0357     3317.38
4723403   0357     3317.38
4724433   0357     3548.50
4725919   0357     7598.58
4727740   0357     3317.38
4728331   0357     3317.38
4729448   0357     2653.90
4730168   0357     3799.28
4730490   0357     3317.38
4730823   0357     4350.55
4731322   0357     3799.28
4731494   0357     3799.28
4732090   0357     3317.38
4732618   0357     3317.38
4734527   0357     3317.38
4734940   0357     3317.38
4735505   0357     3317.38
4738424   0357     3548.50
4739546   0357     3548.50
4739796   0357     3799.29
4754833   0357     3799.28
4803744   0357     3799.28
4805842   0357     3548.50
4827213   0357     3548.50
4853128   0357     2838.80
4882144   0357     2653.90
5017295   0357     3317.38
5022967   0357     3799.28
5237805   0357     3548.50
5238236   0357     3317.38
5239261   0357     4350.55
5240821   0357     3317.38
5242545   0357     4350.55
5244302   0357     3317.38
5244483   0357     3317.38
5244484   0357     3799.28
5244765   0357     3317.38
5245261   0357     3799.28
5248926   0357     3317.38
5248954   0357     3317.38
5249259   0357     3548.50
5249817   0357     3799.28
5250965   0357     3548.50
5251153   0357     3548.50
5251214   0357     3799.28
5252606   0357     7598.58
5253930   0357     3317.38
5254613   0357     3317.38
5254952   0357     3317.38
5255567   0357     3548.50
5255641   0357     3799.28
5257069   0357     3317.38
5257175   0357     3548.50
5257421   0357     4067.42
5257727   0357     8871.24
5257774   0357     3548.50
5259121   0357     3317.38
5259785   0357     3317.38
5261116   0357     3317.38
5261139   0357     3548.50
5261250   0357     3317.38
5261418   0357     3317.38
5261643   0357     3317.38
5263470   0357     4067.42
5344986   0357     3317.38
5435450   0357     3317.38
5436619   0357     3799.29
5436795   0357     2653.90
5438690   0357     3317.38
5439480   0357     3548.50
5439865   0357     8134.84
5458236   0357     3317.38
5461455   0357     3548.50
5605414   0357     7097.00
5658043   0357     3548.50
5688352   0357     3548.50
5765952   0357     3548.50
5779173   0357     3548.50
5915261   0357     3548.50
5921128   0357     3548.50
5921800   0357     3317.38
5923624   0357     3799.28
5925143   0357     3799.29
5925949   0357     2653.90
5929492   0357     3548.50
5935536   0357     9498.21
5938630   0357     3548.50
5938995   0357     3548.50
6044716   0357     5322.75
6125595   0357     8293.45
6127630   0357     3317.38
6238388   0357     4350.53
6394853   0357     2653.90
6537141   0357     3317.38
6573443   0357     3548.50
6573855   0357     4067.42
6573893   0357     3317.38
6575243   0357     3317.38
6575301   0357     3548.50
6584406   0357     8293.45
6602322   0357     3317.38
6634354   0357     3548.50
6689708   0357     3548.50
6690236   0357     3548.50
6701343   0357     3548.50
6701344   0357     3548.50
6701453   0357     3548.50
673822    0357     3317.38
6841910   0357     3317.38
7211860   0357     3039.43
7240399   0357     3548.50
7300376   0357     3317.38
7301470   0357     3317.38
7305494   0357     3548.50
7305781   0357     3317.38
7308623   0357     3548.50
7309317   0357     3317.38
7309375   0357     3317.38
7310425   0357     4067.42
7310959   0357     3548.50
7311233   0357     3548.50
7311255   0357     3317.38
7312149   0357     3548.50
7313189   0357     3317.38
7314050   0357     3317.38
7314987   0357     4067.42
7315048   0357     3799.28
7315058   0357     8871.26
7315331   0357     3548.50
7316059   0357     4067.42
7316139   0357     3799.28
7316607   0357     4350.55
7316959   0357     7598.57
7317744   0357     6634.76
7318041   0357     3548.50
7319649   0357     7598.58
7321787   0357     3317.38
7322304   0357     3317.38
7322780   0357     3317.38
7322794   0357     3317.38
7324725   0357     3799.28
7325664   0357     2653.90
7325721   0357     3548.50
7325722   0357     3548.50
7325778   0357     2653.90
7328421   0357     3317.38
7330948   0357     3548.50
7331943   0357     3317.38
7332202   0357     3317.38
7332734   0357     5322.75
7333145   0357     3799.28
7333526   0357     6634.76
7335642   0357     3548.50
7337422   0357     2838.80
7337778   0357     3317.38
7338055   0357     4067.42
7340200   0357     3317.38
7340742   0357     3548.50
7340989   0357     3317.38
7342107   0357     3317.38
7342680   0357     3548.50
7343605   0357     3317.38
7344290   0357     3317.38
7344465   0357     6634.76
7347856   0357     3548.50
7348137   0357     3317.38
7348986   0357     3548.50
7349428   0357    10876.34
7349843   0357     3317.38
7350162   0357     3317.38
7350273   0357     3317.38
7351297   0357     2653.90
7352317   0357     3317.38
7353377   0357     3548.50
7354064   0357     3317.38
7355928   0357     3317.38
7359478   0357     3799.29
7360346   0357     3317.38
7360517   0357     3548.50
7363171   0357     2653.90
7363652   0357     3548.50
7365166   0357     3548.50
7365545   0357     3317.38
7367276   0357     3317.38
7368710   0357     6634.76
7369018   0357     3548.50
7371154   0357     3548.50
7372156   0357     3317.38
7372973   0357     2653.90
7373089   0357     3317.38
7373215   0357     4067.42
7374243   0357     3317.38
7374616   0357     3548.50
7377030   0357     3317.38
7377579   0357     3548.50
7379256   0357     6634.76
7380616   0357     3317.38
7381553   0357     3548.50
7382148   0357     3799.28
7382532   0357     3317.38
7384964   0357     3548.50
7387544   0357     7097.00
7388038   0357     3317.38
7388080   0357     3548.50
7388125   0357     3799.29
7388199   0357     4976.07
7389581   0357     3548.50
7391472   0357     3317.38
7392153   0357     9498.22
7393061   0357     3317.38
7393144   0357     6634.76
7395742   0357     2653.90
7396051   0357     5322.75
7398038   0357     2838.80
7400031   0357     3548.50
7401094   0357     3548.50
7401380   0357     3548.50
7401853   0357     3317.38
7403123   0357     3317.38
7403188   0357     3317.38
7403563   0357     3317.38
7406353   0357     3548.50
7408531   0357     3548.50
7409730   0357     3317.38
7410177   0357     4350.55
7412535   0357     3799.29
7412738   0357     3317.38
7415285   0357     4350.55
7415448   0357     3548.50
7416870   0357     3317.38
7417289   0357     6634.76
7417791   0357     7097.00
7418898   0357     3317.38
7418939   0357     3548.50
7419340   0357     3317.38
7419740   0357     3317.38
7419800   0357     4350.53
7419866   0357     8293.45
7420316   0357     3548.50
7420429   0357     3799.29
7423108   0357     3799.29
7423415   0357     3548.50
7423444   0357     3548.50
7425063   0357     3317.38
7425430   0357     3548.50
7425900   0357     3317.38
7426046   0357     3548.50
7427359   0357     3317.38
7427520   0357     3548.50
7429274   0357     3548.50
7432253   0357     3799.29
7434591   0357     8871.24
7435158   0357     8293.45
7436077   0357     6634.76
7436996   0357     3548.50
7437806   0357     3317.38
7437808   0357     3317.38
7438450   0357     3548.50
7439597   0357     8134.84
7439617   0357     3548.50
7439629   0357     3548.50
7440809   0357     2653.90
7442445   0357     3548.50
7444497   0357     4976.07
7444651   0357     3799.29
7444842   0357     3548.50
7444889   0357     8134.85
7445661   0357     3317.38
7446382   0357     3799.29
7446644   0357     3548.50
7447067   0357     8871.24
7447334   0357     4067.42
7447992   0357     3317.38
7449457   0357     3317.38
7455429   0357     3548.50
7455588   0357     3548.50
7461704   0357     3548.50
7465820   0357     8871.24
7465910   0357     3548.50
7466779   0357     4350.55
7466870   0357     3548.50
7502836   0357     3799.28
7548386   0357     2653.90
770342    0357     3548.50
7917981   0357     3548.50
7981510   0357     3799.28
7982728   0357     2653.90
7982865   0357     3799.28
7983170   0357     3317.38
7984159   0357     3548.50
7985605   0357     2838.80
7988969   0357     3548.50
8054279   0357     3317.38
8064487   0357     5677.60
8069571   0357     3548.50
8140450   0357     2653.90
8594315   0357     2838.80
8718789   0357     5677.60
8734286   0357     3799.29
9066082   0357     3317.38
9100619   0357     3548.50
9211039   0357     3317.38
9261804   0357     3799.29
9317884   0357     7598.58
9433060   0357     3548.50
9540404   0357     3799.29
9540845   0357     6101.13
9542018   0357     9498.22
9542237   0357     3317.38
9543174   0357     3548.50
9543530   0357     3799.28
9544179   0357     3548.50
9544345   0357     3317.38
9544429   0357     3799.28
9544827   0357     3799.29
9545198   0357     3317.38
9545952   0357     3317.38
9546474   0357     3548.50
9547148   0357     3317.38
9551389   0357     3548.50
9552709   0357     2653.90
9553039   0357     3548.50
9553047   0357     3317.38
9553149   0357     3317.38
9555077   0357     4067.42
9555609   0357     3548.50
9555641   0357     3548.50
9557148   0357     8134.85
9557803   0357     3317.38
9557875   0357     3317.38
9557894   0357     3317.38
9558628   0357     3317.38
9560453   0357     3317.38
9570736   0357     3548.50
9572755   0357     3548.50
9577605   0357     3548.50
9601343   0357     8871.24
9603154   0357     3317.38
9603683   0357     3548.50
9603870   0357     2653.90
9604166   0357     3317.38
9604592   0357     6525.80
9607091   0357     3317.38
9608547   0357     3548.50
9609337   0357     8293.45
9609338   0357     7097.00
9612117   0357     3039.43
9612692   0357     3548.50
9614364   0357     6634.76
9615563   0357     3548.50
9615964   0357     3548.50
9617493   0357     3317.38
9620242   0357     7598.58
9620248   0357     8134.85
9620376   0357     3548.50
9620599   0357     3799.29
9620701   0357     3317.38
9620720   0357     3317.38
9621777   0357     3548.50
9622347   0357     3548.50
9624370   0357     4350.55
9624596   0357     3317.38
9625361   0357     3548.50
9625933   0357     7097.00
9626215   0357     3317.38
9627150   0357     9498.22
9627523   0357     7097.00
9627724   0357     3317.38
9629963   0357     3799.29
9631462   0357     3799.28
9634554   0357     3548.50
9634674   0357     3548.50
9636806   0357     3317.38
9638320   0357     3548.50
9639201   0357     3317.38
9845319   0357     3317.38
9846320   0357     3799.29
9847068   0357     3317.38
9847350   0357     3548.50
9848693   0357     3317.38
9850403   0357     3548.50
9851111   0357     3548.50
9851993   0357     3548.50
10107724  3357     4350.53
10120357  3357     3548.50
10121866  3357     3799.29
10125466  3357     3317.38
10126656  3357     3548.50
10141786  3357     3799.29
10312414  3357     3317.38
10373550  3357     3548.50
10639752  3357     3317.38
10726693  3357     3548.50
10760806  3357     3317.38
10764554  3357     3799.29
10770124  3357     3548.50
10772668  3357     3317.38
10774121  3357     3799.29
10775520  3357     3317.38
10776516  3357     4350.53
10776915  3357     3317.38
10777645  3357     3548.50
10778464  3357     3317.38
10779723  3357     3548.50
10784623  3357     3548.50
10820078  3357     3799.29
10840266  3357     3548.50
10841061  3357     3317.38
10841823  3357     4350.53
10842205  3357     3548.50
10843324  3357     3548.50
10844947  3357     3548.50
10845717  3357     3317.38
10845943  3357     4350.53
10846474  3357     3548.50
10846532  3357     3799.29
10846629  3357     3548.50
10846940  3357     3548.50
10846985  3357     3548.50
10847648  3357     3317.38
10848158  3357     4067.42
10849906  3357     3548.50
10849907  3357     3799.29
10860593  3357     3548.50
10903693  3357     3317.38
10959957  3357     3548.50
10960021  3357     3548.50
10963442  3357     3799.29
10963957  3357     3799.29
10964062  3357     3548.50
1108218   3357     3317.38
1112379   3357     3548.50
1115136   3357     3548.50
11163187  3357     3317.38
11177533  3357     3317.38
11260715  3357     3548.50
11261772  3357     4350.53
11262378  3357     3548.50
11263756  3357     3317.38
11264465  3357     3548.50
11264550  3357     3799.29
11265496  3357     3548.50
11265527  3357     3799.29
11266390  3357     3548.50
11267811  3357     3317.38
11267932  3357     3317.38
11269196  3357     4067.42
1129535   3357     3799.28
11414487  3357     3799.29
11425214  3357     3548.50
11425449  3357     3548.50
11426462  3357     3317.38
11428034  3357     3317.38
11428889  3357     3548.50
11429539  3357     3548.50
11429792  3357     3317.38
11429991  3357     3548.50
11430700  3357     3548.50
11433167  3357     3548.50
11433865  3357     3548.50
11433968  3357     3548.50
11434350  3357     3548.50
11546168  3357     3317.38
11584952  3357     3548.50
11586448  3357     3799.29
11594236  3357     4350.55
11594524  3357     3317.38
11596252  3357     3548.50
11597667  3357     3548.50
11598121  3357     3317.38
11598207  3357     3317.38
11633896  3357     3317.38
11645810  3357     3548.50
11651035  3357     3548.50
11651090  3357     3548.50
11652405  3357     3548.50
11653864  3357     3548.50
11694358  3357     3548.50
11694758  3357     3548.50
11695394  3357     3317.38
11749469  3357     3548.50
11783201  3357     3799.29
11783366  3357     4350.53
11784637  3357     3317.38
11786325  3357     4350.53
11786432  3357     3317.38
11787653  3357     3548.50
11788630  3357     3799.29
11790273  3357     3548.50
11790818  3357     3548.50
11791177  3357     3548.50
11792127  3357     3548.50
11792506  3357     3317.38
11792846  3357     2838.80
11878930  3357     3548.50
11879419  3357     3799.29
11879750  3357     4350.53
11881668  3357     3317.38
11881669  3357     3317.38
11882080  3357     3317.38
11883300  3357     3548.50
12018571  3357     3317.38
12018729  3357     3317.38
12018852  3357     3548.50
12019816  3357     3317.38
12020535  3357     4067.42
12021559  3357     3799.29
12021966  3357     4350.53
12022428  3357     3799.29
12023306  3357     4067.42
12023981  3357     3548.50
12024178  3357     3548.50
12024179  3357     3548.50
12025294  3357     3548.50
12025491  3357     3317.38
12026565  3357     3548.50
12027093  3357     3548.50
12027260  3357     3548.50
12027527  3357     3317.38
12027928  3357     3317.38
12027973  3357     3799.29
12080554  3357     3548.50
12241212  3357     3317.38
12242270  3357     3548.50
12243077  3357     3317.38
12244707  3357     3317.38
12247738  3357     3548.50
12248400  3357     3317.38
12248745  3357     3548.50
12248755  3357     3799.29
12248784  3357     3799.29
12248960  3357     3548.50
12249178  3357     4350.53
12314254  3357     4067.42
12369466  3357     3548.50
12370670  3357     4067.42
1239070   3357     3317.38
12434895  3357     3548.50
12435304  3357     3548.50
12435757  3357     3317.38
12435759  3357     3548.50
12527456  3357     3317.38
12534356  3357     3548.50
12536172  3357     3548.50
12536549  3357     4067.42
1257983   3357     3799.28
1258658   3357     3548.50
1262953   3357     3548.50
1263302   3357     3317.38
1263303   3357     3548.50
12638103  3357     4350.53
1265436   3357     3548.50
1266723   3357     2653.90
12691465  3357     3548.50
1269356   3357     3799.28
12698409  3357     3317.38
12698965  3357     3317.38
12701276  3357     4350.53
12701301  3357     3317.38
12702273  3357     3317.38
12704473  3357     3799.29
12704482  3357     3799.29
12704649  3357     3548.50
12704927  3357     3548.50
12705860  3357     3548.50
12706171  3357     3548.50
12706774  3357     3799.29
12707136  3357     3548.50
1272390   3357     3317.38
1273369   3357     3548.50
1277938   3357     3317.38
1278407   3357     3548.50
12848719  3357     3548.50
12849330  3357     4067.42
12851330  3357     3548.50
12852888  3357     3548.50
12858616  3357     4350.53
12878256  3357     3548.50
12884972  3357     3548.50
12934142  3357     3317.38
12934525  3357     3317.38
12935305  3357     3548.50
12935606  3357     3548.50
13032012  3357     3317.38
13032033  3357     3548.50
13034237  3357     3548.50
13035222  3357     4350.53
13084488  3357     3317.38
13084886  3357     3317.38
13179920  3357     3317.38
13180551  3357     3548.50
1318484   3357     3317.38
13187744  3357     3548.50
13187816  3357     3548.50
13188137  3357     3317.38
13188604  3357     3317.38
13264411  3357     3548.50
13265462  3357     3317.38
13265946  3357     4350.53
13266369  3357     4067.42
13268000  3357     3317.38
13268185  3357     3317.38
13268352  3357     3548.50
13268457  3357     3317.38
13268537  3357     3548.50
13343258  3357     3317.38
13408041  3357     3317.38
13510172  3357     3317.38
13510180  3357     3317.38
13519440  3357     3317.38
13527636  3357     3799.29
13566631  3357     4350.53
13643981  3357     3317.38
13643982  3357     3317.38
13644051  3357     3548.50
13644555  3357     3317.38
13644665  3357     3548.50
13644680  3357     3799.29
13652653  3357     3317.38
13678857  3357     3317.38
13679940  3357     3548.50
13724134  3357     3548.50
13774187  3357     3317.38
13774684  3357     3548.50
13775452  3357     3317.38
13775808  3357     3317.38
13777181  3357     3317.38
13785046  3357     3317.38
13785661  3357     3548.50
13785997  3357     3317.38
13786181  3357     3799.29
13787208  3357     3548.50
13787741  3357     3317.38
13842354  3357     3548.50
13843775  3357     3548.50
13856268  3357     3548.50
13867427  3357     3548.50
13868652  3357     3548.50
13880177  3357     3548.50
13880981  3357     3548.50
13905892  3357     3317.38
13986119  3357     3548.50
14030527  3357     3317.38
14031497  3357     3548.50
14093727  3357     3548.50
14094806  3357     3799.29
14143188  3357     3317.38
14159223  3357     3317.38
14176671  3357     3548.50
14270811  3357     3317.38
14293118  3357     3548.50
1431183   3357     3548.50
14335445  3357     3317.38
14335539  3357     3548.50
14372299  3357     3799.29
14372545  3357     3317.38
14372818  3357     2838.80
14376347  3357     3548.50
14398946  3357     3548.50
14399267  3357     3317.38
14405196  3357     3548.50
14405401  3357     3548.50
14513487  3357     3317.38
14590375  3357     3317.38
14607589  3357     3317.38
14648947  3357     3548.50
14649126  3357     3317.38
14825867  3357     3548.50
14877620  3357     4350.53
14877805  3357     3799.29
14877859  3357     4067.42
14879597  3357     3548.50
14879704  3357     3317.38
14880972  3357     3548.50
15056332  3357     3799.29
15170350  3357     3317.38
15177340  3357     3799.29
15177867  3357     3317.38
15229138  3357     3548.50
15272372  3357     3317.38
15306996  3357     3317.38
15351139  3357     3548.50
15352095  3357     3548.50
15426228  3357     3548.50
15444190  3357     3548.50
15448608  3357     3548.50
15597541  3357     3317.38
15598043  3357     3317.38
15598319  3357     3548.50
15598510  3357     3548.50
15598933  3357     3317.38
15599928  3357     4350.53
15599929  3357     3548.50
15667613  3357     3317.38
15668151  3357     3548.50
15668851  3357     3317.38
15690244  3357     3317.38
15729233  3357     3548.50
15729536  3357     3317.38
15778630  3357     3548.50
15885754  3357     3317.38
15886521  3357     3548.50
15959808  3357     3317.38
15961650  3357     3317.38
16001576  3357     3317.38
16137706  3357     3317.38
16138119  3357     3548.50
16278235  3357     3548.50
1631390   3357     3480.44
16385667  3357     3317.38
16387437  3357     3548.50
16387793  3357     3548.50
16594051  3357     3317.38
16641426  3357     3317.38
16736267  3357     3548.50
16750794  3357     3548.50
16770549  3357     3548.50
16788972  3357     3548.50
16796439  3357     3317.38
16796669  3357     3317.38
17011869  3357     3548.50
17012587  3357     3548.50
17019549  3357     3548.50
17033230  3357     3317.38
17033256  3357     3317.38
17104709  3357     3548.50
17306742  3357     3317.38
17356955  3357     3548.50
1737075   3357     3317.38
17379215  3357     3317.38
17380736  3357     3317.38
17572385  3357     3548.50
17574055  3357     3317.38
17626132  3357     3317.38
1763812   3357     3548.50
1764349   3357     3317.38
1765295   3357     3317.38
1769938   3357     3317.38
17727438  3357     3548.50
17727473  3357     3317.38
17853683  3357     3548.50
17859806  3357     3317.38
17859921  3357     3317.38
17872590  3357     3548.50
17942640  3357     3548.50
17965237  3357     3548.50
18054647  3357     3548.50
18058393  3357     3317.38
18059918  3357     3548.50
18104818  3357     3548.50
18263579  3357     3548.50
18263756  3357     3548.50
18332814  3357     3548.50
18421508  3357     3317.38
18421512  3357     3317.38
18422439  3357     3548.50
18438218  3357     3317.38
18438766  3357     3317.38
18618969  3357     3317.38
18655916  3357     3548.50
18656459  3357     3548.50
18785684  3357     3317.38
18923581  3357     3317.38
18928116  3357     3317.38
18950730  3357     3317.38
18998089  3357     3317.38
1906129   3357     3548.50
19262723  3357     3548.50
19324610  3357     3548.50
19348247  3357     3548.50
19355607  3357     3317.38
19431369  3357     3548.50
19436769  3357     3548.50
19640869  3357     3317.38
19697516  3357     3317.38
19827450  3357     3548.50
19850185  3357     3317.38
19886649  3357     3548.50
19973112  3357     3548.50
20015405  3357     3317.38
20046577  3357     3317.38
20046584  3357     3317.38
20075289  3357     3548.50
20187838  3357     3548.50
20189202  3357     4067.42
20235584  3357     3317.38
2030572   3357     3317.38
2033664   3357     4350.55
20348834  3357     3317.38
20351464  3357     4350.53
2101693   3357     3799.28
21140944  3357     3317.38
21244218  3357     3317.38
2130876   3357     3317.38
21505687  3357     3317.38
2157417   3357     4350.55
2186056   3357     3317.38
2189077   3357     3317.38
2196831   3357     3317.38
2198274   3357     3799.28
2198799   3357     3317.38
22326349  3357     3317.38
2272067   3357     3317.38
23156662  3357     3548.50
23573778  3357     3317.38
2376223   3357     4350.55
2380275   3357     3799.28
2384661   3357     3548.50
23851459  3357     3317.38
2529886   3357     3548.50
2532585   3357     3317.38
2533320   3357     3317.38
2534786   3357     2838.80
2535843   3357     3799.28
2536795   3357     3548.50
2539943   3357     3317.38
2541142   3357     3548.50
2541439   3357     4350.55
2541709   3357     3548.50
2543654   3357     3548.50
2543813   3357     3548.50
2543932   3357     3317.38
2592064   3357     3799.28
2592966   3357     3799.28
2593377   3357     3548.50
2593686   3357     3317.38
2596405   3357     3548.50
2598033   3357     3548.50
2598733   3357     3799.28
2598872   3357     3317.38
2601437   3357     3548.50
2603046   3357     3548.50
2605164   3357     3548.50
2605823   3357     2653.90
2607322   3357     3548.50
2608233   3357     3548.50
2608304   3357     3317.38
2608554   3357     3548.50
2684589   3357     3548.50
2741170   3357     4067.42
2854705   3357     3317.38
2870837   3357     3317.38
2910376   3357     3317.38
2910432   3357     3317.38
2912407   3357     3317.38
2912692   3357     4350.55
2913757   3357     3317.38
2913809   3357     3317.38
2915293   3357     3317.38
2915714   3357     3548.50
2915780   3357     3317.38
2916362   3357     3548.50
2916467   3357     3317.38
2916786   3357     3317.38
2918280   3357     3548.50
2992913   3357     3317.38
3035349   3357     3548.50
3080057   3357     4350.55
3080311   3357     3548.50
3080984   3357     3548.50
3081351   3357     3548.50
3082505   3357     3317.38
3083065   3357     3317.38
3083457   3357     3317.38
3083843   3357     3317.38
3084868   3357     3548.50
3084978   3357     3317.38
3085009   3357     3317.38
3085276   3357     4067.42
3090485   3357     3548.50
3156003   3357     3317.38
3234299   3357     4067.42
3245420   3357     3548.50
3314884   3357     2653.90
3315121   3357     3317.38
3315781   3357     3317.38
3317339   3357     3317.38
3318589   3357     3548.50
3318694   3357     4067.42
3318719   3357     3548.50
3320986   3357     3548.50
3322128   3357     3548.50
3322284   3357     3317.38
3324084   3357     3548.50
3324110   3357     4350.55
3329806   3357     3548.50
3353242   3357     3317.38
3528540   3357     3548.50
3533360   3357     4067.42
3535445   3357     3317.38
3535838   3357     3317.38
3538837   3357     3548.50
3539352   3357     3548.50
3541739   3357     3548.50
3541975   3357     2653.90
3542004   3357     3799.28
3542015   3357     2653.90
3554092   3357     3799.28
3593839   3357     3317.38
3598528   3357     3548.50
3710064   3357     3317.38
3759377   3357     3317.38
3784066   3357     3317.38
3784441   3357     3799.28
3785251   3357     3548.50
3792247   3357     3548.50
3830110   3357     3317.38
3855157   3357     2653.90
3855577   3357     3548.50
3856978   3357     3317.38
3857004   3357     3317.38
3857220   3357     3548.50
3857667   3357     3317.38
3857878   3357     3799.28
3858323   3357     3548.50
3858856   3357     3799.29
3859230   3357     3548.50
3864991   3357     4350.55
3875055   3357     3548.50
3877925   3357     3799.28
3878006   3357     3317.38
3963688   3357     3548.50
3964093   3357     3548.50
3965704   3357     3317.38
3969513   3357     3317.38
4001934   3357     3799.28
4064149   3357     3253.93
4065177   3357     3317.38
4065584   3357     3548.50
4065648   3357     3317.38
4066245   3357     3317.38
4067118   3357     3548.50
4067795   3357     3548.50
4068788   3357     3317.38
4071074   3357     4350.55
4071241   3357     3317.38
4107436   3357     3317.38
4191539   3357     3317.38
4193094   3357     3799.28
4194671   3357     3548.50
4195654   3357     3317.38
4199927   3357     2653.90
4200911   3357     3317.38
4238916   3357     3317.38
430240    3357     3317.38
4317775   3357     3799.28
4373204   3357     3799.28
4373479   3357     3317.38
4375498   3357     4350.55
4375998   3357     4067.42
4376813   3357     3317.38
4377201   3357     3799.28
4378140   3357     3317.38
4378236   3357     3317.38
4378283   3357     3317.38
4378759   3357     3799.28
4379154   3357     3317.38
4381614   3357     3317.38
4382400   3357     3548.50
4383023   3357     3799.28
4383200   3357     3317.38
4385047   3357     3548.50
4386936   3357     4067.42
4387777   3357     3317.38
4409485   3357     3799.28
4409788   3357     3317.38
4409789   3357     3317.38
4414417   3357     3317.38
4414541   3357     3799.28
4414909   3357     3548.50
4415675   3357     3317.38
443869    3357     3548.50
4609506   3357     3799.28
4610129   3357     3317.38
4720170   3357     3317.38
4720923   3357     3548.50
4721016   3357     3317.38
4721639   3357     3317.38
4722680   3357     3317.38
4722814   3357     2838.80
4723168   3357     3317.38
4723403   3357     3317.38
4724433   3357     3548.50
4725919   3357     3799.29
4727740   3357     3317.38
4728331   3357     3317.38
4729448   3357     2653.90
4730168   3357     3799.28
4730490   3357     3317.38
4730823   3357     4350.55
4731322   3357     3799.28
4731494   3357     3799.28
4732090   3357     3317.38
4732618   3357     3317.38
4734527   3357     3317.38
4734940   3357     3317.38
4735505   3357     3317.38
4738424   3357     3548.50
4739546   3357     3548.50
4739796   3357     3799.29
4754833   3357     3799.28
4803744   3357     3799.28
4805842   3357     3548.50
4827213   3357     3548.50
4853128   3357     2838.80
4882144   3357     2653.90
5017295   3357     3317.38
5022967   3357     3799.28
5237805   3357     3548.50
5238236   3357     3317.38
5239261   3357     4350.55
5240821   3357     3317.38
5242545   3357     4350.55
5244302   3357     3317.38
5244483   3357     3317.38
5244484   3357     3799.28
5244765   3357     3317.38
5245261   3357     3799.28
5248926   3357     3317.38
5248954   3357     3317.38
5249259   3357     3548.50
5249817   3357     3799.28
5250965   3357     3548.50
5251153   3357     3548.50
5251214   3357     3799.28
5252606   3357     3799.29
5253930   3357     3317.38
5254613   3357     3317.38
5254952   3357     3317.38
5255567   3357     3548.50
5255641   3357     3799.28
5257069   3357     3317.38
5257175   3357     3548.50
5257421   3357     4067.42
5257727   3357     3548.50
5257774   3357     3548.50
5259121   3357     3317.38
5259785   3357     3317.38
5261116   3357     3317.38
5261139   3357     3548.50
5261250   3357     3317.38
5261418   3357     3317.38
5261643   3357     3317.38
5263470   3357     4067.42
5344986   3357     3317.38
5435450   3357     3317.38
5436619   3357     3799.29
5436795   3357     2653.90
5438690   3357     3317.38
5439480   3357     3548.50
5439865   3357     3253.93
5458236   3357     3317.38
5461455   3357     3548.50
5605414   3357     3548.50
5658043   3357     3548.50
5688352   3357     3548.50
5765952   3357     3548.50
5779173   3357     3548.50
5915261   3357     3548.50
5921128   3357     3548.50
5921800   3357     3317.38
5923624   3357     3799.28
5925143   3357     3799.29
5925949   3357     2653.90
5929492   3357     3548.50
5935536   3357     3799.28
5938630   3357     3548.50
5938995   3357     3548.50
6044716   3357     3548.50
6125595   3357     3317.38
6127630   3357     3317.38
6238388   3357     4350.53
6394853   3357     2653.90
6537141   3357     3317.38
6573443   3357     3548.50
6573855   3357     4067.42
6573893   3357     3317.38
6575243   3357     3317.38
6575301   3357     3548.50
6584406   3357     3317.38
6602322   3357     3317.38
6634354   3357     3548.50
6689708   3357     3548.50
6690236   3357     3548.50
6701343   3357     3548.50
6701344   3357     3548.50
6701453   3357     3548.50
673822    3357     3317.38
6841910   3357     3317.38
7211860   3357     3039.43
7240399   3357     3548.50
7300376   3357     3317.38
7301470   3357     3317.38
7305494   3357     3548.50
7305781   3357     3317.38
7308623   3357     3548.50
7309317   3357     3317.38
7309375   3357     3317.38
7310425   3357     4067.42
7310959   3357     3548.50
7311233   3357     3548.50
7311255   3357     3317.38
7312149   3357     3548.50
7313189   3357     3317.38
7314050   3357     3317.38
7314987   3357     4067.42
7315048   3357     3799.28
7315058   3357     3548.50
7315331   3357     3548.50
7316059   3357     4067.42
7316139   3357     3799.28
7316607   3357     4350.55
7316959   3357     3799.28
7317744   3357     3317.38
7318041   3357     3548.50
7319649   3357     3799.29
7321787   3357     3317.38
7322304   3357     3317.38
7322780   3357     3317.38
7322794   3357     3317.38
7324725   3357     3799.28
7325664   3357     2653.90
7325721   3357     3548.50
7325722   3357     3548.50
7325778   3357     2653.90
7328421   3357     3317.38
7330948   3357     3548.50
7331943   3357     3317.38
7332202   3357     3317.38
7332734   3357     3548.50
7333145   3357     3799.28
7333526   3357     3317.38
7335642   3357     3548.50
7337422   3357     2838.80
7337778   3357     3317.38
7338055   3357     4067.42
7340200   3357     3317.38
7340742   3357     3548.50
7340989   3357     3317.38
7342107   3357     3317.38
7342680   3357     3548.50
7343605   3357     3317.38
7344290   3357     3317.38
7344465   3357     3317.38
7347856   3357     3548.50
7348137   3357     3317.38
7348986   3357     3548.50
7349428   3357     4350.53
7349843   3357     3317.38
7350162   3357     3317.38
7350273   3357     3317.38
7351297   3357     2653.90
7352317   3357     3317.38
7353377   3357     3548.50
7354064   3357     3317.38
7355928   3357     3317.38
7359478   3357     3799.29
7360346   3357     3317.38
7360517   3357     3548.50
7363171   3357     2653.90
7363652   3357     3548.50
7365166   3357     3548.50
7365545   3357     3317.38
7367276   3357     3317.38
7368710   3357     3317.38
7369018   3357     3548.50
7371154   3357     3548.50
7372156   3357     3317.38
7372973   3357     2653.90
7373089   3357     3317.38
7373215   3357     4067.42
7374243   3357     3317.38
7374616   3357     3548.50
7377030   3357     3317.38
7377579   3357     3548.50
7379256   3357     3317.38
7380616   3357     3317.38
7381553   3357     3548.50
7382148   3357     3799.28
7382532   3357     3317.38
7384964   3357     3548.50
7387544   3357     3548.50
7388038   3357     3317.38
7388080   3357     3548.50
7388125   3357     3799.29
7388199   3357     3317.38
7389581   3357     3548.50
7391472   3357     3317.38
7392153   3357     3799.29
7393061   3357     3317.38
7393144   3357     3317.38
7395742   3357     2653.90
7396051   3357     3548.50
7398038   3357     2838.80
7400031   3357     3548.50
7401094   3357     3548.50
7401380   3357     3548.50
7401853   3357     3317.38
7403123   3357     3317.38
7403188   3357     3317.38
7403563   3357     3317.38
7406353   3357     3548.50
7408531   3357     3548.50
7409730   3357     3317.38
7410177   3357     4350.55
7412535   3357     3799.29
7412738   3357     3317.38
7415285   3357     4350.55
7415448   3357     3548.50
7416870   3357     3317.38
7417289   3357     3317.38
7417791   3357     3548.50
7418898   3357     3317.38
7418939   3357     3548.50
7419340   3357     3317.38
7419740   3357     3317.38
7419800   3357     4350.53
7419866   3357     3317.38
7420316   3357     3548.50
7420429   3357     3799.29
7423108   3357     3799.29
7423415   3357     3548.50
7423444   3357     3548.50
7425063   3357     3317.38
7425430   3357     3548.50
7425900   3357     3317.38
7426046   3357     3548.50
7427359   3357     3317.38
7427520   3357     3548.50
7429274   3357     3548.50
7432253   3357     3799.29
7434591   3357     3548.50
7435158   3357     3317.38
7436077   3357     3317.38
7436996   3357     3548.50
7437806   3357     3317.38
7437808   3357     3317.38
7438450   3357     3548.50
7439597   3357     4067.42
7439617   3357     3548.50
7439629   3357     3548.50
7440809   3357     2653.90
7442445   3357     3548.50
7444497   3357     3317.38
7444651   3357     3799.29
7444842   3357     3548.50
7444889   3357     4067.42
7445661   3357     3317.38
7446382   3357     3799.29
7446644   3357     3548.50
7447067   3357     3548.50
7447334   3357     4067.42
7447992   3357     3317.38
7449457   3357     3317.38
7455429   3357     3548.50
7455588   3357     3548.50
7461704   3357     3548.50
7465820   3357     3548.50
7465910   3357     3548.50
7466779   3357     4350.55
7466870   3357     3548.50
7502836   3357     3799.28
7548386   3357     2653.90
770342    3357     3548.50
7917981   3357     3548.50
7981510   3357     3799.28
7982728   3357     2653.90
7982865   3357     3799.28
7983170   3357     3317.38
7984159   3357     3548.50
7985605   3357     2838.80
7988969   3357     3548.50
8054279   3357     3317.38
8064487   3357     2838.80
8069571   3357     3548.50
8140450   3357     2653.90
8594315   3357     2838.80
8718789   3357     2838.80
8734286   3357     3799.29
9066082   3357     3317.38
9100619   3357     3548.50
9211039   3357     3317.38
9261804   3357     3799.29
9317884   3357     3799.29
9433060   3357     3548.50
9540404   3357     3799.29
9540845   3357     4067.42
9542018   3357     3799.29
9542237   3357     3317.38
9543174   3357     3548.50
9543530   3357     3799.28
9544179   3357     3548.50
9544345   3357     3317.38
9544429   3357     3799.28
9544827   3357     3799.29
9545198   3357     3317.38
9545952   3357     3317.38
9546474   3357     3548.50
9547148   3357     3317.38
9551389   3357     3548.50
9552709   3357     2653.90
9553039   3357     3548.50
9553047   3357     3317.38
9553149   3357     3317.38
9555077   3357     4067.42
9555609   3357     3548.50
9555641   3357     3548.50
9557148   3357     4067.42
9557803   3357     3317.38
9557875   3357     3317.38
9557894   3357     3317.38
9558628   3357     3317.38
9560453   3357     3317.38
9570736   3357     3548.50
9572755   3357     3548.50
9577605   3357     3548.50
9601343   3357     3548.50
9603154   3357     3317.38
9603683   3357     3548.50
9603870   3357     2653.90
9604166   3357     3317.38
9604592   3357     4350.53
9607091   3357     3317.38
9608547   3357     3548.50
9609337   3357     3317.38
9609338   3357     3548.50
9612117   3357     3039.43
9612692   3357     3548.50
9614364   3357     3317.38
9615563   3357     3548.50
9615964   3357     3548.50
9617493   3357     3317.38
9620242   3357     3799.29
9620248   3357     4067.42
9620376   3357     3548.50
9620599   3357     3799.29
9620701   3357     3317.38
9620720   3357     3317.38
9621777   3357     3548.50
9622347   3357     3548.50
9624370   3357     4350.55
9624596   3357     3317.38
9625361   3357     3548.50
9625933   3357     3548.50
9626215   3357     3317.38
9627150   3357     3799.29
9627523   3357     3548.50
9627724   3357     3317.38
9629963   3357     3799.29
9631462   3357     3799.28
9634554   3357     3548.50
9634674   3357     3548.50
9636806   3357     3317.38
9638320   3357     3548.50
9639201   3357     3317.38
9845319   3357     3317.38
9846320   3357     3799.29
9847068   3357     3317.38
9847350   3357     3548.50
9848693   3357     3317.38
9850403   3357     3548.50
9851111   3357     3548.50
9851993   3357     3548.50
