10107724  0357       27.66
10120357  0357       33.84
10121866  0357       60.40
10125466  0357       18.43
10126656  0357       22.56
10141786  0357       24.16
10312414  0357       21.10
10373550  0357       45.12
10639752  0357       18.43
10726693  0357       22.56
10760806  0357       18.43
10764554  0357       24.16
10770124  0357       22.56
10772668  0357       18.43
10774121  0357       24.16
10775520  0357       21.10
10776516  0357       27.66
10776915  0357       18.43
10777482  0357       18.43
10778464  0357       18.43
10779723  0357       22.56
10784623  0357       22.56
10794552  0357       22.56
10820078  0357       24.16
10840266  0357       22.56
10841061  0357       19.71
10842205  0357       22.56
10843324  0357       56.40
10844575  0357       55.31
10844947  0357       22.56
10845717  0357       18.43
10845943  0357       22.56
10846474  0357       22.56
10846532  0357       24.16
10847648  0357       18.43
10848158  0357       25.84
10849906  0357       22.56
10849907  0357       24.16
10860593  0357       22.56
10903693  0357       18.43
10959957  0357       22.56
10960021  0357       22.56
10963442  0357       24.16
10963957  0357       24.16
10964062  0357       45.12
1108218   0357       21.10
1115136   0357       22.56
11163187  0357       18.43
11177533  0357       18.43
11260715  0357       22.56
11261772  0357       27.66
11262378  0357       22.56
11263756  0357       18.43
11264041  0357       29.57
11264550  0357       21.10
11265496  0357       22.56
11265527  0357       24.16
11266390  0357       45.12
11267811  0357       42.19
11267932  0357       36.86
11268437  0357       27.66
11269196  0357       25.84
1129535   0357       24.16
11414487  0357       24.16
11425449  0357       22.56
11426462  0357       21.10
11428034  0357       21.10
11428889  0357       56.40
11429539  0357       45.12
11429792  0357       18.43
11429991  0357       33.84
11430700  0357       22.56
11434350  0357       21.10
11546168  0357       21.10
11580362  0357       24.16
11584952  0357       22.56
11586448  0357       22.56
11589730  0357       45.12
11594236  0357       27.66
11594524  0357       18.43
11598121  0357       19.71
11598207  0357       18.43
11598956  0357       19.71
11633896  0357       19.71
11645810  0357       22.56
11651090  0357       22.56
11652405  0357       22.56
11653864  0357       22.56
11694358  0357       18.43
11694758  0357       22.56
11695394  0357       36.86
11749469  0357       22.56
11783201  0357       24.16
11783366  0357       27.66
11784637  0357       18.43
11786325  0357       27.66
11786432  0357       21.10
11787807  0357       22.56
11788587  0357       48.32
11788630  0357       24.16
11790273  0357       22.56
11790818  0357       33.84
11792127  0357       22.56
11792506  0357       18.43
11792846  0357       22.56
118087    0357       10.35
11879419  0357       24.16
11879750  0357       24.16
11881224  0357       27.66
11881668  0357       46.08
11881669  0357       18.43
11882080  0357       21.10
11882720  0357       27.66
11949766  0357       27.66
12018571  0357       31.64
12018729  0357       18.43
12018852  0357       22.56
12019816  0357       21.10
12020535  0357       25.84
12021559  0357       24.16
12021966  0357       22.56
12022428  0357       24.16
12023306  0357       25.84
12023981  0357       33.84
12024178  0357       22.56
12024179  0357       22.56
12025488  0357       18.43
12025491  0357       18.43
12026565  0357       22.56
12027093  0357       22.56
12027260  0357       22.56
12027527  0357       18.43
12027973  0357       48.32
12080554  0357       22.56
1218058   0357       22.56
12241212  0357       27.65
12242270  0357       22.56
12243077  0357       18.43
12244707  0357       18.43
12248400  0357       46.08
12248755  0357       24.16
12248784  0357       39.42
12248960  0357       22.56
12249178  0357       27.66
12279667  0357       22.56
12314254  0357       64.60
1232375   0357       16.19
12370670  0357       25.84
1239070   0357       21.10
12434895  0357       19.71
12435304  0357       22.56
12435757  0357       27.65
12435759  0357       33.84
12527456  0357       21.10
12534356  0357       22.56
12536172  0357       22.56
12536549  0357       25.84
1254062   0357       19.71
1257983   0357       24.16
1258658   0357       22.56
1259324   0357       19.71
1260432   0357       22.56
1260887   0357       22.56
1261562   0357       19.71
1262953   0357       22.56
1263302   0357       18.43
1263303   0357       22.56
1263991   0357       16.91
1265436   0357       22.56
1266723   0357       18.43
1268446   0357       22.56
1269356   0357       24.16
12698409  0357       18.43
12698965  0357       18.43
12700553  0357       21.10
12701276  0357       22.56
12701301  0357       18.43
12702273  0357       21.10
12704473  0357       19.71
12704482  0357       48.32
12704927  0357       22.56
12705860  0357       22.56
12707136  0357       22.56
1272390   0357       19.71
1273369   0357       22.56
1277938   0357       19.71
1278407   0357       22.56
12848719  0357       22.56
12849330  0357       25.84
12851330  0357       22.56
12878256  0357       22.56
12934142  0357       21.10
12934525  0357       18.43
12935305  0357       22.56
12935606  0357       22.56
13032012  0357       36.86
13034237  0357       22.56
13084488  0357       19.71
13084886  0357       21.10
13180551  0357       22.56
1318484   0357       21.10
13187744  0357       45.12
13187816  0357       29.57
13188137  0357       19.71
13188604  0357       19.71
13264411  0357       22.56
13265462  0357       18.43
13265946  0357       33.84
13266369  0357       22.56
13268000  0357       36.86
13268185  0357       36.86
13268537  0357       33.84
13346269  0357       46.08
13408041  0357       29.57
13510172  0357       19.71
13510180  0357       18.43
13527636  0357       24.16
13566631  0357       27.66
13643981  0357       36.86
13643982  0357       27.65
13644051  0357       22.56
13644555  0357       46.08
13644665  0357       22.56
13644680  0357       60.40
13674854  0357       24.16
13678214  0357       22.56
13678857  0357       18.43
13724134  0357       33.84
13774187  0357       18.43
13774684  0357       22.56
13775452  0357       18.43
13775808  0357       18.43
13777181  0357       27.65
13785046  0357       18.43
13785997  0357       21.10
13787208  0357       22.56
13787741  0357       18.43
13856268  0357       22.56
13867427  0357       33.84
13868652  0357       22.56
13868786  0357       18.43
13880177  0357       18.43
13880981  0357       22.56
13905892  0357       18.42
13990906  0357       36.24
14003086  0357       21.10
14030527  0357       18.43
14031045  0357       22.56
1404429   0357       27.66
14093727  0357       33.84
14094806  0357       24.16
14143188  0357       21.10
14159223  0357       36.86
14270811  0357       46.08
14293118  0357       33.84
1431183   0357       22.56
14335445  0357       21.10
14335539  0357       22.56
1433726   0357       22.56
14372299  0357       24.16
14372818  0357       56.40
14376347  0357       22.56
14398946  0357       22.56
14399267  0357       29.57
14405196  0357       22.56
14405401  0357       22.56
14513487  0357       18.43
14590375  0357       19.71
14607589  0357       29.57
14649126  0357       18.43
14810540  0357       33.84
14877620  0357       22.56
14877805  0357       24.16
14877859  0357       25.84
14879704  0357       27.65
14880827  0357       24.16
15170350  0357       19.71
15177340  0357       24.16
15177867  0357       36.86
15306151  0357       52.74
15306996  0357       21.10
15444811  0357       24.16
15448608  0357       22.56
15597541  0357       18.43
15598043  0357       18.43
15598933  0357       18.43
15599928  0357       29.57
15668151  0357       45.12
15668851  0357       19.71
15729233  0357       33.84
15729536  0357       49.28
15827139  0357       24.16
15959808  0357       18.43
16137706  0357       21.10
16138119  0357       33.84
1631390   0357       22.13
16324090  0357       22.56
16594051  0357       19.71
16641426  0357       52.74
16736267  0357       22.56
16770549  0357       22.56
17011869  0357       45.12
17019549  0357       22.56
17033256  0357       18.43
17104175  0357       22.56
17306742  0357       18.43
1737075   0357       21.10
17379215  0357       29.57
17504786  0357       19.71
17626132  0357       39.42
1763610   0357       14.75
1763812   0357       22.56
1764349   0357       18.43
1765295   0357       19.28
1769938   0357       21.10
1778800   0357       15.77
17965237  0357       33.84
18058393  0357       18.43
18059654  0357       19.71
18059918  0357       22.56
18263579  0357       33.84
18263756  0357       22.56
1834693   0357       18.43
1854577   0357       22.56
18785684  0357       18.43
18950730  0357       18.43
1906129   0357       22.56
19166206  0357       46.08
1926999   0357       24.16
19827450  0357       18.43
19850185  0357       46.08
19973112  0357       22.56
20235584  0357       39.42
2030572   0357       21.10
2033664   0357       27.66
20348834  0357       27.65
20351464  0357       45.12
2130876   0357       18.43
2157417   0357       69.14
2186056   0357       21.10
2189077   0357       13.80
2195858   0357       22.56
2196831   0357       19.71
2198274   0357       24.16
2198799   0357       21.10
2199826   0357       19.71
2272067   0357       18.43
23156662  0357       22.56
2376223   0357       27.66
2380275   0357       24.16
2384661   0357       22.56
2529886   0357       22.56
2532585   0357       18.43
2533320   0357       21.10
2533977   0357       21.20
2534786   0357       22.56
2535843   0357       24.16
2536000   0357       19.71
2536373   0357       24.16
2536795   0357       22.56
2538821   0357       21.10
2539425   0357       22.56
2539607   0357       24.16
2539943   0357       18.43
2541142   0357       22.56
2541439   0357       27.66
2541709   0357       21.20
2543654   0357       22.56
2543932   0357       19.71
2592966   0357       24.16
2593377   0357       22.56
2593686   0357       21.10
2596405   0357       19.17
2597854   0357       19.17
2598033   0357       19.17
2598872   0357       18.43
2601437   0357       22.56
2601914   0357       19.71
2603046   0357       19.85
2605117   0357       24.16
2605164   0357       19.86
2605539   0357       18.05
2605823   0357       14.73
2607322   0357       22.56
2608233   0357       22.56
2608304   0357       18.43
2608411   0357       18.05
2608554   0357       19.17
2684589   0357       22.56
2741170   0357       24.27
2854705   0357       21.10
2870837   0357       16.75
2910376   0357       18.43
2910432   0357       21.10
2911765   0357       21.10
2912407   0357       18.43
2912692   0357       27.66
2913757   0357       21.10
2913809   0357       18.43
2914272   0357       20.45
2915293   0357       18.43
2915714   0357       22.56
2915780   0357       19.18
2916102   0357       22.56
2916362   0357       20.54
2916467   0357       19.71
2916786   0357       21.10
2918280   0357       56.40
2919212   0357       22.56
2992913   0357       18.43
3035349   0357       22.56
3039370   0357       23.49
3080057   0357       41.48
3080311   0357       22.56
3080984   0357       22.56
3081351   0357       22.56
3082505   0357       20.45
3083006   0357       22.56
3083065   0357       18.43
3083457   0357       16.75
3083843   0357       19.71
3084868   0357       20.53
3084978   0357       18.43
3085009   0357       21.10
3085276   0357       25.84
3090485   0357       22.56
3156003   0357       18.43
3234299   0357       25.84
3245420   0357       22.56
3314562   0357       19.71
3314884   0357       18.43
3315121   0357       18.43
3315781   0357       18.43
3317339   0357       21.10
3317520   0357       22.56
3318589   0357       22.56
3318694   0357       25.84
3318719   0357       20.53
3319659   0357       19.71
3320986   0357       22.56
3322128   0357       19.17
3322273   0357       18.43
3322284   0357       21.10
3322381   0357       22.69
3324084   0357       22.56
3324110   0357       27.66
3324403   0357       27.66
3329806   0357       19.85
3353242   0357       21.10
3457632   0357       15.76
3528540   0357       22.56
3533360   0357       25.84
3534582   0357       24.16
3535445   0357       19.71
3535676   0357       19.17
3535838   0357       17.92
3538837   0357       22.56
3539352   0357       19.17
3541739   0357       22.56
3541975   0357       14.73
3542004   0357       24.16
3542015   0357       19.33
3554092   0357       24.16
3593839   0357       21.10
3598528   0357       21.88
3710064   0357       21.10
3759377   0357       18.55
3784066   0357       18.43
3784441   0357       24.16
3785251   0357       22.56
3792247   0357       22.56
3830110   0357       21.10
3855157   0357       14.73
3855577   0357       22.56
3856978   0357       17.92
3857004   0357       21.10
3857220   0357       22.56
3857667   0357       17.92
3857878   0357       21.24
3858323   0357       45.12
3858856   0357       24.16
3859230   0357       33.84
3864991   0357       27.66
3875055   0357       22.56
3877925   0357       48.32
3878006   0357       21.10
3963688   0357       22.56
3964093   0357       22.56
3965704   0357       18.43
3969513   0357       21.10
4001934   0357       24.16
4064149   0357       25.84
4065177   0357       19.71
4065584   0357       22.56
4065648   0357       21.10
4066245   0357       18.55
4067118   0357       22.56
4067735   0357       21.10
4067795   0357       19.17
4068788   0357       19.71
4071074   0357       27.66
4071241   0357       15.65
4107436   0357       21.10
4191539   0357       21.10
4193094   0357       60.40
4194671   0357       22.56
4195654   0357       17.92
4199927   0357       15.76
4200911   0357       21.10
4238916   0357       14.73
430240    0357       18.43
430631    0357       22.56
4317775   0357       24.16
4373204   0357       24.16
4373479   0357       19.71
4375498   0357       23.49
4375998   0357       20.66
4376813   0357       21.10
4377201   0357       20.51
437803    0357       22.56
4378140   0357       18.43
4378236   0357       17.92
4378283   0357       22.56
4378759   0357       24.16
4379154   0357       14.73
4381341   0357       19.71
4381614   0357       18.43
4382400   0357       33.84
4383023   0357       24.16
4383200   0357       17.34
4385047   0357       19.17
4386936   0357       21.10
4387777   0357       52.74
439023    0357       22.13
4409485   0357       24.16
4409788   0357       18.43
4409789   0357       36.86
4414417   0357       21.10
4414541   0357       21.24
4414909   0357       19.86
4415675   0357       18.43
443869    0357       22.56
4609506   0357       24.16
4610129   0357       18.43
4720170   0357       27.65
4720923   0357       22.56
4721016   0357       18.43
4721639   0357       18.43
4722680   0357       16.75
4722814   0357       18.05
4723168   0357       18.55
4723276   0357       21.10
4723403   0357       19.85
4724433   0357       19.17
4725919   0357       48.32
4727740   0357       21.10
4728331   0357       17.92
4729448   0357       14.73
4729575   0357       25.84
4730168   0357       24.16
4730490   0357       19.71
4730823   0357       27.66
4731322   0357       24.16
4731494   0357       24.16
4732090   0357       18.43
4732618   0357       19.71
4734527   0357       19.71
4734940   0357       18.43
4735505   0357       18.43
4738424   0357       22.56
4739546   0357       22.56
4739796   0357       24.16
4754833   0357       24.16
4803744   0357       24.16
4805842   0357       22.56
4827213   0357       22.56
4853128   0357       22.56
4882144   0357       16.87
5017295   0357       21.10
5022967   0357       20.51
5237805   0357       22.56
5238236   0357       18.55
5239261   0357       27.66
5240821   0357       21.10
5242545   0357       23.49
5244302   0357       19.71
5244483   0357       21.10
5244484   0357       24.16
5244765   0357       19.71
5245261   0357       24.16
5248926   0357       19.71
5248954   0357       21.10
5249259   0357       22.56
5249817   0357       24.16
5250965   0357       20.53
5251153   0357       22.56
5251214   0357       24.16
5251893   0357       22.56
5252606   0357       48.32
5253930   0357       14.73
5254613   0357       19.71
5254952   0357       18.43
5255567   0357       22.56
5255641   0357       24.16
5257069   0357       21.10
5257175   0357       19.17
5257421   0357       25.84
5257727   0357       56.40
5257774   0357       22.56
5259121   0357       17.92
5259324   0357       18.43
5259785   0357       19.71
5261116   0357       19.71
5261139   0357       22.56
5261250   0357       21.20
5261418   0357       21.10
5261643   0357       18.43
5263470   0357       21.95
5344986   0357       18.43
5435450   0357       19.71
5436619   0357       24.16
5436795   0357       14.75
5438690   0357       18.43
5439480   0357       22.56
5439865   0357       64.60
5458236   0357       19.71
5461455   0357       19.17
5605414   0357       45.12
5658043   0357       22.56
5688352   0357       22.56
5765952   0357       22.56
5779173   0357       22.56
5915261   0357       22.56
5921128   0357       22.56
5921800   0357       18.43
5923624   0357       24.16
5925143   0357       24.16
5925949   0357       18.43
5929492   0357       22.56
5935536   0357       60.40
5937541   0357       22.56
5938630   0357       22.56
5938995   0357       22.56
6125595   0357       18.43
6127630   0357       22.56
6238388   0357       27.66
6394853   0357       18.43
64800     0357       25.84
6537141   0357       18.55
6573443   0357       22.56
6573855   0357       25.84
6573893   0357       19.71
6575243   0357       21.10
6575301   0357       22.56
6584406   0357       49.28
6634354   0357       22.56
6689708   0357       22.56
6690236   0357       22.56
6701343   0357       22.56
6701344   0357       22.56
6701453   0357       22.56
673822    0357       19.71
6841910   0357       18.43
7076647   0357       22.56
710634    0357       11.27
7211860   0357       24.16
7300376   0357       18.43
7301470   0357       17.92
7305494   0357       19.17
7305781   0357       18.43
7308623   0357       22.56
7309317   0357       18.43
7309375   0357       21.10
7310425   0357       25.84
7310959   0357       22.56
7311233   0357       22.56
7311255   0357       18.43
7312149   0357       22.56
7313189   0357       18.43
7314050   0357       18.43
7314987   0357       25.84
7315058   0357       56.40
7315331   0357       22.56
7316059   0357       25.84
7316139   0357       24.16
7316607   0357       27.66
7316959   0357       48.32
7317744   0357       36.86
7318041   0357       22.56
7319649   0357       48.32
7321787   0357       21.10
7322304   0357       21.10
7322780   0357       19.71
7322794   0357       18.43
7324725   0357       22.69
7325664   0357       15.76
7325721   0357       19.17
7325722   0357       22.56
7325778   0357       14.75
7328421   0357       18.43
7330948   0357       22.56
7331943   0357       21.10
7332202   0357       18.43
7332734   0357       28.76
7333145   0357       24.16
7335642   0357       22.56
7337422   0357       22.56
7337778   0357       18.43
7338055   0357       25.84
7340200   0357       21.10
7340742   0357       19.17
7340989   0357       18.43
7342107   0357       21.10
7342680   0357       22.56
7343605   0357       18.43
7344290   0357       21.10
7344465   0357       42.19
7347856   0357       22.56
7348137   0357       18.43
7348986   0357       22.56
7349428   0357       69.14
7349843   0357       18.43
7350162   0357       21.10
7350273   0357       21.10
7351297   0357       18.43
7352317   0357       21.10
7353364   0357       36.86
7353377   0357       22.56
7354064   0357       18.43
7354848   0357       14.75
7355351   0357       42.19
7355837   0357       56.40
7355928   0357       19.71
7359478   0357       24.16
7360346   0357       19.71
7363171   0357       21.10
7363652   0357       22.56
7365166   0357       22.57
7365545   0357       21.10
7367276   0357       18.43
7368710   0357       36.86
7371154   0357       22.56
7372156   0357       18.43
7372973   0357       14.75
7373089   0357       19.71
7373215   0357       25.84
7374243   0357       19.71
7374616   0357       22.56
7377030   0357       19.71
7377579   0357       22.56
7379256   0357       42.19
7380616   0357       18.43
7381553   0357       22.56
7382148   0357       24.16
7382532   0357       18.43
7384964   0357       22.56
7388038   0357       18.43
7388080   0357       22.56
7388125   0357       24.16
7388199   0357       29.57
7389581   0357       22.56
7391472   0357       21.10
7392153   0357       60.40
7393061   0357       21.10
7393144   0357       36.86
7395742   0357       14.74
7396051   0357       33.84
7398038   0357       18.05
7400031   0357       22.56
7401094   0357       22.56
7401380   0357       22.56
7401853   0357       18.43
7403123   0357       18.43
7403188   0357       21.10
7403563   0357       21.10
7408531   0357       22.56
7409730   0357       21.10
7412535   0357       24.16
7412738   0357       19.71
7415285   0357       27.66
7416870   0357       18.43
7417289   0357       36.86
7417791   0357       45.12
7418898   0357       18.43
7418939   0357       18.43
7419340   0357       21.10
7419740   0357       18.43
7419800   0357       22.56
7419866   0357       52.74
7420316   0357       22.56
7420429   0357       24.16
7423096   0357       18.43
7423108   0357       24.16
7423415   0357       22.56
7423444   0357       22.56
7425063   0357       18.43
7425900   0357       21.10
7426046   0357       22.56
7427359   0357       18.43
7429274   0357       22.56
7432253   0357       24.16
7434591   0357       56.40
7435158   0357       46.08
7436077   0357       42.19
7436996   0357       22.56
7437806   0357       18.43
7437808   0357       18.43
7438450   0357       22.56
7439597   0357       51.68
7440809   0357       14.73
7442445   0357       22.56
7444497   0357       27.65
7444651   0357       24.16
7444889   0357       51.68
7445661   0357       19.71
7446382   0357       24.16
7446644   0357       22.56
7447334   0357       25.84
7447992   0357       18.43
7449457   0357       19.71
7455429   0357       22.56
7455588   0357       22.56
7460503   0357       22.56
7461704   0357       22.56
7465820   0357       56.40
7466779   0357       27.66
7466870   0357       22.56
7502836   0357       24.16
7548386   0357       19.71
7548420   0357       21.10
770342    0357       22.56
7917981   0357       22.56
7981510   0357       24.16
7982728   0357       18.43
7982865   0357       24.16
7983170   0357       18.43
7984159   0357       22.56
7985605   0357       18.05
7988969   0357       22.56
8054279   0357       21.10
8064487   0357       45.12
8068577   0357       22.56
8069571   0357       22.56
8140450   0357       19.71
8718789   0357       45.12
8734286   0357       24.16
9066082   0357       19.71
9100619   0357       22.56
9211039   0357       21.10
9261804   0357       24.16
9317884   0357       48.32
940859    0357       24.16
9433060   0357       22.56
9540404   0357       24.16
9540845   0357       38.76
9542018   0357       24.16
9542237   0357       21.10
9543174   0357       22.56
9543530   0357       24.16
9544179   0357       22.56
9544345   0357       19.71
9544429   0357       24.16
9544827   0357       24.16
9545198   0357       19.71
9545952   0357       19.71
9546474   0357       22.56
9547148   0357       21.10
9551389   0357       22.56
9552709   0357       18.43
9553039   0357       22.56
9553047   0357       21.10
9553149   0357       18.43
9555077   0357       25.84
9555609   0357       18.43
9555641   0357       22.56
9557148   0357       51.68
9557803   0357       19.71
9557875   0357       18.43
9557894   0357       18.43
9558628   0357       19.71
9560453   0357       18.43
9570736   0357       22.56
9572755   0357       22.56
9577605   0357       22.56
9601343   0357       56.40
9603154   0357       19.71
9603683   0357       22.56
9603870   0357       14.73
9604166   0357       21.10
9604592   0357       41.48
9607091   0357       21.10
9608547   0357       22.56
9609337   0357       18.43
9609338   0357       45.12
9612117   0357       24.16
9612530   0357       56.40
9612692   0357       22.56
9614364   0357       21.10
9615563   0357       22.56
9615964   0357       22.56
9617493   0357       42.19
9620242   0357       48.32
9620248   0357       51.68
9620376   0357       22.56
9620599   0357       24.16
9620701   0357       21.10
9620720   0357       21.10
9621777   0357       18.43
9622347   0357       22.56
9624370   0357       27.66
9624596   0357       18.43
9625361   0357       22.56
9626082   0357       22.56
9626215   0357       21.10
9627150   0357       60.40
9627724   0357       18.43
9629963   0357       24.16
9631462   0357       24.16
9634554   0357       22.56
9636806   0357       18.43
9638320   0357       22.56
9639201   0357       21.10
9845319   0357       19.71
9846320   0357       24.16
9847068   0357       22.56
9847350   0357       22.56
9848693   0357       21.10
9850403   0357       22.56
9851111   0357       22.56
9851993   0357       22.56
10107724  3357       27.66
10120357  3357       22.56
10121866  3357       24.16
10125466  3357       18.43
10126656  3357       22.56
10141786  3357       24.16
10312414  3357       21.10
10373550  3357       22.56
10639752  3357       18.43
10726693  3357       22.56
10760806  3357       18.43
10764554  3357       24.16
10770124  3357       22.56
10772668  3357       18.43
10774121  3357       24.16
10775520  3357       21.10
10776516  3357       27.66
10776915  3357       18.43
10777482  3357       18.43
10778464  3357       18.43
10779723  3357       22.56
10784623  3357       22.56
10794552  3357       22.56
10820078  3357       24.16
10840266  3357       22.56
10841061  3357       19.71
10842205  3357       22.56
10843324  3357       22.56
10844575  3357       27.66
10844947  3357       22.56
10845717  3357       18.43
10845943  3357       22.56
10846474  3357       22.56
10846532  3357       24.16
10847648  3357       18.43
10848158  3357       25.84
10849906  3357       22.56
10849907  3357       24.16
10860593  3357       22.56
10903693  3357       18.43
10959957  3357       22.56
10960021  3357       22.56
10963442  3357       24.16
10963957  3357       24.16
10964062  3357       22.56
1108218   3357       21.10
1115136   3357       22.56
11163187  3357       18.43
11177533  3357       18.43
11260715  3357       22.56
11261772  3357       27.66
11262378  3357       22.56
11263756  3357       18.43
11264041  3357       19.71
11264550  3357       21.10
11265496  3357       22.56
11265527  3357       24.16
11266390  3357       22.56
11267811  3357       21.10
11267932  3357       18.43
11268437  3357       27.66
11269196  3357       25.84
1129535   3357       24.16
11414487  3357       24.16
11425449  3357       22.56
11426462  3357       21.10
11428034  3357       21.10
11428889  3357       22.56
11429539  3357       22.56
11429792  3357       18.43
11429991  3357       22.56
11430700  3357       22.56
11434350  3357       21.10
11546168  3357       21.10
11580362  3357       24.16
11584952  3357       22.56
11586448  3357       22.56
11589730  3357       22.56
11594236  3357       27.66
11594524  3357       18.43
11598121  3357       19.71
11598207  3357       18.43
11598956  3357       19.71
11633896  3357       19.71
11645810  3357       22.56
11651090  3357       22.56
11652405  3357       22.56
11653864  3357       22.56
11694358  3357       18.43
11694758  3357       22.56
11695394  3357       18.43
11749469  3357       22.56
11783201  3357       24.16
11783366  3357       27.66
11784637  3357       18.43
11786325  3357       27.66
11786432  3357       21.10
11787807  3357       22.56
11788587  3357       24.16
11788630  3357       24.16
11790273  3357       22.56
11790818  3357       22.56
11792127  3357       22.56
11792506  3357       18.43
11792846  3357       22.56
118087    3357       10.35
11879419  3357       24.16
11879750  3357       24.16
11881224  3357       27.66
11881668  3357       18.43
11881669  3357       18.43
11882080  3357       21.10
11882720  3357       27.66
11949766  3357       27.66
12018571  3357       21.10
12018729  3357       18.43
12018852  3357       22.56
12019816  3357       21.10
12020535  3357       25.84
12021559  3357       24.16
12021966  3357       22.56
12022428  3357       24.16
12023306  3357       25.84
12023981  3357       22.56
12024178  3357       22.56
12024179  3357       22.56
12025488  3357       18.43
12025491  3357       18.43
12026565  3357       22.56
12027093  3357       22.56
12027260  3357       22.56
12027527  3357       18.43
12027973  3357       24.16
12080554  3357       22.56
1218058   3357       22.56
12241212  3357       18.43
12242270  3357       22.56
12243077  3357       18.43
12244707  3357       18.43
12248400  3357       18.43
12248755  3357       24.16
12248784  3357       19.71
12248960  3357       22.56
12249178  3357       27.66
12279667  3357       22.56
12314254  3357       25.84
1232375   3357       16.19
12370670  3357       25.84
1239070   3357       21.10
12434895  3357       19.71
12435304  3357       22.56
12435757  3357       18.43
12435759  3357       22.56
12527456  3357       21.10
12534356  3357       22.56
12536172  3357       22.56
12536549  3357       25.84
1254062   3357       19.71
1257983   3357       24.16
1258658   3357       22.56
1259324   3357       19.71
1260432   3357       22.56
1260887   3357       22.56
1261562   3357       19.71
1262953   3357       22.56
1263302   3357       18.43
1263303   3357       22.56
1263991   3357       16.91
1265436   3357       22.56
1266723   3357       18.43
1268446   3357       22.56
1269356   3357       24.16
12698409  3357       18.43
12698965  3357       18.43
12700553  3357       21.10
12701276  3357       22.56
12701301  3357       18.43
12702273  3357       21.10
12704473  3357       19.71
12704482  3357       24.16
12704927  3357       22.56
12705860  3357       22.56
12707136  3357       22.56
1272390   3357       19.71
1273369   3357       22.56
1277938   3357       19.71
1278407   3357       22.56
12848719  3357       22.56
12849330  3357       25.84
12851330  3357       22.56
12878256  3357       22.56
12934142  3357       21.10
12934525  3357       18.43
12935305  3357       22.56
12935606  3357       22.56
13032012  3357       18.43
13034237  3357       22.56
13084488  3357       19.71
13084886  3357       21.10
13180551  3357       22.56
1318484   3357       21.10
13187744  3357       22.56
13187816  3357       19.71
13188137  3357       19.71
13188604  3357       19.71
13264411  3357       22.56
13265462  3357       18.43
13265946  3357       22.56
13266369  3357       22.56
13268000  3357       18.43
13268185  3357       18.43
13268537  3357       22.56
13346269  3357       18.43
13408041  3357       19.71
13510172  3357       19.71
13510180  3357       18.43
13527636  3357       24.16
13566631  3357       27.66
13643981  3357       18.43
13643982  3357       18.43
13644051  3357       22.56
13644555  3357       18.43
13644665  3357       22.56
13644680  3357       24.16
13674854  3357       24.16
13678214  3357       22.56
13678857  3357       18.43
13724134  3357       22.56
13774187  3357       18.43
13774684  3357       22.56
13775452  3357       18.43
13775808  3357       18.43
13777181  3357       18.43
13785046  3357       18.43
13785997  3357       21.10
13787208  3357       22.56
13787741  3357       18.43
13856268  3357       22.56
13867427  3357       22.56
13868652  3357       22.56
13868786  3357       18.43
13880177  3357       18.43
13880981  3357       22.56
13905892  3357       18.42
13990906  3357       24.16
14003086  3357       21.10
14030527  3357       18.43
14031045  3357       22.56
1404429   3357       27.66
14093727  3357       22.56
14094806  3357       24.16
14143188  3357       21.10
14159223  3357       18.43
14270811  3357       18.43
14293118  3357       22.56
1431183   3357       22.56
14335445  3357       21.10
14335539  3357       22.56
1433726   3357       22.56
14372299  3357       24.16
14372818  3357       22.56
14376347  3357       22.56
14398946  3357       22.56
14399267  3357       19.71
14405196  3357       22.56
14405401  3357       22.56
14513487  3357       18.43
14590375  3357       19.71
14607589  3357       19.71
14649126  3357       18.43
14810540  3357       22.56
14877620  3357       22.56
14877805  3357       24.16
14877859  3357       25.84
14879704  3357       18.43
14880827  3357       24.16
15170350  3357       19.71
15177340  3357       24.16
15177867  3357       18.43
15306151  3357       21.10
15306996  3357       21.10
15444811  3357       24.16
15448608  3357       22.56
15597541  3357       18.43
15598043  3357       18.43
15598933  3357       18.43
15599928  3357       19.71
15668151  3357       22.56
15668851  3357       19.71
15729233  3357       22.56
15729536  3357       19.71
15827139  3357       24.16
15959808  3357       18.43
16137706  3357       21.10
16138119  3357       22.56
1631390   3357       22.13
16324090  3357       22.56
16594051  3357       19.71
16641426  3357       21.10
16736267  3357       22.56
16770549  3357       22.56
17011869  3357       22.56
17019549  3357       22.56
17033256  3357       18.43
17104175  3357       22.56
17306742  3357       18.43
1737075   3357       21.10
17379215  3357       19.71
17504786  3357       19.71
17626132  3357       19.71
1763610   3357       14.75
1763812   3357       22.56
1764349   3357       18.43
1765295   3357        9.64
1769938   3357       21.10
1778800   3357       15.77
17965237  3357       22.56
18058393  3357       18.43
18059654  3357       19.71
18059918  3357       22.56
18263579  3357       22.56
18263756  3357       22.56
1834693   3357       18.43
1854577   3357       22.56
18785684  3357       18.43
18950730  3357       18.43
1906129   3357       22.56
19166206  3357       18.43
1926999   3357       24.16
19827450  3357       18.43
19850185  3357       18.43
19973112  3357       22.56
20235584  3357       19.71
2030572   3357       21.10
2033664   3357       27.66
20348834  3357       18.43
20351464  3357       22.56
2130876   3357       18.43
2157417   3357       27.66
2186056   3357       21.10
2189077   3357       13.80
2195858   3357       22.56
2196831   3357       19.71
2198274   3357       24.16
2198799   3357       21.10
2199826   3357       19.71
2272067   3357       18.43
23156662  3357       22.56
2376223   3357       27.66
2380275   3357       24.16
2384661   3357       22.56
2529886   3357       22.56
2532585   3357       18.43
2533320   3357       21.10
2533977   3357       21.20
2534786   3357       22.56
2535843   3357       24.16
2536000   3357       19.71
2536373   3357       24.16
2536795   3357       22.56
2538821   3357       21.10
2539425   3357       22.56
2539607   3357       24.16
2539943   3357       18.43
2541142   3357       22.56
2541439   3357       27.66
2541709   3357       21.20
2543654   3357       22.56
2543932   3357       19.71
2592966   3357       24.16
2593377   3357       22.56
2593686   3357       21.10
2596405   3357       19.17
2597854   3357       19.17
2598033   3357       19.17
2598872   3357       18.43
2601437   3357       22.56
2601914   3357       19.71
2603046   3357       19.85
2605117   3357       24.16
2605164   3357       19.86
2605539   3357       18.05
2605823   3357       14.73
2607322   3357       22.56
2608233   3357       22.56
2608304   3357       18.43
2608411   3357       18.05
2608554   3357       19.17
2684589   3357       22.56
2741170   3357       24.27
2854705   3357       21.10
2870837   3357       16.75
2910376   3357       18.43
2910432   3357       21.10
2911765   3357       21.10
2912407   3357       18.43
2912692   3357       27.66
2913757   3357       21.10
2913809   3357       18.43
2914272   3357       20.45
2915293   3357       18.43
2915714   3357       22.56
2915780   3357       19.18
2916102   3357       22.56
2916362   3357       20.54
2916467   3357       19.71
2916786   3357       21.10
2918280   3357       22.56
2919212   3357       22.56
2992913   3357       18.43
3035349   3357       22.56
3039370   3357       23.49
3080057   3357       27.66
3080311   3357       22.56
3080984   3357       22.56
3081351   3357       22.56
3082505   3357       20.45
3083006   3357       22.56
3083065   3357       18.43
3083457   3357       16.75
3083843   3357       19.71
3084868   3357       20.53
3084978   3357       18.43
3085009   3357       21.10
3085276   3357       25.84
3090485   3357       22.56
3156003   3357       18.43
3234299   3357       25.84
3245420   3357       22.56
3314562   3357       19.71
3314884   3357       18.43
3315121   3357       18.43
3315781   3357       18.43
3317339   3357       21.10
3317520   3357       22.56
3318589   3357       22.56
3318694   3357       25.84
3318719   3357       20.53
3319659   3357       19.71
3320986   3357       22.56
3322128   3357       19.17
3322273   3357       18.43
3322284   3357       21.10
3322381   3357       22.69
3324084   3357       22.56
3324110   3357       27.66
3324403   3357       27.66
3329806   3357       19.85
3353242   3357       21.10
3457632   3357       15.76
3528540   3357       22.56
3533360   3357       25.84
3534582   3357       24.16
3535445   3357       19.71
3535676   3357       19.17
3535838   3357       17.92
3538837   3357       22.56
3539352   3357       19.17
3541739   3357       22.56
3541975   3357       14.73
3542004   3357       24.16
3542015   3357       19.33
3554092   3357       24.16
3593839   3357       21.10
3598528   3357       21.88
3710064   3357       21.10
3759377   3357       18.55
3784066   3357       18.43
3784441   3357       24.16
3785251   3357       22.56
3792247   3357       22.56
3830110   3357       21.10
3855157   3357       14.73
3855577   3357       22.56
3856978   3357       17.92
3857004   3357       21.10
3857220   3357       22.56
3857667   3357       17.92
3857878   3357       21.24
3858323   3357       22.56
3858856   3357       24.16
3859230   3357       22.56
3864991   3357       27.66
3875055   3357       22.56
3877925   3357       24.16
3878006   3357       21.10
3963688   3357       22.56
3964093   3357       22.56
3965704   3357       18.43
3969513   3357       21.10
4001934   3357       24.16
4064149   3357       25.84
4065177   3357       19.71
4065584   3357       22.56
4065648   3357       21.10
4066245   3357       18.55
4067118   3357       22.56
4067735   3357       21.10
4067795   3357       19.17
4068788   3357       19.71
4071074   3357       27.66
4071241   3357       15.65
4107436   3357       21.10
4191539   3357       21.10
4193094   3357       24.16
4194671   3357       22.56
4195654   3357       17.92
4199927   3357       15.76
4200911   3357       21.10
4238916   3357       14.73
430240    3357       18.43
430631    3357       22.56
4317775   3357       24.16
4373204   3357       24.16
4373479   3357       19.71
4375498   3357       23.49
4375998   3357       20.66
4376813   3357       21.10
4377201   3357       20.51
437803    3357       22.56
4378140   3357       18.43
4378236   3357       17.92
4378283   3357       22.56
4378759   3357       24.16
4379154   3357       14.73
4381341   3357       19.71
4381614   3357       18.43
4382400   3357       22.56
4383023   3357       24.16
4383200   3357       17.34
4385047   3357       19.17
4386936   3357       21.10
4387777   3357       21.10
439023    3357       22.13
4409485   3357       24.16
4409788   3357       18.43
4409789   3357       18.43
4414417   3357       21.10
4414541   3357       21.24
4414909   3357       19.86
4415675   3357       18.43
443869    3357       22.56
4609506   3357       24.16
4610129   3357       18.43
4720170   3357       18.43
4720923   3357       22.56
4721016   3357       18.43
4721639   3357       18.43
4722680   3357       16.75
4722814   3357       18.05
4723168   3357       18.55
4723276   3357       21.10
4723403   3357       19.85
4724433   3357       19.17
4725919   3357       24.16
4727740   3357       21.10
4728331   3357       17.92
4729448   3357       14.73
4729575   3357       25.84
4730168   3357       24.16
4730490   3357       19.71
4730823   3357       27.66
4731322   3357       24.16
4731494   3357       24.16
4732090   3357       18.43
4732618   3357       19.71
4734527   3357       19.71
4734940   3357       18.43
4735505   3357       18.43
4738424   3357       22.56
4739546   3357       22.56
4739796   3357       24.16
4754833   3357       24.16
4803744   3357       24.16
4805842   3357       22.56
4827213   3357       22.56
4853128   3357       22.56
4882144   3357       16.87
5017295   3357       21.10
5022967   3357       20.51
5237805   3357       22.56
5238236   3357       18.55
5239261   3357       27.66
5240821   3357       21.10
5242545   3357       23.49
5244302   3357       19.71
5244483   3357       21.10
5244484   3357       24.16
5244765   3357       19.71
5245261   3357       24.16
5248926   3357       19.71
5248954   3357       21.10
5249259   3357       22.56
5249817   3357       24.16
5250965   3357       20.53
5251153   3357       22.56
5251214   3357       24.16
5251893   3357       22.56
5252606   3357       24.16
5253930   3357       14.73
5254613   3357       19.71
5254952   3357       18.43
5255567   3357       22.56
5255641   3357       24.16
5257069   3357       21.10
5257175   3357       19.17
5257421   3357       25.84
5257727   3357       22.56
5257774   3357       22.56
5259121   3357       17.92
5259324   3357       18.43
5259785   3357       19.71
5261116   3357       19.71
5261139   3357       22.56
5261250   3357       21.20
5261418   3357       21.10
5261643   3357       18.43
5263470   3357       21.95
5344986   3357       18.43
5435450   3357       19.71
5436619   3357       24.16
5436795   3357       14.75
5438690   3357       18.43
5439480   3357       22.56
5439865   3357       25.84
5458236   3357       19.71
5461455   3357       19.17
5605414   3357       22.56
5658043   3357       22.56
5688352   3357       22.56
5765952   3357       22.56
5779173   3357       22.56
5915261   3357       22.56
5921128   3357       22.56
5921800   3357       18.43
5923624   3357       24.16
5925143   3357       24.16
5925949   3357       18.43
5929492   3357       22.56
5935536   3357       24.16
5937541   3357       22.56
5938630   3357       22.56
5938995   3357       22.56
6125595   3357       18.43
6127630   3357       22.56
6238388   3357       27.66
6394853   3357       18.43
64800     3357       25.84
6537141   3357       18.55
6573443   3357       22.56
6573855   3357       25.84
6573893   3357       19.71
6575243   3357       21.10
6575301   3357       22.56
6584406   3357       19.71
6634354   3357       22.56
6689708   3357       22.56
6690236   3357       22.56
6701343   3357       22.56
6701344   3357       22.56
6701453   3357       22.56
673822    3357       19.71
6841910   3357       18.43
7076647   3357       22.56
710634    3357       11.27
7211860   3357       24.16
7300376   3357       18.43
7301470   3357       17.92
7305494   3357       19.17
7305781   3357       18.43
7308623   3357       22.56
7309317   3357       18.43
7309375   3357       21.10
7310425   3357       25.84
7310959   3357       22.56
7311233   3357       22.56
7311255   3357       18.43
7312149   3357       22.56
7313189   3357       18.43
7314050   3357       18.43
7314987   3357       25.84
7315058   3357       22.56
7315331   3357       22.56
7316059   3357       25.84
7316139   3357       24.16
7316607   3357       27.66
7316959   3357       24.16
7317744   3357       18.43
7318041   3357       22.56
7319649   3357       24.16
7321787   3357       21.10
7322304   3357       21.10
7322780   3357       19.71
7322794   3357       18.43
7324725   3357       22.69
7325664   3357       15.76
7325721   3357       19.17
7325722   3357       22.56
7325778   3357       14.75
7328421   3357       18.43
7330948   3357       22.56
7331943   3357       21.10
7332202   3357       18.43
7332734   3357       19.17
7333145   3357       24.16
7335642   3357       22.56
7337422   3357       22.56
7337778   3357       18.43
7338055   3357       25.84
7340200   3357       21.10
7340742   3357       19.17
7340989   3357       18.43
7342107   3357       21.10
7342680   3357       22.56
7343605   3357       18.43
7344290   3357       21.10
7344465   3357       21.10
7347856   3357       22.56
7348137   3357       18.43
7348986   3357       22.56
7349428   3357       27.66
7349843   3357       18.43
7350162   3357       21.10
7350273   3357       21.10
7351297   3357       18.43
7352317   3357       21.10
7353364   3357       18.43
7353377   3357       22.56
7354064   3357       18.43
7354848   3357       14.75
7355351   3357       21.10
7355837   3357       22.56
7355928   3357       19.71
7359478   3357       24.16
7360346   3357       19.71
7363171   3357       21.10
7363652   3357       22.56
7365166   3357       22.57
7365545   3357       21.10
7367276   3357       18.43
7368710   3357       18.43
7371154   3357       22.56
7372156   3357       18.43
7372973   3357       14.75
7373089   3357       19.71
7373215   3357       25.84
7374243   3357       19.71
7374616   3357       22.56
7377030   3357       19.71
7377579   3357       22.56
7379256   3357       21.10
7380616   3357       18.43
7381553   3357       22.56
7382148   3357       24.16
7382532   3357       18.43
7384964   3357       22.56
7388038   3357       18.43
7388080   3357       22.56
7388125   3357       24.16
7388199   3357       19.71
7389581   3357       22.56
7391472   3357       21.10
7392153   3357       24.16
7393061   3357       21.10
7393144   3357       18.43
7395742   3357       14.74
7396051   3357       22.56
7398038   3357       18.05
7400031   3357       22.56
7401094   3357       22.56
7401380   3357       22.56
7401853   3357       18.43
7403123   3357       18.43
7403188   3357       21.10
7403563   3357       21.10
7408531   3357       22.56
7409730   3357       21.10
7412535   3357       24.16
7412738   3357       19.71
7415285   3357       27.66
7416870   3357       18.43
7417289   3357       18.43
7417791   3357       22.56
7418898   3357       18.43
7418939   3357       18.43
7419340   3357       21.10
7419740   3357       18.43
7419800   3357       22.56
7419866   3357       21.10
7420316   3357       22.56
7420429   3357       24.16
7423096   3357       18.43
7423108   3357       24.16
7423415   3357       22.56
7423444   3357       22.56
7425063   3357       18.43
7425900   3357       21.10
7426046   3357       22.56
7427359   3357       18.43
7429274   3357       22.56
7432253   3357       24.16
7434591   3357       22.56
7435158   3357       18.43
7436077   3357       21.10
7436996   3357       22.56
7437806   3357       18.43
7437808   3357       18.43
7438450   3357       22.56
7439597   3357       25.84
7440809   3357       14.73
7442445   3357       22.56
7444497   3357       18.43
7444651   3357       24.16
7444889   3357       25.84
7445661   3357       19.71
7446382   3357       24.16
7446644   3357       22.56
7447334   3357       25.84
7447992   3357       18.43
7449457   3357       19.71
7455429   3357       22.56
7455588   3357       22.56
7460503   3357       22.56
7461704   3357       22.56
7465820   3357       22.56
7466779   3357       27.66
7466870   3357       22.56
7502836   3357       24.16
7548386   3357       19.71
7548420   3357       21.10
770342    3357       22.56
7917981   3357       22.56
7981510   3357       24.16
7982728   3357       18.43
7982865   3357       24.16
7983170   3357       18.43
7984159   3357       22.56
7985605   3357       18.05
7988969   3357       22.56
8054279   3357       21.10
8064487   3357       22.56
8068577   3357       22.56
8069571   3357       22.56
8140450   3357       19.71
8718789   3357       22.56
8734286   3357       24.16
9066082   3357       19.71
9100619   3357       22.56
9211039   3357       21.10
9261804   3357       24.16
9317884   3357       24.16
940859    3357       24.16
9433060   3357       22.56
9540404   3357       24.16
9540845   3357       25.84
9542018   3357       24.16
9542237   3357       21.10
9543174   3357       22.56
9543530   3357       24.16
9544179   3357       22.56
9544345   3357       19.71
9544429   3357       24.16
9544827   3357       24.16
9545198   3357       19.71
9545952   3357       19.71
9546474   3357       22.56
9547148   3357       21.10
9551389   3357       22.56
9552709   3357       18.43
9553039   3357       22.56
9553047   3357       21.10
9553149   3357       18.43
9555077   3357       25.84
9555609   3357       18.43
9555641   3357       22.56
9557148   3357       25.84
9557803   3357       19.71
9557875   3357       18.43
9557894   3357       18.43
9558628   3357       19.71
9560453   3357       18.43
9570736   3357       22.56
9572755   3357       22.56
9577605   3357       22.56
9601343   3357       22.56
9603154   3357       19.71
9603683   3357       22.56
9603870   3357       14.73
9604166   3357       21.10
9604592   3357       27.66
9607091   3357       21.10
9608547   3357       22.56
9609337   3357       18.43
9609338   3357       22.56
9612117   3357       24.16
9612530   3357       22.56
9612692   3357       22.56
9614364   3357       21.10
9615563   3357       22.56
9615964   3357       22.56
9617493   3357       21.10
9620242   3357       24.16
9620248   3357       25.84
9620376   3357       22.56
9620599   3357       24.16
9620701   3357       21.10
9620720   3357       21.10
9621777   3357       18.43
9622347   3357       22.56
9624370   3357       27.66
9624596   3357       18.43
9625361   3357       22.56
9626082   3357       22.56
9626215   3357       21.10
9627150   3357       24.16
9627724   3357       18.43
9629963   3357       24.16
9631462   3357       24.16
9634554   3357       22.56
9636806   3357       18.43
9638320   3357       22.56
9639201   3357       21.10
9845319   3357       19.71
9846320   3357       24.16
9847068   3357       22.56
9847350   3357       22.56
9848693   3357       21.10
9850403   3357       22.56
9851111   3357       22.56
9851993   3357       22.56
