10107724  0357      339.45
10120357  0357      416.58
10121866  0357      741.51
10125466  0357      258.88
10126656  0357      277.72
10141786  0357      296.61
10312414  0357      258.88
10373550  0357      555.47
10639752  0357      382.93
10726693  0357      277.72
10760806  0357      258.88
10764554  0357      296.61
10770124  0357      277.72
10772668  0357      258.88
10774121  0357      296.61
10775520  0357      517.79
10776516  0357      339.45
10776915  0357      258.88
10777645  0357      416.58
10778464  0357      258.88
10779723  0357      472.03
10784623  0357      277.72
10820078  0357      296.61
10840266  0357      277.72
10841061  0357      258.88
10841823  0357      339.45
10842205  0357      277.72
10843324  0357      694.33
10844947  0357      694.33
10845717  0357      258.88
10845943  0357      339.45
10846474  0357      277.72
10846532  0357      296.61
10846629  0357      277.72
10846940  0357      555.47
10846985  0357      277.72
10847648  0357      258.88
10848158  0357      545.64
10849906  0357      277.72
10849907  0357      296.61
10860593  0357      277.72
10903693  0357      373.03
10959957  0357      277.72
10960021  0357      277.72
10963442  0357      296.61
10963957  0357      296.61
10964062  0357      555.47
1108218   0357      353.53
1112379   0357      354.77
1115136   0357      466.15
11163187  0357      258.88
11177533  0357      258.88
11260715  0357      277.72
11261772  0357      339.45
11262378  0357      277.72
11263756  0357      258.88
11264465  0357      277.72
11264550  0357      258.88
11265496  0357      277.72
11265527  0357      296.61
11266390  0357      555.47
11267811  0357      517.79
11267932  0357      517.79
11268437  0357      339.45
11269196  0357      317.16
1129535   0357      354.17
11414487  0357      296.61
11425214  0357      277.72
11425449  0357      277.72
11426462  0357      258.88
11428034  0357      258.88
11428889  0357      694.33
11429539  0357      555.47
11429792  0357      258.88
11429991  0357      416.58
11430700  0357      277.72
11433167  0357      277.72
11433865  0357      555.47
11433968  0357      555.47
11434350  0357      277.72
11546168  0357      258.88
11584952  0357      277.72
11586448  0357      296.61
11589730  0357      555.47
11594236  0357      339.45
11594524  0357      258.88
11596252  0357      277.72
11597667  0357      277.72
11598121  0357      258.88
11598207  0357      258.88
11598956  0357      258.88
11633896  0357      258.88
11645810  0357      277.72
11651035  0357      277.72
11651090  0357      277.72
11652405  0357      277.72
11653864  0357      277.72
11694358  0357      258.88
11694758  0357      277.72
11695394  0357      517.79
11749469  0357      277.72
11783201  0357      296.61
11783366  0357      339.45
11784637  0357      258.88
11786325  0357      339.45
11786432  0357      258.88
11787653  0357      555.47
11787807  0357      277.72
11788587  0357      593.22
11788630  0357      296.61
11790273  0357      277.72
11790818  0357      416.58
11791177  0357      277.72
11792127  0357      277.72
11792506  0357      258.88
11792846  0357      277.72
11878930  0357      277.72
11879419  0357      296.61
11879750  0357      339.45
11881224  0357      339.45
11881668  0357      647.23
11881669  0357      463.95
11882080  0357      400.26
11883300  0357      555.47
12011761  0357      678.90
12018571  0357      388.32
12018729  0357      258.88
12018852  0357      277.72
12019816  0357      258.88
12020535  0357      317.16
12021559  0357      296.61
12021966  0357      277.72
12022428  0357      296.61
12023306  0357      317.16
12023981  0357      416.58
12024178  0357      277.72
12024179  0357      277.72
12025294  0357      416.58
12025488  0357      258.88
12025491  0357      258.88
12026565  0357      277.72
12027093  0357      277.72
12027260  0357      490.66
12027527  0357      258.88
12027928  0357      258.88
12027973  0357      593.22
12080554  0357      277.72
12241212  0357      388.32
12242270  0357      277.72
12243077  0357      258.88
12244707  0357      258.88
12247738  0357      416.58
12248400  0357      647.23
12248745  0357      277.72
12248755  0357      296.61
12248784  0357      517.79
12248960  0357      277.72
12249178  0357      339.45
12314254  0357      792.90
12369466  0357      277.72
12370670  0357      482.84
1239070   0357      353.53
12434895  0357      258.88
12435304  0357      277.72
12435757  0357      388.32
12435759  0357      694.33
12527456  0357      258.88
12534356  0357      277.72
12536172  0357      277.72
12536549  0357      317.16
1257983   0357      354.17
1258658   0357      354.77
1261562   0357      353.53
1262953   0357      422.99
1263302   0357      353.53
1263303   0357      354.77
12638103  0357      258.88
1265436   0357      354.77
1266723   0357      244.21
12691465  0357      277.72
1269356   0357      708.32
12698409  0357      258.88
12698965  0357      258.88
12701276  0357      277.72
12701301  0357      647.23
12702273  0357      258.88
12704473  0357      258.88
12704482  0357      593.22
12704649  0357      277.72
12704927  0357      277.72
12705860  0357      277.72
12706171  0357      277.72
12706774  0357      593.22
12707136  0357      277.72
1272390   0357      353.53
1273369   0357      354.77
1277938   0357      353.53
1278407   0357      354.77
12848719  0357      277.72
12849330  0357      317.16
12851330  0357      277.72
12852888  0357      277.72
12858616  0357      416.58
12878256  0357      277.72
12884972  0357      277.72
12934142  0357      258.88
12934525  0357      258.88
12935305  0357      277.72
12935606  0357      277.72
13032012  0357      647.23
13032033  0357      277.72
13034237  0357      277.72
13035222  0357      339.45
13084488  0357      258.88
13084886  0357      258.88
13179920  0357      258.88
13180551  0357      277.72
1318484   0357      353.53
13187744  0357      555.47
13187816  0357      416.58
13188137  0357      258.88
13188604  0357      388.32
13264411  0357      277.72
13265462  0357      258.88
13265946  0357      416.58
13266369  0357      277.72
13268000  0357      517.79
13268185  0357      517.79
13268457  0357      258.88
13268537  0357      416.58
13343258  0357      258.88
13408041  0357      258.88
13510172  0357      258.88
13510180  0357      258.88
13519440  0357      258.88
13527636  0357      296.61
13566631  0357      339.45
13643981  0357      517.79
13643982  0357      388.32
13644051  0357      277.72
13644555  0357      647.23
13644665  0357      277.72
13644680  0357      741.51
13652653  0357      258.88
13674854  0357      296.61
13678214  0357      277.72
13678857  0357      258.88
13679940  0357      277.72
13724134  0357      416.58
13774187  0357      258.88
13774684  0357      277.72
13775452  0357      258.88
13775808  0357      258.88
13777181  0357      388.32
13785046  0357      258.88
13785661  0357      277.72
13785997  0357      258.88
13786181  0357      296.61
13787208  0357      277.72
13787741  0357      258.88
13842354  0357      277.72
13843775  0357      277.72
13856268  0357      277.72
13867427  0357      416.58
13868652  0357      277.72
13880177  0357      277.72
13880981  0357      277.72
13905892  0357      258.88
13986119  0357      277.72
14003086  0357      258.88
14030527  0357      258.88
14031045  0357      277.72
14031497  0357      694.33
14093727  0357      416.58
14094806  0357      296.61
14143188  0357      258.88
14159223  0357      517.79
14176671  0357      277.72
14228153  0357      277.72
14270811  0357      647.23
14293118  0357      416.58
1431183   0357      354.77
14335445  0357      258.88
14335539  0357      277.72
14372299  0357      296.61
14372545  0357      258.88
14372818  0357      915.28
14376347  0357      277.72
14398946  0357      277.72
14399267  0357      388.32
14405196  0357      277.72
14405401  0357      277.72
14513487  0357      258.88
14590375  0357      258.88
14607589  0357      388.32
14648947  0357      277.72
14649126  0357      258.88
14825867  0357      694.33
14877620  0357      277.72
14877805  0357      296.61
14877859  0357      317.16
14879597  0357      555.47
14879704  0357      647.23
14880827  0357      296.61
14880972  0357      555.47
15056332  0357      296.61
15170350  0357      258.88
15177340  0357      296.61
15177867  0357      517.79
15229138  0357      277.72
15272372  0357      258.88
15306151  0357      647.23
15306996  0357      258.88
15351139  0357      277.72
15352095  0357      277.72
15444190  0357      277.72
15448608  0357      277.72
15597541  0357      258.88
15598043  0357      258.88
15598319  0357      277.72
15598510  0357      555.47
15598933  0357      258.88
15599928  0357      388.32
15599929  0357      555.47
15668151  0357      555.47
15668851  0357      258.88
15690244  0357      258.88
15729233  0357      416.58
15729536  0357      647.23
15778630  0357      416.58
15885754  0357      258.88
15959808  0357      258.88
15961650  0357      258.88
16001576  0357      258.88
16137706  0357      258.88
16138119  0357      416.58
1631390   0357      415.91
16324090  0357      277.72
16385667  0357      258.88
16387437  0357      555.47
16594051  0357      258.88
16641426  0357      258.88
16736267  0357      277.72
16770549  0357      277.72
16788972  0357      555.47
16796439  0357      517.79
16796669  0357      258.88
17011869  0357      555.47
17012587  0357      694.33
17019549  0357      277.72
17033230  0357      258.88
17033256  0357      258.88
17104175  0357      416.58
17104709  0357      277.72
17306742  0357      258.88
1737075   0357      353.53
17379215  0357      388.32
17380736  0357      258.88
17572385  0357      555.47
17574055  0357      258.88
17626132  0357      517.79
1763812   0357      422.99
1764349   0357      353.53
1765295   0357      707.09
1769938   0357      353.53
17727438  0357      694.33
17727473  0357      258.88
17853683  0357      694.33
17859806  0357      258.88
17859921  0357      517.79
17872590  0357      277.72
17942424  0357      258.88
17942640  0357      277.72
17965237  0357      416.58
18054647  0357      277.72
18058393  0357      258.88
18059918  0357      277.72
18263579  0357      277.72
18263756  0357      277.72
18421508  0357      258.88
18422439  0357      555.47
18618969  0357      258.88
18655916  0357      277.72
18656459  0357      416.58
18785684  0357      258.88
18923581  0357      258.88
18928116  0357      258.88
18950730  0357      258.88
18998089  0357      517.79
1906129   0357      354.77
19262723  0357      277.72
1926999   0357      354.17
19324610  0357      555.47
19348247  0357      277.72
19431369  0357      277.72
19436769  0357      277.72
19827450  0357      277.72
19850185  0357      647.23
19886649  0357      694.33
19973112  0357      277.72
20046577  0357      517.79
20046584  0357      517.79
20187870  0357      517.79
20189202  0357      317.16
20235584  0357      517.79
2030572   0357      353.53
2033664   0357      376.54
20348834  0357      388.32
20351464  0357      555.47
2101693   0357      416.22
21140944  0357      388.32
2130876   0357      353.53
21505687  0357      647.23
2157417   0357      941.39
2186056   0357      353.53
2189077   0357      353.53
2196831   0357      353.53
2198274   0357      355.51
2198799   0357      353.53
22326349  0357      258.88
2272067   0357      353.53
23156662  0357      354.77
2376223   0357      383.70
2380275   0357      354.17
2384661   0357      354.77
23851459  0357      258.88
2529886   0357      354.77
2532585   0357      353.53
2533320   0357      353.53
2534786   0357      259.50
2535843   0357      354.17
2536373   0357      354.17
2536795   0357      354.77
2539607   0357      354.17
2539943   0357      353.53
2541142   0357      354.77
2541439   0357      483.84
2541709   0357      354.77
2543654   0357      354.77
2543813   0357      354.77
2543932   0357      353.53
2592064   0357      354.17
2592966   0357      385.38
2593377   0357      354.77
2593686   0357      353.53
2596405   0357      419.20
2598033   0357      354.77
2598733   0357      354.17
2598872   0357      353.53
2601437   0357      354.77
2603046   0357      354.77
2605164   0357      354.77
2605823   0357      244.20
2607322   0357      382.09
2608233   0357      372.73
2608304   0357      353.53
2608554   0357      354.77
2684589   0357      354.77
2741170   0357      375.74
2854705   0357      353.53
2870837   0357      353.53
2910376   0357      353.53
2910432   0357      353.53
2911765   0357      353.53
2912407   0357      353.53
2912692   0357      376.54
2913757   0357      353.53
2913809   0357      353.53
2915293   0357      353.53
2915714   0357      354.77
2915780   0357      353.53
2916362   0357      354.77
2916467   0357      353.53
2916786   0357      353.53
2918280   0357      886.95
2992913   0357      353.53
3035349   0357      354.77
3080057   0357      564.82
3080311   0357      354.77
3080984   0357      517.02
3081351   0357      354.77
3082505   0357      425.64
3083006   0357      354.77
3083065   0357      353.53
3083457   0357      353.53
3083843   0357      353.53
3084868   0357      354.77
3084978   0357      353.53
3085009   0357      353.53
3085276   0357      354.27
3090485   0357      377.62
3156003   0357      403.28
3234299   0357      354.27
3245420   0357      354.77
3314884   0357      264.61
3315121   0357      353.53
3315781   0357      353.53
3317339   0357      376.63
3318589   0357      409.64
3318694   0357      427.28
3318719   0357      354.77
3320986   0357      354.77
3322128   0357      376.03
3322284   0357      353.53
3322381   0357      354.17
3324084   0357      493.14
3324110   0357      531.84
3329806   0357      354.77
3353242   0357      403.28
3528540   0357      385.48
3533360   0357      452.93
3535445   0357      353.53
3535838   0357      353.53
3538837   0357      384.90
3539352   0357      354.77
3541739   0357      354.77
3541975   0357      244.21
3542004   0357      296.61
3542015   0357      281.82
3554092   0357      354.17
3593839   0357      353.53
3598528   0357      354.77
3710064   0357      457.02
3759377   0357      353.53
3784066   0357      353.53
3784441   0357      393.90
3785251   0357      354.77
3792247   0357      354.77
3830110   0357      353.53
3855157   0357      244.20
3855577   0357      354.77
3856978   0357      353.53
3857004   0357      353.53
3857220   0357      354.80
3857667   0357      353.53
3857878   0357      354.17
3858323   0357      709.57
3858856   0357      296.61
3859230   0357      557.85
3864991   0357      412.12
3875055   0357      436.64
3877925   0357     1087.56
3878006   0357      443.21
3963688   0357      420.27
3964093   0357      485.97
3964337   0357      353.53
3965704   0357      353.53
3969513   0357      356.08
4001934   0357      465.77
4064149   0357      380.96
4065177   0357      353.53
4065584   0357      277.72
4065648   0357      459.20
4066245   0357      353.53
4067118   0357      412.23
4067735   0357      408.80
4067795   0357      354.77
4068788   0357      353.53
4071074   0357      504.60
4071241   0357      417.71
4107436   0357      368.96
4191539   0357      353.53
4193094   0357      885.43
4194671   0357      381.96
4195654   0357      353.53
4199927   0357      244.21
4200911   0357      353.53
4238916   0357      353.53
430240    0357      353.53
4317775   0357      544.16
4373204   0357      559.70
4373479   0357      353.53
4375498   0357      376.54
4375998   0357      362.28
4376813   0357      388.06
4377201   0357      354.17
4378140   0357      353.53
4378236   0357      353.53
4378283   0357      353.53
4378759   0357      515.94
4379154   0357      353.53
4381341   0357      353.53
4381614   0357      403.55
4382400   0357      532.17
4383023   0357      471.64
4383200   0357      353.53
4385047   0357      354.77
4386936   0357      317.16
4387777   0357      945.24
4409485   0357      522.47
4409788   0357      353.53
4409789   0357      767.65
4414417   0357      401.57
4414541   0357      375.35
4414909   0357      354.77
4415675   0357      353.53
443869    0357      354.77
4609506   0357      380.35
4610129   0357      353.53
4720170   0357      388.32
4720923   0357      277.72
4721016   0357      258.88
4721639   0357      353.53
4722680   0357      353.53
4722814   0357      284.62
4723168   0357      353.53
4723403   0357      353.53
4724433   0357      354.77
4725919   0357      593.22
4727740   0357      258.88
4728331   0357      353.53
4729448   0357      252.24
4730168   0357      544.50
4730490   0357      353.53
4730823   0357      533.12
4731322   0357      526.78
4731494   0357      384.41
4732090   0357      408.96
4732618   0357      399.97
4734527   0357      258.88
4734940   0357      258.88
4735505   0357      353.53
4738424   0357      354.77
4739546   0357      468.64
4739796   0357      296.61
4754833   0357      477.86
4803744   0357      597.87
4805842   0357      277.72
4827213   0357      399.59
4853128   0357      329.75
4882144   0357      265.66
5017295   0357      258.88
5022967   0357      354.17
5237805   0357      277.72
5238236   0357      353.53
5239261   0357      410.78
5240821   0357      353.53
5242545   0357      398.27
5244302   0357      403.28
5244483   0357      258.88
5244484   0357      384.41
5244765   0357      353.53
5245261   0357      296.61
5248926   0357      406.20
5248954   0357      373.52
5249259   0357      277.72
5249817   0357      296.61
5250965   0357      354.77
5251153   0357      452.16
5251214   0357      407.14
5252606   0357      593.22
5253930   0357      353.53
5254613   0357      459.81
5254952   0357      353.53
5255567   0357      277.72
5255641   0357      440.01
5257069   0357      372.10
5257175   0357      354.77
5257421   0357      317.16
5257727   0357      694.33
5257774   0357      277.72
5259121   0357      353.53
5259785   0357      353.53
5261116   0357      258.88
5261139   0357      441.11
5261250   0357      353.53
5261418   0357      364.64
5261643   0357      441.27
5263470   0357      396.01
5344986   0357      373.03
5435450   0357      397.13
5436619   0357      296.61
5436795   0357      272.50
5438690   0357      388.16
5439480   0357      277.72
5439865   0357      792.90
5458236   0357      258.88
5461455   0357      354.78
5605414   0357      903.10
5658043   0357      441.66
5688352   0357      398.94
5765952   0357      277.72
5779173   0357      277.72
5915261   0357      354.77
5921128   0357      533.47
5921800   0357      258.88
5923624   0357      296.61
5925143   0357      296.61
5925949   0357      244.21
5929492   0357      277.72
5935536   0357     1391.92
5938630   0357      461.85
5938995   0357      277.72
6044716   0357      416.58
6125595   0357      934.47
6127630   0357      409.91
6238388   0357      339.45
6394853   0357      315.77
6537141   0357      353.53
6573443   0357      459.31
6573855   0357      317.16
6573893   0357      258.88
6575243   0357      258.88
6575301   0357      277.72
6584406   0357      883.86
6602322   0357      258.88
6634354   0357      277.72
6689708   0357      277.72
6690236   0357      277.72
6701343   0357      277.72
6701344   0357      467.02
6701453   0357      277.72
673822    0357      353.53
6841910   0357      258.88
7211860   0357      296.61
7240399   0357      277.72
7300376   0357      388.16
7301470   0357      353.53
7305494   0357      354.77
7305781   0357      353.53
7308623   0357      415.25
7309317   0357      258.88
7309375   0357      258.88
7310425   0357      317.16
7310959   0357      354.77
7311233   0357      378.69
7311255   0357      458.43
7312149   0357      445.97
7313189   0357      353.53
7314050   0357      418.21
7314987   0357      317.16
7315048   0357      296.61
7315058   0357     1072.44
7315331   0357      277.72
7316059   0357      317.16
7316139   0357      296.61
7316607   0357      483.84
7316959   0357      708.32
7317744   0357      707.09
7318041   0357      386.30
7319649   0357      593.22
7321787   0357      258.88
7322304   0357      258.88
7322780   0357      258.88
7322794   0357      499.01
7324725   0357      354.17
7325664   0357      351.51
7325721   0357      354.77
7325722   0357      515.54
7325778   0357      244.21
7328421   0357      258.88
7330948   0357      277.72
7331943   0357      649.20
7332202   0357      441.24
7332734   0357      532.17
7333145   0357      550.77
7333526   0357      882.50
7335642   0357      277.72
7337422   0357      347.28
7337778   0357      258.88
7338055   0357      317.16
7340200   0357      353.53
7340742   0357      376.03
7340989   0357      415.29
7342107   0357      258.88
7342680   0357      354.77
7343605   0357      373.03
7344290   0357      258.88
7344465   0357      517.79
7347856   0357      354.77
7348137   0357      360.83
7348986   0357      450.44
7349428   0357      848.61
7349843   0357      258.88
7350162   0357      363.18
7350273   0357      258.88
7351297   0357      305.66
7352317   0357      258.88
7353377   0357      277.72
7354064   0357      258.88
7354848   0357      244.21
7355928   0357      353.53
7359478   0357      296.61
7360346   0357      258.88
7360517   0357      277.72
7363171   0357      338.48
7363652   0357      277.72
7365166   0357      444.14
7365545   0357      258.88
7367276   0357      258.88
7368710   0357      517.79
7369018   0357      277.72
7371154   0357      277.72
7372156   0357      258.88
7372973   0357      394.58
7373089   0357      258.88
7373215   0357      317.16
7374243   0357      395.34
7374616   0357      354.77
7377030   0357      258.88
7377579   0357      277.72
7379256   0357      517.79
7380616   0357      258.88
7381553   0357      277.72
7382148   0357      391.23
7382532   0357      258.88
7384964   0357      277.72
7387544   0357      555.47
7388038   0357      258.88
7388080   0357      277.72
7388125   0357      296.61
7388199   0357      593.02
7389581   0357      277.72
7391472   0357      258.88
7392153   0357      741.51
7393061   0357      258.88
7393144   0357      517.79
7395742   0357      244.20
7396051   0357      416.58
7398038   0357      314.67
7400031   0357      277.72
7401094   0357      277.72
7401380   0357      421.27
7401853   0357      258.88
7403123   0357      258.88
7403188   0357      258.88
7403563   0357      258.88
7406353   0357      277.72
7408531   0357      277.72
7409730   0357      258.88
7410177   0357      339.45
7412535   0357      296.61
7412738   0357      258.88
7415285   0357      339.45
7415448   0357      277.72
7416870   0357      373.03
7417289   0357      517.79
7417791   0357      555.47
7418898   0357      258.88
7418939   0357      277.72
7419340   0357      258.88
7419740   0357      435.15
7419800   0357      277.72
7419866   0357      647.23
7420316   0357      277.72
7420429   0357      296.61
7423108   0357      296.61
7423415   0357      277.72
7423444   0357      494.00
7425063   0357      258.88
7425430   0357      277.72
7425900   0357      258.88
7426046   0357      277.72
7427359   0357      258.88
7427520   0357      277.72
7429274   0357      277.72
7432253   0357      296.61
7434591   0357      694.33
7435158   0357      990.99
7436077   0357      517.79
7436996   0357      277.72
7437806   0357      258.88
7437808   0357      258.88
7438450   0357      277.72
7439597   0357      634.32
7439617   0357      277.72
7439629   0357      277.72
7440809   0357      265.66
7442445   0357      277.72
7444497   0357      388.32
7444651   0357      296.61
7444842   0357      277.72
7444889   0357      634.32
7445661   0357      258.88
7446382   0357      296.61
7446644   0357      277.72
7447067   0357      694.33
7447334   0357      317.16
7447992   0357      258.88
7449457   0357      258.88
7455429   0357      466.03
7455588   0357      421.27
7461704   0357      411.54
7465820   0357      694.33
7465910   0357      277.72
7466779   0357      526.34
7466870   0357      496.43
7502836   0357      407.17
7548386   0357      334.02
7548420   0357      422.27
770342    0357      354.77
7917981   0357      408.84
7981510   0357      527.89
7982728   0357      258.88
7982865   0357      296.61
7983170   0357      258.88
7984159   0357      277.72
7985605   0357      281.01
7988969   0357      554.96
8054279   0357      383.87
8064487   0357      663.43
8069571   0357      416.66
8140450   0357      268.61
8594315   0357      277.72
8718789   0357      555.47
8734286   0357      296.61
9066082   0357      353.53
9100619   0357      554.96
9211039   0357      258.88
9261804   0357      296.61
9317884   0357      593.22
9433060   0357      277.72
9540404   0357      296.61
9540845   0357      475.74
9542018   0357      741.51
9542237   0357      258.88
9543174   0357      444.14
9543530   0357      450.28
9544179   0357      277.72
9544345   0357      258.88
9544429   0357      482.15
9544827   0357      296.61
9545198   0357      353.53
9545952   0357      451.07
9546474   0357      277.72
9547148   0357      481.10
9551389   0357      277.72
9552709   0357      384.27
9553039   0357      691.49
9553047   0357      258.88
9553149   0357      258.88
9555077   0357      385.00
9555609   0357      258.88
9555641   0357      277.72
9557148   0357      634.32
9557803   0357      258.88
9557875   0357      258.88
9557894   0357      446.63
9558628   0357      258.88
9560453   0357      258.88
9570736   0357      466.58
9572755   0357      479.73
9577605   0357      496.02
9601343   0357      694.33
9603154   0357      463.95
9603683   0357      277.72
9603870   0357      244.21
9604166   0357      258.88
9604592   0357      509.16
9607091   0357      353.53
9608547   0357      277.72
9609337   0357      258.88
9609338   0357      555.47
9612117   0357      555.61
9612692   0357      277.72
9614364   0357      517.79
9615563   0357      277.72
9615964   0357      277.72
9617493   0357      517.79
9620242   0357      593.22
9620248   0357      634.32
9620376   0357      277.72
9620599   0357      296.61
9620701   0357      258.88
9620720   0357      402.72
9621777   0357      277.72
9622347   0357      277.72
9624370   0357      339.45
9624596   0357      258.88
9625361   0357      277.72
9625933   0357      555.47
9626082   0357      277.72
9626215   0357      258.88
9627150   0357      741.51
9627523   0357      555.47
9627724   0357      258.88
9629963   0357      296.61
9631462   0357      452.62
9634554   0357      507.47
9634674   0357      277.72
9636806   0357      258.88
9638320   0357      277.72
9639201   0357      258.88
9845319   0357      258.88
9846320   0357      296.61
9847068   0357      258.88
9847350   0357      537.55
9848693   0357      422.79
9850403   0357      277.72
9851111   0357      277.72
9851993   0357      498.97
10107724  3357      339.45
10120357  3357      277.72
10121866  3357      296.61
10125466  3357      258.88
10126656  3357      277.72
10141786  3357      296.61
10312414  3357      258.88
10373550  3357      277.72
10639752  3357      382.93
10726693  3357      277.72
10760806  3357      258.88
10764554  3357      296.61
10770124  3357      277.72
10772668  3357      258.88
10774121  3357      296.61
10775520  3357      258.88
10776516  3357      339.45
10776915  3357      258.88
10777645  3357      277.72
10778464  3357      258.88
10779723  3357      472.03
10784623  3357      277.72
10820078  3357      296.61
10840266  3357      277.72
10841061  3357      258.88
10841823  3357      339.45
10842205  3357      277.72
10843324  3357      277.72
10844947  3357      277.72
10845717  3357      258.88
10845943  3357      339.45
10846474  3357      277.72
10846532  3357      296.61
10846629  3357      277.72
10846940  3357      277.72
10846985  3357      277.72
10847648  3357      258.88
10848158  3357      545.64
10849906  3357      277.72
10849907  3357      296.61
10860593  3357      277.72
10903693  3357      373.03
10959957  3357      277.72
10960021  3357      277.72
10963442  3357      296.61
10963957  3357      296.61
10964062  3357      277.72
1108218   3357      353.53
1112379   3357      354.77
1115136   3357      466.15
11163187  3357      258.88
11177533  3357      258.88
11260715  3357      277.72
11261772  3357      339.45
11262378  3357      277.72
11263756  3357      258.88
11264465  3357      277.72
11264550  3357      258.88
11265496  3357      277.72
11265527  3357      296.61
11266390  3357      277.72
11267811  3357      258.88
11267932  3357      258.88
11268437  3357      339.45
11269196  3357      317.16
1129535   3357      354.17
11414487  3357      296.61
11425214  3357      277.72
11425449  3357      277.72
11426462  3357      258.88
11428034  3357      258.88
11428889  3357      277.72
11429539  3357      277.72
11429792  3357      258.88
11429991  3357      277.72
11430700  3357      277.72
11433167  3357      277.72
11433865  3357      277.72
11433968  3357      277.72
11434350  3357      277.72
11546168  3357      258.88
11584952  3357      277.72
11586448  3357      296.61
11589730  3357      277.72
11594236  3357      339.45
11594524  3357      258.88
11596252  3357      277.72
11597667  3357      277.72
11598121  3357      258.88
11598207  3357      258.88
11598956  3357      258.88
11633896  3357      258.88
11645810  3357      277.72
11651035  3357      277.72
11651090  3357      277.72
11652405  3357      277.72
11653864  3357      277.72
11694358  3357      258.88
11694758  3357      277.72
11695394  3357      258.88
11749469  3357      277.72
11783201  3357      296.61
11783366  3357      339.45
11784637  3357      258.88
11786325  3357      339.45
11786432  3357      258.88
11787653  3357      277.72
11787807  3357      277.72
11788587  3357      296.61
11788630  3357      296.61
11790273  3357      277.72
11790818  3357      277.72
11791177  3357      277.72
11792127  3357      277.72
11792506  3357      258.88
11792846  3357      277.72
11878930  3357      277.72
11879419  3357      296.61
11879750  3357      339.45
11881224  3357      339.45
11881668  3357      258.88
11881669  3357      463.95
11882080  3357      400.26
11883300  3357      277.72
12011761  3357      339.45
12018571  3357      258.88
12018729  3357      258.88
12018852  3357      277.72
12019816  3357      258.88
12020535  3357      317.16
12021559  3357      296.61
12021966  3357      277.72
12022428  3357      296.61
12023306  3357      317.16
12023981  3357      277.72
12024178  3357      277.72
12024179  3357      277.72
12025294  3357      277.72
12025488  3357      258.88
12025491  3357      258.88
12026565  3357      277.72
12027093  3357      277.72
12027260  3357      490.66
12027527  3357      258.88
12027928  3357      258.88
12027973  3357      296.61
12080554  3357      277.72
12241212  3357      258.88
12242270  3357      277.72
12243077  3357      258.88
12244707  3357      258.88
12247738  3357      277.72
12248400  3357      258.88
12248745  3357      277.72
12248755  3357      296.61
12248784  3357      258.88
12248960  3357      277.72
12249178  3357      339.45
12314254  3357      317.16
12369466  3357      277.72
12370670  3357      482.84
1239070   3357      353.53
12434895  3357      258.88
12435304  3357      277.72
12435757  3357      258.88
12435759  3357      277.72
12527456  3357      258.88
12534356  3357      277.72
12536172  3357      277.72
12536549  3357      317.16
1257983   3357      354.17
1258658   3357      354.77
1261562   3357      353.53
1262953   3357      422.99
1263302   3357      353.53
1263303   3357      354.77
12638103  3357      258.88
1265436   3357      354.77
1266723   3357      244.21
12691465  3357      277.72
1269356   3357      354.17
12698409  3357      258.88
12698965  3357      258.88
12701276  3357      277.72
12701301  3357      258.88
12702273  3357      258.88
12704473  3357      258.88
12704482  3357      296.61
12704649  3357      277.72
12704927  3357      277.72
12705860  3357      277.72
12706171  3357      277.72
12706774  3357      296.61
12707136  3357      277.72
1272390   3357      353.53
1273369   3357      354.77
1277938   3357      353.53
1278407   3357      354.77
12848719  3357      277.72
12849330  3357      317.16
12851330  3357      277.72
12852888  3357      277.72
12858616  3357      277.72
12878256  3357      277.72
12884972  3357      277.72
12934142  3357      258.88
12934525  3357      258.88
12935305  3357      277.72
12935606  3357      277.72
13032012  3357      258.88
13032033  3357      277.72
13034237  3357      277.72
13035222  3357      339.45
13084488  3357      258.88
13084886  3357      258.88
13179920  3357      258.88
13180551  3357      277.72
1318484   3357      353.53
13187744  3357      277.72
13187816  3357      277.72
13188137  3357      258.88
13188604  3357      258.88
13264411  3357      277.72
13265462  3357      258.88
13265946  3357      277.72
13266369  3357      277.72
13268000  3357      258.88
13268185  3357      258.88
13268457  3357      258.88
13268537  3357      277.72
13343258  3357      258.88
13408041  3357      258.88
13510172  3357      258.88
13510180  3357      258.88
13519440  3357      258.88
13527636  3357      296.61
13566631  3357      339.45
13643981  3357      258.88
13643982  3357      258.88
13644051  3357      277.72
13644555  3357      258.88
13644665  3357      277.72
13644680  3357      296.61
13652653  3357      258.88
13674854  3357      296.61
13678214  3357      277.72
13678857  3357      258.88
13679940  3357      277.72
13724134  3357      277.72
13774187  3357      258.88
13774684  3357      277.72
13775452  3357      258.88
13775808  3357      258.88
13777181  3357      258.88
13785046  3357      258.88
13785661  3357      277.72
13785997  3357      258.88
13786181  3357      296.61
13787208  3357      277.72
13787741  3357      258.88
13842354  3357      277.72
13843775  3357      277.72
13856268  3357      277.72
13867427  3357      277.72
13868652  3357      277.72
13880177  3357      277.72
13880981  3357      277.72
13905892  3357      258.88
13986119  3357      277.72
14003086  3357      258.88
14030527  3357      258.88
14031045  3357      277.72
14031497  3357      277.72
14093727  3357      277.72
14094806  3357      296.61
14143188  3357      258.88
14159223  3357      258.88
14176671  3357      277.72
14228153  3357      277.72
14270811  3357      258.88
14293118  3357      277.72
1431183   3357      354.77
14335445  3357      258.88
14335539  3357      277.72
14372299  3357      296.61
14372545  3357      258.88
14372818  3357      366.12
14376347  3357      277.72
14398946  3357      277.72
14399267  3357      258.88
14405196  3357      277.72
14405401  3357      277.72
14513487  3357      258.88
14590375  3357      258.88
14607589  3357      258.88
14648947  3357      277.72
14649126  3357      258.88
14825867  3357      277.72
14877620  3357      277.72
14877805  3357      296.61
14877859  3357      317.16
14879597  3357      277.72
14879704  3357      258.88
14880827  3357      296.61
14880972  3357      277.72
15056332  3357      296.61
15170350  3357      258.88
15177340  3357      296.61
15177867  3357      258.88
15229138  3357      277.72
15272372  3357      258.88
15306151  3357      258.88
15306996  3357      258.88
15351139  3357      277.72
15352095  3357      277.72
15444190  3357      277.72
15448608  3357      277.72
15597541  3357      258.88
15598043  3357      258.88
15598319  3357      277.72
15598510  3357      277.72
15598933  3357      258.88
15599928  3357      258.88
15599929  3357      277.72
15668151  3357      277.72
15668851  3357      258.88
15690244  3357      258.88
15729233  3357      277.72
15729536  3357      258.88
15778630  3357      277.72
15885754  3357      258.88
15959808  3357      258.88
15961650  3357      258.88
16001576  3357      258.88
16137706  3357      258.88
16138119  3357      277.72
1631390   3357      415.91
16324090  3357      277.72
16385667  3357      258.88
16387437  3357      277.72
16594051  3357      258.88
16641426  3357      258.88
16736267  3357      277.72
16770549  3357      277.72
16788972  3357      277.72
16796439  3357      258.88
16796669  3357      258.88
17011869  3357      277.72
17012587  3357      277.72
17019549  3357      277.72
17033230  3357      258.88
17033256  3357      258.88
17104175  3357      277.72
17104709  3357      277.72
17306742  3357      258.88
1737075   3357      353.53
17379215  3357      258.88
17380736  3357      258.88
17572385  3357      277.72
17574055  3357      258.88
17626132  3357      258.88
1763812   3357      422.99
1764349   3357      353.53
1765295   3357      353.53
1769938   3357      353.53
17727438  3357      277.72
17727473  3357      258.88
17853683  3357      277.72
17859806  3357      258.88
17859921  3357      258.88
17872590  3357      277.72
17942424  3357      258.88
17942640  3357      277.72
17965237  3357      277.72
18054647  3357      277.72
18058393  3357      258.88
18059918  3357      277.72
18263579  3357      277.72
18263756  3357      277.72
18421508  3357      258.88
18422439  3357      277.72
18618969  3357      258.88
18655916  3357      277.72
18656459  3357      277.72
18785684  3357      258.88
18923581  3357      258.88
18928116  3357      258.88
18950730  3357      258.88
18998089  3357      258.88
1906129   3357      354.77
19262723  3357      277.72
1926999   3357      354.17
19324610  3357      277.72
19348247  3357      277.72
19431369  3357      277.72
19436769  3357      277.72
19827450  3357      277.72
19850185  3357      258.88
19886649  3357      277.72
19973112  3357      277.72
20046577  3357      258.88
20046584  3357      258.88
20187870  3357      258.88
20189202  3357      317.16
20235584  3357      258.88
2030572   3357      353.53
2033664   3357      376.54
20348834  3357      258.88
20351464  3357      277.72
2101693   3357      416.22
21140944  3357      258.88
2130876   3357      353.53
21505687  3357      258.88
2157417   3357      376.54
2186056   3357      353.53
2189077   3357      353.53
2196831   3357      353.53
2198274   3357      355.51
2198799   3357      353.53
22326349  3357      258.88
2272067   3357      353.53
23156662  3357      354.77
2376223   3357      383.70
2380275   3357      354.17
2384661   3357      354.77
23851459  3357      258.88
2529886   3357      354.77
2532585   3357      353.53
2533320   3357      353.53
2534786   3357      259.50
2535843   3357      354.17
2536373   3357      354.17
2536795   3357      354.77
2539607   3357      354.17
2539943   3357      353.53
2541142   3357      354.77
2541439   3357      483.84
2541709   3357      354.77
2543654   3357      354.77
2543813   3357      354.77
2543932   3357      353.53
2592064   3357      354.17
2592966   3357      385.38
2593377   3357      354.77
2593686   3357      353.53
2596405   3357      419.20
2598033   3357      354.77
2598733   3357      354.17
2598872   3357      353.53
2601437   3357      354.77
2603046   3357      354.77
2605164   3357      354.77
2605823   3357      244.20
2607322   3357      382.09
2608233   3357      372.73
2608304   3357      353.53
2608554   3357      354.77
2684589   3357      354.77
2741170   3357      375.74
2854705   3357      353.53
2870837   3357      353.53
2910376   3357      353.53
2910432   3357      353.53
2911765   3357      353.53
2912407   3357      353.53
2912692   3357      376.54
2913757   3357      353.53
2913809   3357      353.53
2915293   3357      353.53
2915714   3357      354.77
2915780   3357      353.53
2916362   3357      354.77
2916467   3357      353.53
2916786   3357      353.53
2918280   3357      354.77
2992913   3357      353.53
3035349   3357      354.77
3080057   3357      376.54
3080311   3357      354.77
3080984   3357      517.02
3081351   3357      354.77
3082505   3357      425.64
3083006   3357      354.77
3083065   3357      353.53
3083457   3357      353.53
3083843   3357      353.53
3084868   3357      354.77
3084978   3357      353.53
3085009   3357      353.53
3085276   3357      354.27
3090485   3357      377.62
3156003   3357      403.28
3234299   3357      354.27
3245420   3357      354.77
3314884   3357      264.61
3315121   3357      353.53
3315781   3357      353.53
3317339   3357      376.63
3318589   3357      409.64
3318694   3357      427.28
3318719   3357      354.77
3320986   3357      354.77
3322128   3357      376.03
3322284   3357      353.53
3322381   3357      354.17
3324084   3357      493.14
3324110   3357      531.84
3329806   3357      354.77
3353242   3357      403.28
3528540   3357      385.48
3533360   3357      452.93
3535445   3357      353.53
3535838   3357      353.53
3538837   3357      384.90
3539352   3357      354.77
3541739   3357      354.77
3541975   3357      244.21
3542004   3357      296.61
3542015   3357      281.82
3554092   3357      354.17
3593839   3357      353.53
3598528   3357      354.77
3710064   3357      457.02
3759377   3357      353.53
3784066   3357      353.53
3784441   3357      393.90
3785251   3357      354.77
3792247   3357      354.77
3830110   3357      353.53
3855157   3357      244.20
3855577   3357      354.77
3856978   3357      353.53
3857004   3357      353.53
3857220   3357      354.80
3857667   3357      353.53
3857878   3357      354.17
3858323   3357      354.77
3858856   3357      296.61
3859230   3357      371.91
3864991   3357      412.12
3875055   3357      436.64
3877925   3357      543.78
3878006   3357      443.21
3963688   3357      420.27
3964093   3357      485.97
3964337   3357      353.53
3965704   3357      353.53
3969513   3357      356.08
4001934   3357      465.77
4064149   3357      380.96
4065177   3357      353.53
4065584   3357      277.72
4065648   3357      459.20
4066245   3357      353.53
4067118   3357      412.23
4067735   3357      408.80
4067795   3357      354.77
4068788   3357      353.53
4071074   3357      504.60
4071241   3357      417.71
4107436   3357      368.96
4191539   3357      353.53
4193094   3357      354.17
4194671   3357      381.96
4195654   3357      353.53
4199927   3357      244.21
4200911   3357      353.53
4238916   3357      353.53
430240    3357      353.53
4317775   3357      544.16
4373204   3357      559.70
4373479   3357      353.53
4375498   3357      376.54
4375998   3357      362.28
4376813   3357      388.06
4377201   3357      354.17
4378140   3357      353.53
4378236   3357      353.53
4378283   3357      353.53
4378759   3357      515.94
4379154   3357      353.53
4381341   3357      353.53
4381614   3357      403.55
4382400   3357      354.77
4383023   3357      471.64
4383200   3357      353.53
4385047   3357      354.77
4386936   3357      317.16
4387777   3357      378.10
4409485   3357      522.47
4409788   3357      353.53
4409789   3357      383.83
4414417   3357      401.57
4414541   3357      375.35
4414909   3357      354.77
4415675   3357      353.53
443869    3357      354.77
4609506   3357      380.35
4610129   3357      353.53
4720170   3357      258.88
4720923   3357      277.72
4721016   3357      258.88
4721639   3357      353.53
4722680   3357      353.53
4722814   3357      284.62
4723168   3357      353.53
4723403   3357      353.53
4724433   3357      354.77
4725919   3357      296.61
4727740   3357      258.88
4728331   3357      353.53
4729448   3357      252.24
4730168   3357      544.50
4730490   3357      353.53
4730823   3357      533.12
4731322   3357      526.78
4731494   3357      384.41
4732090   3357      408.96
4732618   3357      399.97
4734527   3357      258.88
4734940   3357      258.88
4735505   3357      353.53
4738424   3357      354.77
4739546   3357      468.64
4739796   3357      296.61
4754833   3357      477.86
4803744   3357      597.87
4805842   3357      277.72
4827213   3357      399.59
4853128   3357      329.75
4882144   3357      265.66
5017295   3357      258.88
5022967   3357      354.17
5237805   3357      277.72
5238236   3357      353.53
5239261   3357      410.78
5240821   3357      353.53
5242545   3357      398.27
5244302   3357      403.28
5244483   3357      258.88
5244484   3357      384.41
5244765   3357      353.53
5245261   3357      296.61
5248926   3357      406.20
5248954   3357      373.52
5249259   3357      277.72
5249817   3357      296.61
5250965   3357      354.77
5251153   3357      452.16
5251214   3357      407.14
5252606   3357      296.61
5253930   3357      353.53
5254613   3357      459.81
5254952   3357      353.53
5255567   3357      277.72
5255641   3357      440.01
5257069   3357      372.10
5257175   3357      354.77
5257421   3357      317.16
5257727   3357      277.72
5257774   3357      277.72
5259121   3357      353.53
5259785   3357      353.53
5261116   3357      258.88
5261139   3357      441.11
5261250   3357      353.53
5261418   3357      364.64
5261643   3357      441.27
5263470   3357      396.01
5344986   3357      373.03
5435450   3357      397.13
5436619   3357      296.61
5436795   3357      272.50
5438690   3357      388.16
5439480   3357      277.72
5439865   3357      317.16
5458236   3357      258.88
5461455   3357      354.78
5605414   3357      451.55
5658043   3357      441.66
5688352   3357      398.94
5765952   3357      277.72
5779173   3357      277.72
5915261   3357      354.77
5921128   3357      533.47
5921800   3357      258.88
5923624   3357      296.61
5925143   3357      296.61
5925949   3357      244.21
5929492   3357      277.72
5935536   3357      556.77
5938630   3357      461.85
5938995   3357      277.72
6044716   3357      277.72
6125595   3357      373.78
6127630   3357      409.91
6238388   3357      339.45
6394853   3357      315.77
6537141   3357      353.53
6573443   3357      459.31
6573855   3357      317.16
6573893   3357      258.88
6575243   3357      258.88
6575301   3357      277.72
6584406   3357      353.53
6602322   3357      258.88
6634354   3357      277.72
6689708   3357      277.72
6690236   3357      277.72
6701343   3357      277.72
6701344   3357      467.02
6701453   3357      277.72
673822    3357      353.53
6841910   3357      258.88
7211860   3357      296.61
7240399   3357      277.72
7300376   3357      388.16
7301470   3357      353.53
7305494   3357      354.77
7305781   3357      353.53
7308623   3357      415.25
7309317   3357      258.88
7309375   3357      258.88
7310425   3357      317.16
7310959   3357      354.77
7311233   3357      378.69
7311255   3357      458.43
7312149   3357      445.97
7313189   3357      353.53
7314050   3357      418.21
7314987   3357      317.16
7315048   3357      296.61
7315058   3357      428.99
7315331   3357      277.72
7316059   3357      317.16
7316139   3357      296.61
7316607   3357      483.84
7316959   3357      354.17
7317744   3357      353.53
7318041   3357      386.30
7319649   3357      296.61
7321787   3357      258.88
7322304   3357      258.88
7322780   3357      258.88
7322794   3357      499.01
7324725   3357      354.17
7325664   3357      351.51
7325721   3357      354.77
7325722   3357      515.54
7325778   3357      244.21
7328421   3357      258.88
7330948   3357      277.72
7331943   3357      649.20
7332202   3357      441.24
7332734   3357      354.77
7333145   3357      550.77
7333526   3357      441.24
7335642   3357      277.72
7337422   3357      347.28
7337778   3357      258.88
7338055   3357      317.16
7340200   3357      353.53
7340742   3357      376.03
7340989   3357      415.29
7342107   3357      258.88
7342680   3357      354.77
7343605   3357      373.03
7344290   3357      258.88
7344465   3357      258.88
7347856   3357      354.77
7348137   3357      360.83
7348986   3357      450.44
7349428   3357      339.45
7349843   3357      258.88
7350162   3357      363.18
7350273   3357      258.88
7351297   3357      305.66
7352317   3357      258.88
7353377   3357      277.72
7354064   3357      258.88
7354848   3357      244.21
7355928   3357      353.53
7359478   3357      296.61
7360346   3357      258.88
7360517   3357      277.72
7363171   3357      338.48
7363652   3357      277.72
7365166   3357      444.14
7365545   3357      258.88
7367276   3357      258.88
7368710   3357      258.88
7369018   3357      277.72
7371154   3357      277.72
7372156   3357      258.88
7372973   3357      394.58
7373089   3357      258.88
7373215   3357      317.16
7374243   3357      395.34
7374616   3357      354.77
7377030   3357      258.88
7377579   3357      277.72
7379256   3357      258.88
7380616   3357      258.88
7381553   3357      277.72
7382148   3357      391.23
7382532   3357      258.88
7384964   3357      277.72
7387544   3357      277.72
7388038   3357      258.88
7388080   3357      277.72
7388125   3357      296.61
7388199   3357      395.34
7389581   3357      277.72
7391472   3357      258.88
7392153   3357      296.61
7393061   3357      258.88
7393144   3357      258.88
7395742   3357      244.20
7396051   3357      277.72
7398038   3357      314.67
7400031   3357      277.72
7401094   3357      277.72
7401380   3357      421.27
7401853   3357      258.88
7403123   3357      258.88
7403188   3357      258.88
7403563   3357      258.88
7406353   3357      277.72
7408531   3357      277.72
7409730   3357      258.88
7410177   3357      339.45
7412535   3357      296.61
7412738   3357      258.88
7415285   3357      339.45
7415448   3357      277.72
7416870   3357      373.03
7417289   3357      258.88
7417791   3357      277.72
7418898   3357      258.88
7418939   3357      277.72
7419340   3357      258.88
7419740   3357      435.15
7419800   3357      277.72
7419866   3357      258.88
7420316   3357      277.72
7420429   3357      296.61
7423108   3357      296.61
7423415   3357      277.72
7423444   3357      494.00
7425063   3357      258.88
7425430   3357      277.72
7425900   3357      258.88
7426046   3357      277.72
7427359   3357      258.88
7427520   3357      277.72
7429274   3357      277.72
7432253   3357      296.61
7434591   3357      277.72
7435158   3357      396.41
7436077   3357      258.88
7436996   3357      277.72
7437806   3357      258.88
7437808   3357      258.88
7438450   3357      277.72
7439597   3357      317.16
7439617   3357      277.72
7439629   3357      277.72
7440809   3357      265.66
7442445   3357      277.72
7444497   3357      258.88
7444651   3357      296.61
7444842   3357      277.72
7444889   3357      317.16
7445661   3357      258.88
7446382   3357      296.61
7446644   3357      277.72
7447067   3357      277.72
7447334   3357      317.16
7447992   3357      258.88
7449457   3357      258.88
7455429   3357      466.03
7455588   3357      421.27
7461704   3357      411.54
7465820   3357      277.72
7465910   3357      277.72
7466779   3357      526.34
7466870   3357      496.43
7502836   3357      407.17
7548386   3357      334.02
7548420   3357      422.27
770342    3357      354.77
7917981   3357      408.84
7981510   3357      527.89
7982728   3357      258.88
7982865   3357      296.61
7983170   3357      258.88
7984159   3357      277.72
7985605   3357      281.01
7988969   3357      554.96
8054279   3357      383.87
8064487   3357      331.71
8069571   3357      416.66
8140450   3357      268.61
8594315   3357      277.72
8718789   3357      277.72
8734286   3357      296.61
9066082   3357      353.53
9100619   3357      554.96
9211039   3357      258.88
9261804   3357      296.61
9317884   3357      296.61
9433060   3357      277.72
9540404   3357      296.61
9540845   3357      317.16
9542018   3357      296.61
9542237   3357      258.88
9543174   3357      444.14
9543530   3357      450.28
9544179   3357      277.72
9544345   3357      258.88
9544429   3357      482.15
9544827   3357      296.61
9545198   3357      353.53
9545952   3357      451.07
9546474   3357      277.72
9547148   3357      481.10
9551389   3357      277.72
9552709   3357      384.27
9553039   3357      691.49
9553047   3357      258.88
9553149   3357      258.88
9555077   3357      385.00
9555609   3357      258.88
9555641   3357      277.72
9557148   3357      317.16
9557803   3357      258.88
9557875   3357      258.88
9557894   3357      446.63
9558628   3357      258.88
9560453   3357      258.88
9570736   3357      466.58
9572755   3357      479.73
9577605   3357      496.02
9601343   3357      277.72
9603154   3357      463.95
9603683   3357      277.72
9603870   3357      244.21
9604166   3357      258.88
9604592   3357      339.45
9607091   3357      353.53
9608547   3357      277.72
9609337   3357      258.88
9609338   3357      277.72
9612117   3357      555.61
9612692   3357      277.72
9614364   3357      258.88
9615563   3357      277.72
9615964   3357      277.72
9617493   3357      258.88
9620242   3357      296.61
9620248   3357      317.16
9620376   3357      277.72
9620599   3357      296.61
9620701   3357      258.88
9620720   3357      402.72
9621777   3357      277.72
9622347   3357      277.72
9624370   3357      339.45
9624596   3357      258.88
9625361   3357      277.72
9625933   3357      277.72
9626082   3357      277.72
9626215   3357      258.88
9627150   3357      296.61
9627523   3357      277.72
9627724   3357      258.88
9629963   3357      296.61
9631462   3357      452.62
9634554   3357      507.47
9634674   3357      277.72
9636806   3357      258.88
9638320   3357      277.72
9639201   3357      258.88
9845319   3357      258.88
9846320   3357      296.61
9847068   3357      258.88
9847350   3357      537.55
9848693   3357      422.79
9850403   3357      277.72
9851111   3357      277.72
9851993   3357      498.97
