10107724  0357      377.17
10120357  0357      462.86
10121866  0357      823.92
10125466  0357      287.65
10126656  0357      308.58
10141786  0357      329.57
10312414  0357      287.65
10373550  0357      617.17
10639752  0357      287.65
10726693  0357      308.58
10760806  0357      287.65
10764554  0357      329.57
10770124  0357      308.58
10772668  0357      287.65
10774121  0357      329.57
10775520  0357      575.30
10776516  0357      377.17
10776915  0357      287.65
10777645  0357      462.86
10778464  0357      287.65
10779723  0357      524.49
10784623  0357      308.58
10820078  0357      329.57
10840266  0357      308.58
10841061  0357      287.65
10841823  0357      377.17
10842205  0357      308.58
10843324  0357      771.46
10844575  0357      754.33
10844947  0357      771.46
10845717  0357      287.65
10845943  0357      377.17
10846474  0357      308.58
10846532  0357      329.57
10846629  0357      308.58
10846940  0357      617.17
10846985  0357      308.58
10847648  0357      287.65
10848158  0357      606.27
10849906  0357      308.58
10849907  0357      329.57
10860593  0357      308.58
10903693  0357      287.65
10959957  0357      308.58
10960021  0357      308.58
10963442  0357      329.57
10963957  0357      329.57
10964062  0357      617.17
1108218   0357      392.82
1112379   0357      394.21
1115136   0357      517.94
11163187  0357      287.65
11177533  0357      287.65
11260715  0357      308.58
11261772  0357      377.17
11262378  0357      308.58
11263756  0357      287.65
11264465  0357      308.58
11264550  0357      287.65
11265496  0357      308.58
11265527  0357      329.57
11266390  0357      617.17
11267811  0357      575.30
11267932  0357      575.30
11268437  0357      377.17
11269196  0357      352.40
1129535   0357      393.51
11414487  0357      329.57
11425214  0357      308.58
11425449  0357      308.58
11426462  0357      287.65
11428034  0357      287.65
11428889  0357      771.46
11429539  0357      617.17
11429792  0357      287.65
11429991  0357      462.86
11430700  0357      308.58
11433167  0357      308.58
11433865  0357      617.17
11433968  0357      617.17
11434350  0357      308.58
11546168  0357      287.65
11580362  0357      329.57
11584952  0357      308.58
11586448  0357      329.57
11589730  0357      617.17
11594236  0357      377.17
11594524  0357      287.65
11596252  0357      308.58
11597667  0357      308.58
11598121  0357      287.65
11598207  0357      287.65
11598956  0357      287.65
11633896  0357      287.65
11645810  0357      308.58
11651035  0357      308.58
11651090  0357      308.58
11652405  0357      308.58
11653864  0357      308.58
11694358  0357      287.65
11694758  0357      308.58
11695394  0357      575.30
11749469  0357      308.58
11783201  0357      329.57
11783366  0357      377.17
11784637  0357      287.65
11786325  0357      377.17
11786432  0357      287.65
11787653  0357      617.17
11787807  0357      308.58
11788587  0357      659.13
11788630  0357      329.57
11790273  0357      308.58
11790818  0357      462.86
11791177  0357      308.58
11792127  0357      308.58
11792506  0357      287.65
11792846  0357      308.58
11878930  0357      308.58
11879419  0357      329.57
11879750  0357      377.17
11881224  0357      377.17
11881668  0357      719.11
11881669  0357      515.51
11882080  0357      287.65
11882720  0357      377.17
11883300  0357      617.17
11949766  0357      377.17
12011761  0357      754.33
12018571  0357      431.46
12018729  0357      287.65
12018852  0357      308.58
12019816  0357      287.65
12020535  0357      352.40
12021559  0357      329.57
12021966  0357      308.58
12022428  0357      329.57
12023306  0357      352.40
12023981  0357      462.86
12024178  0357      308.58
12024179  0357      308.58
12025294  0357      462.86
12025488  0357      287.65
12025491  0357      287.65
12026565  0357      308.58
12027093  0357      308.58
12027260  0357      545.18
12027527  0357      287.65
12027928  0357      287.65
12027973  0357      659.13
12080554  0357      308.58
12241212  0357      431.46
12242270  0357      308.58
12243077  0357      287.65
12244707  0357      287.65
12247738  0357      462.86
12248400  0357      719.11
12248745  0357      308.58
12248755  0357      329.57
12248784  0357      575.30
12248960  0357      308.58
12249178  0357      377.17
12279667  0357      308.58
12314254  0357      881.00
1232375   0357      393.51
12369466  0357      308.58
12370670  0357      352.40
1239070   0357      392.82
12434895  0357      287.65
12435304  0357      308.58
12435757  0357      431.46
12435759  0357      771.46
12527456  0357      287.65
12534356  0357      308.58
12536172  0357      308.58
12536549  0357      352.40
1257983   0357      393.51
1258658   0357      394.21
1261562   0357      392.82
1262953   0357      469.98
1263302   0357      392.82
1263303   0357      394.21
12638103  0357      287.65
1265436   0357      394.21
1266723   0357      271.34
12691465  0357      308.58
1269356   0357      787.04
12698409  0357      287.65
12698965  0357      287.65
12700553  0357      287.65
12701276  0357      308.58
12701301  0357      719.11
12702273  0357      287.65
12704473  0357      287.65
12704482  0357      659.13
12704649  0357      308.58
12704927  0357      308.58
12705860  0357      308.58
12706171  0357      308.58
12706774  0357      659.13
12707136  0357      308.58
1272390   0357      392.82
1273369   0357      394.21
1277938   0357      392.82
1278407   0357      394.21
12848719  0357      308.58
12849330  0357      352.40
12851330  0357      308.58
12852888  0357      308.58
12858616  0357      462.86
12878256  0357      308.58
12884972  0357      308.58
12934142  0357      287.65
12934525  0357      287.65
12935305  0357      308.58
12935606  0357      308.58
13032012  0357      719.11
13032033  0357      308.58
13034237  0357      308.58
13035222  0357      377.17
13084488  0357      287.65
13084886  0357      287.65
13179920  0357      287.65
13180551  0357      308.58
1318484   0357      392.82
13187744  0357      617.17
13187816  0357      462.86
13188137  0357      287.65
13188604  0357      431.46
13264411  0357      308.58
13265462  0357      287.65
13265946  0357      462.86
13266369  0357      308.58
13268000  0357      575.30
13268185  0357      575.30
13268457  0357      287.65
13268537  0357      462.86
13343258  0357      287.65
13408041  0357      287.65
13510172  0357      287.65
13510180  0357      287.65
13519440  0357      287.65
13527636  0357      329.57
13566631  0357      377.17
13643981  0357      575.30
13643982  0357      431.46
13644051  0357      308.58
13644555  0357      719.11
13644665  0357      308.58
13644680  0357      823.92
13652653  0357      287.65
13674854  0357      329.57
13678214  0357      308.58
13678857  0357      287.65
13679940  0357      308.58
13724134  0357      462.86
13774187  0357      287.65
13774684  0357      308.58
13775452  0357      287.65
13775808  0357      287.65
13777181  0357      431.46
13785046  0357      287.65
13785661  0357      308.58
13785997  0357      287.65
13786181  0357      329.57
13787208  0357      308.58
13787741  0357      287.65
13842354  0357      308.58
13843775  0357      308.58
13856268  0357      308.58
13867427  0357      462.86
13868652  0357      308.58
13880177  0357      308.58
13880981  0357      308.58
13905892  0357      287.65
13986119  0357      308.58
13990906  0357      494.35
14003086  0357      287.65
14030527  0357      287.65
14031045  0357      308.58
14031497  0357      771.46
14093727  0357      462.86
14094806  0357      329.57
14143188  0357      287.65
14159223  0357      575.30
14176671  0357      308.58
14228153  0357      308.58
14270811  0357      719.11
14293118  0357      462.86
1431183   0357      394.21
14335445  0357      287.65
14335539  0357      308.58
14372299  0357      329.57
14372545  0357      287.65
14372818  0357     1016.98
14376347  0357      308.58
14398946  0357      308.58
14399267  0357      431.46
14405196  0357      308.58
14405401  0357      308.58
14513487  0357      287.65
14590375  0357      287.65
14607589  0357      431.46
14648947  0357      308.58
14649126  0357      287.65
14825867  0357      771.46
14877620  0357      308.58
14877805  0357      329.57
14877859  0357      352.40
14879597  0357      617.17
14879704  0357      719.11
14880827  0357      329.57
14880972  0357      617.17
15170350  0357      287.65
15177340  0357      329.57
15177867  0357      575.30
15229138  0357      308.58
15272372  0357      287.65
15306151  0357      719.11
15306996  0357      287.65
15351139  0357      308.58
15352095  0357      308.58
15444190  0357      308.58
15444811  0357      329.57
15448608  0357      308.58
15597541  0357      287.65
15598043  0357      287.65
15598319  0357      308.58
15598510  0357      617.17
15598933  0357      287.65
15599928  0357      431.46
15599929  0357      617.17
15668151  0357      617.17
15668851  0357      287.65
15690244  0357      287.65
15729233  0357      462.86
15729536  0357      719.11
15778630  0357      462.86
15885754  0357      287.65
15959808  0357      287.65
15961650  0357      287.65
16001576  0357      287.65
16137706  0357      287.65
16138119  0357      462.86
1631390   0357      462.12
16324090  0357      308.58
16385667  0357      287.65
16387437  0357      617.17
16594051  0357      287.65
16641426  0357      287.65
16736267  0357      308.58
16770549  0357      308.58
16788972  0357      617.17
16796439  0357      575.30
16796669  0357      287.65
17011869  0357      617.17
17012587  0357      771.46
17019549  0357      308.58
17033230  0357      287.65
17033256  0357      287.65
17104175  0357      462.86
17104709  0357      308.58
17306742  0357      287.65
1737075   0357      392.82
17379215  0357      431.46
17380736  0357      287.65
17572385  0357      617.17
17574055  0357      287.65
17626132  0357      575.30
1763812   0357      469.98
1764349   0357      392.82
1765295   0357      785.66
1769938   0357      392.82
17727473  0357      287.65
17859806  0357      287.65
17859921  0357      575.30
17872590  0357      308.58
17942640  0357      308.58
17965237  0357      462.86
18054647  0357      308.58
18058393  0357      287.65
18059918  0357      308.58
18263579  0357      308.58
18263756  0357      308.58
18421508  0357      287.65
18422439  0357      617.17
18618969  0357      287.65
18655916  0357      308.58
18656459  0357      462.86
18785684  0357      287.65
18923581  0357      287.65
18928116  0357      287.65
18950730  0357      287.65
1906129   0357      394.21
19166206  0357      719.11
19262723  0357      308.58
1926999   0357      393.51
19324610  0357      617.17
19348247  0357      308.58
19424156  0357      617.17
19431369  0357      308.58
19436769  0357      308.58
19827450  0357      308.58
19850185  0357      719.11
19886649  0357      771.46
19973112  0357      308.58
20046577  0357      575.30
20046584  0357      575.30
20187870  0357      575.30
20189202  0357      352.40
20235584  0357      575.30
2030572   0357      392.82
2033664   0357      418.39
20348834  0357      431.46
20351464  0357      617.17
2101693   0357      462.45
21140944  0357      431.46
2130876   0357      392.82
21505687  0357      719.11
2157417   0357     1045.99
2186056   0357      392.82
2189077   0357      392.82
2196831   0357      392.82
2198274   0357      395.02
2198799   0357      392.82
22326349  0357      287.65
2272067   0357      392.82
23156662  0357      394.21
2376223   0357      426.34
2380275   0357      393.51
2384661   0357      394.21
2529886   0357      394.21
2532585   0357      392.82
2533320   0357      392.82
2534786   0357      288.31
2535843   0357      393.51
2536373   0357      393.51
2536795   0357      394.21
2539607   0357      393.51
2539943   0357      392.82
2541142   0357      394.21
2541439   0357      537.62
2541709   0357      394.21
2543654   0357      394.21
2543813   0357      394.21
2543932   0357      392.82
2592064   0357      393.51
2592966   0357      428.19
2593377   0357      394.21
2593686   0357      392.82
2596405   0357      465.79
2597854   0357      394.21
2598033   0357      394.21
2598733   0357      393.51
2598872   0357      392.82
2601437   0357      394.21
2603046   0357      394.21
2605164   0357      394.21
2605823   0357      271.31
2607322   0357      424.55
2608233   0357      414.17
2608304   0357      392.82
2608554   0357      394.21
2684589   0357      394.21
2741170   0357      417.46
2854705   0357      392.82
2870837   0357      392.82
2910376   0357      392.82
2910432   0357      392.82
2911765   0357      392.82
2912407   0357      392.82
2912692   0357      418.39
2913757   0357      392.82
2913809   0357      392.82
2915293   0357      392.82
2915714   0357      394.21
2915780   0357      392.82
2916362   0357      394.21
2916467   0357      392.82
2916786   0357      392.82
2918280   0357      985.51
2992913   0357      392.82
3035349   0357      394.21
3080057   0357      627.58
3080311   0357      394.21
3080984   0357      574.45
3081351   0357      394.21
3082505   0357      472.93
3083006   0357      394.21
3083065   0357      392.82
3083457   0357      392.82
3083843   0357      392.82
3084868   0357      394.21
3084978   0357      392.82
3085009   0357      392.82
3085276   0357      393.61
3090485   0357      419.59
3156003   0357      448.08
3234299   0357      393.61
3245420   0357      394.21
3314884   0357      293.99
3315121   0357      392.82
3315781   0357      392.82
3317339   0357      418.48
3318589   0357      455.13
3318694   0357      474.77
3318719   0357      394.21
3320986   0357      394.21
3322128   0357      417.82
3322284   0357      392.82
3322381   0357      393.51
3324084   0357      547.95
3324110   0357      590.95
3329806   0357      394.21
3353242   0357      448.08
3528540   0357      428.32
3533360   0357      503.23
3535445   0357      392.82
3535838   0357      392.82
3538837   0357      427.66
3539352   0357      394.21
3541739   0357      394.21
3541975   0357      271.34
3542004   0357      329.57
3542015   0357      313.15
3554092   0357      393.51
3593839   0357      392.82
3598528   0357      394.21
3710064   0357      507.80
3759377   0357      392.82
3784066   0357      392.82
3784441   0357      437.66
3785251   0357      394.21
3792247   0357      394.21
3830110   0357      392.82
3855157   0357      271.31
3855577   0357      394.21
3856978   0357      392.82
3857004   0357      392.82
3857220   0357      394.22
3857667   0357      392.82
3857878   0357      393.51
3858323   0357      788.40
3858856   0357      329.57
3859230   0357      619.85
3864991   0357      457.91
3875055   0357      485.13
3877925   0357     1208.39
3878006   0357      492.43
3963688   0357      466.96
3964093   0357      539.96
3964337   0357      392.82
3965704   0357      392.82
3969513   0357      395.64
4001934   0357      517.54
4064149   0357      423.28
4065177   0357      392.82
4065584   0357      308.58
4065648   0357      510.21
4066245   0357      392.82
4067118   0357      458.04
4067735   0357      454.22
4067795   0357      394.21
4068788   0357      392.82
4071074   0357      560.68
4071241   0357      464.12
4107436   0357      287.65
4191539   0357      392.82
4193094   0357      983.79
4194671   0357      424.40
4195654   0357      392.82
4199927   0357      271.34
4200911   0357      392.82
4238916   0357      392.82
430240    0357      392.82
4317775   0357      604.61
4373204   0357      621.88
4373479   0357      392.82
4375498   0357      418.39
4375998   0357      402.55
4376813   0357      431.17
4377201   0357      393.51
4378140   0357      392.82
4378236   0357      392.82
4378283   0357      392.82
4378759   0357      573.28
4379154   0357      392.82
4381341   0357      392.82
4381614   0357      448.38
4382400   0357      591.30
4383023   0357      524.05
4383200   0357      392.82
4385047   0357      394.21
4386936   0357      352.40
4387777   0357     1050.26
4409485   0357      580.52
4409788   0357      392.82
4409789   0357      852.97
4414417   0357      446.18
4414541   0357      417.04
4414909   0357      394.21
4415675   0357      392.82
443869    0357      394.21
4609506   0357      422.62
4610129   0357      392.82
4720170   0357      431.46
4720923   0357      308.58
4721016   0357      287.65
4721639   0357      392.82
4722680   0357      392.82
4722814   0357      316.27
4723168   0357      392.82
4723403   0357      392.82
4724433   0357      394.21
4725919   0357      659.13
4727740   0357      287.65
4728331   0357      392.82
4729448   0357      280.26
4730168   0357      605.00
4730490   0357      392.82
4730823   0357      592.35
4731322   0357      585.31
4731494   0357      427.12
4732090   0357      454.41
4732618   0357      444.42
4734527   0357      287.65
4734940   0357      287.65
4735505   0357      392.82
4738424   0357      394.21
4739546   0357      520.71
4739796   0357      329.57
4754833   0357      530.97
4803744   0357      664.29
4805842   0357      308.58
4827213   0357      443.98
4853128   0357      366.38
4882144   0357      295.19
5017295   0357      287.65
5022967   0357      393.51
5237805   0357      308.58
5238236   0357      392.82
5239261   0357      456.44
5240821   0357      392.82
5242545   0357      442.53
5244302   0357      448.08
5244483   0357      287.65
5244484   0357      427.12
5244765   0357      392.82
5245261   0357      329.57
5248926   0357      451.35
5248954   0357      415.02
5249259   0357      308.58
5249817   0357      329.57
5250965   0357      394.21
5251153   0357      502.39
5251214   0357      452.39
5252606   0357      659.13
5253930   0357      392.82
5254613   0357      510.90
5254952   0357      392.82
5255567   0357      308.58
5255641   0357      329.57
5257069   0357      413.47
5257175   0357      394.21
5257421   0357      352.40
5257727   0357      771.46
5257774   0357      308.58
5259121   0357      392.82
5259785   0357      392.82
5261116   0357      287.65
5261139   0357      490.14
5261250   0357      392.82
5261418   0357      405.13
5261643   0357      490.31
5263470   0357      440.01
5344986   0357      287.65
5435450   0357      441.23
5436619   0357      329.57
5436795   0357      302.77
5438690   0357      431.29
5439480   0357      308.58
5439865   0357      881.00
5458236   0357      287.65
5461455   0357      394.22
5605414   0357     1003.44
5658043   0357      490.75
5688352   0357      308.58
5765952   0357      308.58
5779173   0357      308.58
5915261   0357      394.21
5921128   0357      592.75
5921800   0357      287.65
5923624   0357      329.57
5925143   0357      329.57
5925949   0357      271.34
5929492   0357      308.58
5935536   0357     1546.58
5938630   0357      513.16
5938995   0357      308.58
6044716   0357      462.86
6125595   0357     1038.30
6127630   0357      455.47
6238388   0357      377.17
6394853   0357      350.87
6537141   0357      392.82
6573443   0357      510.33
6573855   0357      352.40
6573893   0357      287.65
6575243   0357      287.65
6575301   0357      308.58
6584406   0357      982.07
6602322   0357      287.65
6634354   0357      308.58
6689708   0357      308.58
6690236   0357      308.58
6701343   0357      308.58
6701344   0357      518.89
6701453   0357      308.58
673822    0357      392.82
6841910   0357      287.65
7211860   0357      329.57
7240399   0357      308.58
7300376   0357      431.29
7301470   0357      392.82
7305494   0357      394.21
7305781   0357      392.82
7308623   0357      461.41
7309317   0357      287.65
7309375   0357      287.65
7310425   0357      352.40
7310959   0357      394.21
7311233   0357      420.76
7311255   0357      509.38
7312149   0357      495.52
7313189   0357      392.82
7314050   0357      464.70
7314987   0357      352.40
7315048   0357      329.57
7315058   0357     1191.60
7315331   0357      308.58
7316059   0357      352.40
7316139   0357      329.57
7316607   0357      537.62
7316959   0357      787.04
7317744   0357      785.66
7318041   0357      429.24
7319649   0357      659.13
7321787   0357      287.65
7322304   0357      287.65
7322780   0357      287.65
7322794   0357      554.47
7324725   0357      393.51
7325664   0357      390.57
7325721   0357      394.21
7325722   0357      572.82
7325778   0357      271.34
7328421   0357      287.65
7330948   0357      308.58
7331943   0357      721.33
7332202   0357      490.28
7332734   0357      591.30
7333145   0357      611.96
7333526   0357      980.56
7335642   0357      308.58
7337422   0357      385.87
7337778   0357      287.65
7338055   0357      352.40
7340200   0357      392.82
7340742   0357      417.82
7340989   0357      461.45
7342107   0357      287.65
7342680   0357      394.21
7343605   0357      287.65
7344290   0357      287.65
7344465   0357      575.30
7347856   0357      394.21
7348137   0357      287.65
7348986   0357      500.48
7349428   0357      942.92
7349843   0357      287.65
7350162   0357      403.55
7350273   0357      287.65
7351297   0357      339.61
7352317   0357      287.65
7353377   0357      308.58
7354064   0357      287.65
7354848   0357      271.34
7355928   0357      392.82
7359478   0357      329.57
7360346   0357      287.65
7360517   0357      308.58
7363171   0357      376.08
7363652   0357      308.58
7365166   0357      493.49
7365545   0357      287.65
7367276   0357      287.65
7368710   0357      575.30
7369018   0357      308.58
7371154   0357      308.58
7372156   0357      287.65
7372973   0357      438.40
7373089   0357      287.65
7373215   0357      352.40
7374243   0357      439.28
7374616   0357      394.21
7377030   0357      287.65
7377579   0357      308.58
7379256   0357      575.30
7380616   0357      287.65
7381553   0357      308.58
7382148   0357      434.70
7382532   0357      287.65
7384964   0357      308.58
7387544   0357      617.17
7388038   0357      287.65
7388080   0357      308.58
7388125   0357      329.57
7388199   0357      658.91
7389581   0357      308.58
7391472   0357      287.65
7392153   0357      823.92
7393061   0357      287.65
7393144   0357      575.30
7395742   0357      271.31
7396051   0357      462.86
7398038   0357      349.65
7400031   0357      308.58
7401094   0357      308.58
7401380   0357      468.07
7401853   0357      287.65
7403123   0357      287.65
7403188   0357      287.65
7403563   0357      287.65
7406353   0357      308.58
7408531   0357      308.58
7409730   0357      287.65
7410177   0357      377.17
7412535   0357      329.57
7412738   0357      287.65
7415285   0357      377.17
7415448   0357      308.58
7416870   0357      287.65
7417289   0357      575.30
7417791   0357      617.17
7418898   0357      287.65
7418939   0357      308.58
7419340   0357      287.65
7419740   0357      483.51
7419800   0357      308.58
7419866   0357      719.11
7420316   0357      308.58
7420429   0357      329.57
7423108   0357      329.57
7423415   0357      308.58
7423444   0357      548.91
7425063   0357      287.65
7425430   0357      308.58
7425900   0357      287.65
7426046   0357      308.58
7427359   0357      287.65
7427520   0357      308.58
7429274   0357      308.58
7432253   0357      329.57
7434591   0357      771.46
7435158   0357     1101.10
7436077   0357      575.30
7436996   0357      308.58
7437806   0357      287.65
7437808   0357      287.65
7438450   0357      308.58
7439597   0357      704.80
7439617   0357      308.58
7439629   0357      308.58
7440809   0357      295.17
7442445   0357      308.58
7444497   0357      431.46
7444651   0357      329.57
7444842   0357      308.58
7444889   0357      704.80
7445661   0357      287.65
7446382   0357      329.57
7446644   0357      308.58
7447067   0357      771.46
7447334   0357      352.40
7447992   0357      287.65
7449457   0357      287.65
7455429   0357      517.82
7455588   0357      468.07
7461704   0357      308.58
7465820   0357      771.46
7465910   0357      308.58
7466779   0357      584.83
7466870   0357      551.61
7502836   0357      452.40
7548386   0357      371.15
7548420   0357      469.18
770342    0357      394.21
7917981   0357      308.58
7981510   0357      586.54
7982728   0357      287.65
7982865   0357      329.57
7983170   0357      287.65
7984159   0357      308.58
7985605   0357      312.25
7988969   0357      616.60
8054279   0357      426.51
8064487   0357      737.16
8069571   0357      462.97
8140450   0357      298.44
8594315   0357      308.58
8718789   0357      617.17
8734286   0357      329.57
9066082   0357      392.82
9100619   0357      616.60
9211039   0357      287.65
9261804   0357      329.57
9317884   0357      659.13
9433060   0357      308.58
9540404   0357      329.57
9540845   0357      528.60
9542018   0357      823.92
9542237   0357      287.65
9543174   0357      493.49
9543530   0357      500.32
9544179   0357      308.58
9544345   0357      287.65
9544429   0357      535.73
9544827   0357      329.57
9545198   0357      392.82
9545952   0357      501.18
9546474   0357      308.58
9547148   0357      534.57
9551389   0357      308.58
9552709   0357      426.96
9553039   0357      768.30
9553047   0357      287.65
9553149   0357      287.65
9555077   0357      427.79
9555609   0357      287.65
9555641   0357      308.58
9557148   0357      704.80
9557803   0357      287.65
9557875   0357      287.65
9557894   0357      496.26
9558628   0357      287.65
9560453   0357      287.65
9570736   0357      518.42
9572755   0357      308.58
9577605   0357      551.15
9601343   0357      771.46
9603154   0357      515.51
9603683   0357      308.58
9603870   0357      271.34
9604166   0357      287.65
9604592   0357      565.75
9607091   0357      392.82
9608547   0357      308.58
9609337   0357      287.65
9609338   0357      617.17
9612117   0357      617.33
9612530   0357     1446.36
9612692   0357      308.58
9614364   0357      575.30
9615563   0357      308.58
9615964   0357      308.58
9617493   0357      575.30
9620242   0357      659.13
9620248   0357      704.80
9620376   0357      308.58
9620599   0357      329.57
9620701   0357      287.65
9620720   0357      287.65
9621777   0357      308.58
9622347   0357      308.58
9624370   0357      377.17
9624596   0357      287.65
9625361   0357      308.58
9625933   0357      617.17
9626082   0357      308.58
9626215   0357      287.65
9627150   0357      823.92
9627523   0357      617.17
9627724   0357      287.65
9629963   0357      329.57
9631462   0357      329.57
9634554   0357      563.83
9634674   0357      308.58
9636806   0357      287.65
9638320   0357      308.58
9639201   0357      287.65
9845319   0357      287.65
9846320   0357      329.57
9847068   0357      287.65
9847350   0357      597.29
9848693   0357      469.76
9850403   0357      308.58
9851111   0357      308.58
9851993   0357      554.41
10107724  3357      377.17
10120357  3357      308.58
10121866  3357      329.57
10125466  3357      287.65
10126656  3357      308.58
10141786  3357      329.57
10312414  3357      287.65
10373550  3357      308.58
10639752  3357      287.65
10726693  3357      308.58
10760806  3357      287.65
10764554  3357      329.57
10770124  3357      308.58
10772668  3357      287.65
10774121  3357      329.57
10775520  3357      287.65
10776516  3357      377.17
10776915  3357      287.65
10777645  3357      308.58
10778464  3357      287.65
10779723  3357      524.49
10784623  3357      308.58
10820078  3357      329.57
10840266  3357      308.58
10841061  3357      287.65
10841823  3357      377.17
10842205  3357      308.58
10843324  3357      308.58
10844575  3357      377.17
10844947  3357      308.58
10845717  3357      287.65
10845943  3357      377.17
10846474  3357      308.58
10846532  3357      329.57
10846629  3357      308.58
10846940  3357      308.58
10846985  3357      308.58
10847648  3357      287.65
10848158  3357      606.27
10849906  3357      308.58
10849907  3357      329.57
10860593  3357      308.58
10903693  3357      287.65
10959957  3357      308.58
10960021  3357      308.58
10963442  3357      329.57
10963957  3357      329.57
10964062  3357      308.58
1108218   3357      392.82
1112379   3357      394.21
1115136   3357      517.94
11163187  3357      287.65
11177533  3357      287.65
11260715  3357      308.58
11261772  3357      377.17
11262378  3357      308.58
11263756  3357      287.65
11264465  3357      308.58
11264550  3357      287.65
11265496  3357      308.58
11265527  3357      329.57
11266390  3357      308.58
11267811  3357      287.65
11267932  3357      287.65
11268437  3357      377.17
11269196  3357      352.40
1129535   3357      393.51
11414487  3357      329.57
11425214  3357      308.58
11425449  3357      308.58
11426462  3357      287.65
11428034  3357      287.65
11428889  3357      308.58
11429539  3357      308.58
11429792  3357      287.65
11429991  3357      308.58
11430700  3357      308.58
11433167  3357      308.58
11433865  3357      308.58
11433968  3357      308.58
11434350  3357      308.58
11546168  3357      287.65
11580362  3357      329.57
11584952  3357      308.58
11586448  3357      329.57
11589730  3357      308.58
11594236  3357      377.17
11594524  3357      287.65
11596252  3357      308.58
11597667  3357      308.58
11598121  3357      287.65
11598207  3357      287.65
11598956  3357      287.65
11633896  3357      287.65
11645810  3357      308.58
11651035  3357      308.58
11651090  3357      308.58
11652405  3357      308.58
11653864  3357      308.58
11694358  3357      287.65
11694758  3357      308.58
11695394  3357      287.65
11749469  3357      308.58
11783201  3357      329.57
11783366  3357      377.17
11784637  3357      287.65
11786325  3357      377.17
11786432  3357      287.65
11787653  3357      308.58
11787807  3357      308.58
11788587  3357      329.57
11788630  3357      329.57
11790273  3357      308.58
11790818  3357      308.58
11791177  3357      308.58
11792127  3357      308.58
11792506  3357      287.65
11792846  3357      308.58
11878930  3357      308.58
11879419  3357      329.57
11879750  3357      377.17
11881224  3357      377.17
11881668  3357      287.65
11881669  3357      515.51
11882080  3357      287.65
11882720  3357      377.17
11883300  3357      308.58
11949766  3357      377.17
12011761  3357      377.17
12018571  3357      287.65
12018729  3357      287.65
12018852  3357      308.58
12019816  3357      287.65
12020535  3357      352.40
12021559  3357      329.57
12021966  3357      308.58
12022428  3357      329.57
12023306  3357      352.40
12023981  3357      308.58
12024178  3357      308.58
12024179  3357      308.58
12025294  3357      308.58
12025488  3357      287.65
12025491  3357      287.65
12026565  3357      308.58
12027093  3357      308.58
12027260  3357      545.18
12027527  3357      287.65
12027928  3357      287.65
12027973  3357      329.57
12080554  3357      308.58
12241212  3357      287.65
12242270  3357      308.58
12243077  3357      287.65
12244707  3357      287.65
12247738  3357      308.58
12248400  3357      287.65
12248745  3357      308.58
12248755  3357      329.57
12248784  3357      287.65
12248960  3357      308.58
12249178  3357      377.17
12279667  3357      308.58
12314254  3357      352.40
1232375   3357      393.51
12369466  3357      308.58
12370670  3357      352.40
1239070   3357      392.82
12434895  3357      287.65
12435304  3357      308.58
12435757  3357      287.65
12435759  3357      308.58
12527456  3357      287.65
12534356  3357      308.58
12536172  3357      308.58
12536549  3357      352.40
1257983   3357      393.51
1258658   3357      394.21
1261562   3357      392.82
1262953   3357      469.98
1263302   3357      392.82
1263303   3357      394.21
12638103  3357      287.65
1265436   3357      394.21
1266723   3357      271.34
12691465  3357      308.58
1269356   3357      393.51
12698409  3357      287.65
12698965  3357      287.65
12700553  3357      287.65
12701276  3357      308.58
12701301  3357      287.65
12702273  3357      287.65
12704473  3357      287.65
12704482  3357      329.57
12704649  3357      308.58
12704927  3357      308.58
12705860  3357      308.58
12706171  3357      308.58
12706774  3357      329.57
12707136  3357      308.58
1272390   3357      392.82
1273369   3357      394.21
1277938   3357      392.82
1278407   3357      394.21
12848719  3357      308.58
12849330  3357      352.40
12851330  3357      308.58
12852888  3357      308.58
12858616  3357      308.58
12878256  3357      308.58
12884972  3357      308.58
12934142  3357      287.65
12934525  3357      287.65
12935305  3357      308.58
12935606  3357      308.58
13032012  3357      287.65
13032033  3357      308.58
13034237  3357      308.58
13035222  3357      377.17
13084488  3357      287.65
13084886  3357      287.65
13179920  3357      287.65
13180551  3357      308.58
1318484   3357      392.82
13187744  3357      308.58
13187816  3357      308.58
13188137  3357      287.65
13188604  3357      287.65
13264411  3357      308.58
13265462  3357      287.65
13265946  3357      308.58
13266369  3357      308.58
13268000  3357      287.65
13268185  3357      287.65
13268457  3357      287.65
13268537  3357      308.58
13343258  3357      287.65
13408041  3357      287.65
13510172  3357      287.65
13510180  3357      287.65
13519440  3357      287.65
13527636  3357      329.57
13566631  3357      377.17
13643981  3357      287.65
13643982  3357      287.65
13644051  3357      308.58
13644555  3357      287.65
13644665  3357      308.58
13644680  3357      329.57
13652653  3357      287.65
13674854  3357      329.57
13678214  3357      308.58
13678857  3357      287.65
13679940  3357      308.58
13724134  3357      308.58
13774187  3357      287.65
13774684  3357      308.58
13775452  3357      287.65
13775808  3357      287.65
13777181  3357      287.65
13785046  3357      287.65
13785661  3357      308.58
13785997  3357      287.65
13786181  3357      329.57
13787208  3357      308.58
13787741  3357      287.65
13842354  3357      308.58
13843775  3357      308.58
13856268  3357      308.58
13867427  3357      308.58
13868652  3357      308.58
13880177  3357      308.58
13880981  3357      308.58
13905892  3357      287.65
13986119  3357      308.58
13990906  3357      329.57
14003086  3357      287.65
14030527  3357      287.65
14031045  3357      308.58
14031497  3357      308.58
14093727  3357      308.58
14094806  3357      329.57
14143188  3357      287.65
14159223  3357      287.65
14176671  3357      308.58
14228153  3357      308.58
14270811  3357      287.65
14293118  3357      308.58
1431183   3357      394.21
14335445  3357      287.65
14335539  3357      308.58
14372299  3357      329.57
14372545  3357      287.65
14372818  3357      406.79
14376347  3357      308.58
14398946  3357      308.58
14399267  3357      287.65
14405196  3357      308.58
14405401  3357      308.58
14513487  3357      287.65
14590375  3357      287.65
14607589  3357      287.65
14648947  3357      308.58
14649126  3357      287.65
14825867  3357      308.58
14877620  3357      308.58
14877805  3357      329.57
14877859  3357      352.40
14879597  3357      308.58
14879704  3357      287.65
14880827  3357      329.57
14880972  3357      308.58
15170350  3357      287.65
15177340  3357      329.57
15177867  3357      287.65
15229138  3357      308.58
15272372  3357      287.65
15306151  3357      287.65
15306996  3357      287.65
15351139  3357      308.58
15352095  3357      308.58
15444190  3357      308.58
15444811  3357      329.57
15448608  3357      308.58
15597541  3357      287.65
15598043  3357      287.65
15598319  3357      308.58
15598510  3357      308.58
15598933  3357      287.65
15599928  3357      287.65
15599929  3357      308.58
15668151  3357      308.58
15668851  3357      287.65
15690244  3357      287.65
15729233  3357      308.58
15729536  3357      287.65
15778630  3357      308.58
15885754  3357      287.65
15959808  3357      287.65
15961650  3357      287.65
16001576  3357      287.65
16137706  3357      287.65
16138119  3357      308.58
1631390   3357      462.12
16324090  3357      308.58
16385667  3357      287.65
16387437  3357      308.58
16594051  3357      287.65
16641426  3357      287.65
16736267  3357      308.58
16770549  3357      308.58
16788972  3357      308.58
16796439  3357      287.65
16796669  3357      287.65
17011869  3357      308.58
17012587  3357      308.58
17019549  3357      308.58
17033230  3357      287.65
17033256  3357      287.65
17104175  3357      308.58
17104709  3357      308.58
17306742  3357      287.65
1737075   3357      392.82
17379215  3357      287.65
17380736  3357      287.65
17572385  3357      308.58
17574055  3357      287.65
17626132  3357      287.65
1763812   3357      469.98
1764349   3357      392.82
1765295   3357      392.82
1769938   3357      392.82
17727473  3357      287.65
17859806  3357      287.65
17859921  3357      287.65
17872590  3357      308.58
17942640  3357      308.58
17965237  3357      308.58
18054647  3357      308.58
18058393  3357      287.65
18059918  3357      308.58
18263579  3357      308.58
18263756  3357      308.58
18421508  3357      287.65
18422439  3357      308.58
18618969  3357      287.65
18655916  3357      308.58
18656459  3357      308.58
18785684  3357      287.65
18923581  3357      287.65
18928116  3357      287.65
18950730  3357      287.65
1906129   3357      394.21
19166206  3357      287.65
19262723  3357      308.58
1926999   3357      393.51
19324610  3357      308.58
19348247  3357      308.58
19424156  3357      308.58
19431369  3357      308.58
19436769  3357      308.58
19827450  3357      308.58
19850185  3357      287.65
19886649  3357      308.58
19973112  3357      308.58
20046577  3357      287.65
20046584  3357      287.65
20187870  3357      287.65
20189202  3357      352.40
20235584  3357      287.65
2030572   3357      392.82
2033664   3357      418.39
20348834  3357      287.65
20351464  3357      308.58
2101693   3357      462.45
21140944  3357      287.65
2130876   3357      392.82
21505687  3357      287.65
2157417   3357      418.39
2186056   3357      392.82
2189077   3357      392.82
2196831   3357      392.82
2198274   3357      395.02
2198799   3357      392.82
22326349  3357      287.65
2272067   3357      392.82
23156662  3357      394.21
2376223   3357      426.34
2380275   3357      393.51
2384661   3357      394.21
2529886   3357      394.21
2532585   3357      392.82
2533320   3357      392.82
2534786   3357      288.31
2535843   3357      393.51
2536373   3357      393.51
2536795   3357      394.21
2539607   3357      393.51
2539943   3357      392.82
2541142   3357      394.21
2541439   3357      537.62
2541709   3357      394.21
2543654   3357      394.21
2543813   3357      394.21
2543932   3357      392.82
2592064   3357      393.51
2592966   3357      428.19
2593377   3357      394.21
2593686   3357      392.82
2596405   3357      465.79
2597854   3357      394.21
2598033   3357      394.21
2598733   3357      393.51
2598872   3357      392.82
2601437   3357      394.21
2603046   3357      394.21
2605164   3357      394.21
2605823   3357      271.31
2607322   3357      424.55
2608233   3357      414.17
2608304   3357      392.82
2608554   3357      394.21
2684589   3357      394.21
2741170   3357      417.46
2854705   3357      392.82
2870837   3357      392.82
2910376   3357      392.82
2910432   3357      392.82
2911765   3357      392.82
2912407   3357      392.82
2912692   3357      418.39
2913757   3357      392.82
2913809   3357      392.82
2915293   3357      392.82
2915714   3357      394.21
2915780   3357      392.82
2916362   3357      394.21
2916467   3357      392.82
2916786   3357      392.82
2918280   3357      394.21
2992913   3357      392.82
3035349   3357      394.21
3080057   3357      418.39
3080311   3357      394.21
3080984   3357      574.45
3081351   3357      394.21
3082505   3357      472.93
3083006   3357      394.21
3083065   3357      392.82
3083457   3357      392.82
3083843   3357      392.82
3084868   3357      394.21
3084978   3357      392.82
3085009   3357      392.82
3085276   3357      393.61
3090485   3357      419.59
3156003   3357      448.08
3234299   3357      393.61
3245420   3357      394.21
3314884   3357      293.99
3315121   3357      392.82
3315781   3357      392.82
3317339   3357      418.48
3318589   3357      455.13
3318694   3357      474.77
3318719   3357      394.21
3320986   3357      394.21
3322128   3357      417.82
3322284   3357      392.82
3322381   3357      393.51
3324084   3357      547.95
3324110   3357      590.95
3329806   3357      394.21
3353242   3357      448.08
3528540   3357      428.32
3533360   3357      503.23
3535445   3357      392.82
3535838   3357      392.82
3538837   3357      427.66
3539352   3357      394.21
3541739   3357      394.21
3541975   3357      271.34
3542004   3357      329.57
3542015   3357      313.15
3554092   3357      393.51
3593839   3357      392.82
3598528   3357      394.21
3710064   3357      507.80
3759377   3357      392.82
3784066   3357      392.82
3784441   3357      437.66
3785251   3357      394.21
3792247   3357      394.21
3830110   3357      392.82
3855157   3357      271.31
3855577   3357      394.21
3856978   3357      392.82
3857004   3357      392.82
3857220   3357      394.22
3857667   3357      392.82
3857878   3357      393.51
3858323   3357      394.21
3858856   3357      329.57
3859230   3357      413.21
3864991   3357      457.91
3875055   3357      485.13
3877925   3357      604.20
3878006   3357      492.43
3963688   3357      466.96
3964093   3357      539.96
3964337   3357      392.82
3965704   3357      392.82
3969513   3357      395.64
4001934   3357      517.54
4064149   3357      423.28
4065177   3357      392.82
4065584   3357      308.58
4065648   3357      510.21
4066245   3357      392.82
4067118   3357      458.04
4067735   3357      454.22
4067795   3357      394.21
4068788   3357      392.82
4071074   3357      560.68
4071241   3357      464.12
4107436   3357      287.65
4191539   3357      392.82
4193094   3357      393.51
4194671   3357      424.40
4195654   3357      392.82
4199927   3357      271.34
4200911   3357      392.82
4238916   3357      392.82
430240    3357      392.82
4317775   3357      604.61
4373204   3357      621.88
4373479   3357      392.82
4375498   3357      418.39
4375998   3357      402.55
4376813   3357      431.17
4377201   3357      393.51
4378140   3357      392.82
4378236   3357      392.82
4378283   3357      392.82
4378759   3357      573.28
4379154   3357      392.82
4381341   3357      392.82
4381614   3357      448.38
4382400   3357      394.21
4383023   3357      524.05
4383200   3357      392.82
4385047   3357      394.21
4386936   3357      352.40
4387777   3357      420.12
4409485   3357      580.52
4409788   3357      392.82
4409789   3357      426.48
4414417   3357      446.18
4414541   3357      417.04
4414909   3357      394.21
4415675   3357      392.82
443869    3357      394.21
4609506   3357      422.62
4610129   3357      392.82
4720170   3357      287.65
4720923   3357      308.58
4721016   3357      287.65
4721639   3357      392.82
4722680   3357      392.82
4722814   3357      316.27
4723168   3357      392.82
4723403   3357      392.82
4724433   3357      394.21
4725919   3357      329.57
4727740   3357      287.65
4728331   3357      392.82
4729448   3357      280.26
4730168   3357      605.00
4730490   3357      392.82
4730823   3357      592.35
4731322   3357      585.31
4731494   3357      427.12
4732090   3357      454.41
4732618   3357      444.42
4734527   3357      287.65
4734940   3357      287.65
4735505   3357      392.82
4738424   3357      394.21
4739546   3357      520.71
4739796   3357      329.57
4754833   3357      530.97
4803744   3357      664.29
4805842   3357      308.58
4827213   3357      443.98
4853128   3357      366.38
4882144   3357      295.19
5017295   3357      287.65
5022967   3357      393.51
5237805   3357      308.58
5238236   3357      392.82
5239261   3357      456.44
5240821   3357      392.82
5242545   3357      442.53
5244302   3357      448.08
5244483   3357      287.65
5244484   3357      427.12
5244765   3357      392.82
5245261   3357      329.57
5248926   3357      451.35
5248954   3357      415.02
5249259   3357      308.58
5249817   3357      329.57
5250965   3357      394.21
5251153   3357      502.39
5251214   3357      452.39
5252606   3357      329.57
5253930   3357      392.82
5254613   3357      510.90
5254952   3357      392.82
5255567   3357      308.58
5255641   3357      329.57
5257069   3357      413.47
5257175   3357      394.21
5257421   3357      352.40
5257727   3357      308.58
5257774   3357      308.58
5259121   3357      392.82
5259785   3357      392.82
5261116   3357      287.65
5261139   3357      490.14
5261250   3357      392.82
5261418   3357      405.13
5261643   3357      490.31
5263470   3357      440.01
5344986   3357      287.65
5435450   3357      441.23
5436619   3357      329.57
5436795   3357      302.77
5438690   3357      431.29
5439480   3357      308.58
5439865   3357      352.40
5458236   3357      287.65
5461455   3357      394.22
5605414   3357      501.73
5658043   3357      490.75
5688352   3357      308.58
5765952   3357      308.58
5779173   3357      308.58
5915261   3357      394.21
5921128   3357      592.75
5921800   3357      287.65
5923624   3357      329.57
5925143   3357      329.57
5925949   3357      271.34
5929492   3357      308.58
5935536   3357      618.63
5938630   3357      513.16
5938995   3357      308.58
6044716   3357      308.58
6125595   3357      415.31
6127630   3357      455.47
6238388   3357      377.17
6394853   3357      350.87
6537141   3357      392.82
6573443   3357      510.33
6573855   3357      352.40
6573893   3357      287.65
6575243   3357      287.65
6575301   3357      308.58
6584406   3357      392.82
6602322   3357      287.65
6634354   3357      308.58
6689708   3357      308.58
6690236   3357      308.58
6701343   3357      308.58
6701344   3357      518.89
6701453   3357      308.58
673822    3357      392.82
6841910   3357      287.65
7211860   3357      329.57
7240399   3357      308.58
7300376   3357      431.29
7301470   3357      392.82
7305494   3357      394.21
7305781   3357      392.82
7308623   3357      461.41
7309317   3357      287.65
7309375   3357      287.65
7310425   3357      352.40
7310959   3357      394.21
7311233   3357      420.76
7311255   3357      509.38
7312149   3357      495.52
7313189   3357      392.82
7314050   3357      464.70
7314987   3357      352.40
7315048   3357      329.57
7315058   3357      476.63
7315331   3357      308.58
7316059   3357      352.40
7316139   3357      329.57
7316607   3357      537.62
7316959   3357      393.51
7317744   3357      392.82
7318041   3357      429.24
7319649   3357      329.57
7321787   3357      287.65
7322304   3357      287.65
7322780   3357      287.65
7322794   3357      554.47
7324725   3357      393.51
7325664   3357      390.57
7325721   3357      394.21
7325722   3357      572.82
7325778   3357      271.34
7328421   3357      287.65
7330948   3357      308.58
7331943   3357      721.33
7332202   3357      490.28
7332734   3357      394.21
7333145   3357      611.96
7333526   3357      490.28
7335642   3357      308.58
7337422   3357      385.87
7337778   3357      287.65
7338055   3357      352.40
7340200   3357      392.82
7340742   3357      417.82
7340989   3357      461.45
7342107   3357      287.65
7342680   3357      394.21
7343605   3357      287.65
7344290   3357      287.65
7344465   3357      287.65
7347856   3357      394.21
7348137   3357      287.65
7348986   3357      500.48
7349428   3357      377.17
7349843   3357      287.65
7350162   3357      403.55
7350273   3357      287.65
7351297   3357      339.61
7352317   3357      287.65
7353377   3357      308.58
7354064   3357      287.65
7354848   3357      271.34
7355928   3357      392.82
7359478   3357      329.57
7360346   3357      287.65
7360517   3357      308.58
7363171   3357      376.08
7363652   3357      308.58
7365166   3357      493.49
7365545   3357      287.65
7367276   3357      287.65
7368710   3357      287.65
7369018   3357      308.58
7371154   3357      308.58
7372156   3357      287.65
7372973   3357      438.40
7373089   3357      287.65
7373215   3357      352.40
7374243   3357      439.28
7374616   3357      394.21
7377030   3357      287.65
7377579   3357      308.58
7379256   3357      287.65
7380616   3357      287.65
7381553   3357      308.58
7382148   3357      434.70
7382532   3357      287.65
7384964   3357      308.58
7387544   3357      308.58
7388038   3357      287.65
7388080   3357      308.58
7388125   3357      329.57
7388199   3357      439.28
7389581   3357      308.58
7391472   3357      287.65
7392153   3357      329.57
7393061   3357      287.65
7393144   3357      287.65
7395742   3357      271.31
7396051   3357      308.58
7398038   3357      349.65
7400031   3357      308.58
7401094   3357      308.58
7401380   3357      468.07
7401853   3357      287.65
7403123   3357      287.65
7403188   3357      287.65
7403563   3357      287.65
7406353   3357      308.58
7408531   3357      308.58
7409730   3357      287.65
7410177   3357      377.17
7412535   3357      329.57
7412738   3357      287.65
7415285   3357      377.17
7415448   3357      308.58
7416870   3357      287.65
7417289   3357      287.65
7417791   3357      308.58
7418898   3357      287.65
7418939   3357      308.58
7419340   3357      287.65
7419740   3357      483.51
7419800   3357      308.58
7419866   3357      287.65
7420316   3357      308.58
7420429   3357      329.57
7423108   3357      329.57
7423415   3357      308.58
7423444   3357      548.91
7425063   3357      287.65
7425430   3357      308.58
7425900   3357      287.65
7426046   3357      308.58
7427359   3357      287.65
7427520   3357      308.58
7429274   3357      308.58
7432253   3357      329.57
7434591   3357      308.58
7435158   3357      440.43
7436077   3357      287.65
7436996   3357      308.58
7437806   3357      287.65
7437808   3357      287.65
7438450   3357      308.58
7439597   3357      352.40
7439617   3357      308.58
7439629   3357      308.58
7440809   3357      295.17
7442445   3357      308.58
7444497   3357      287.65
7444651   3357      329.57
7444842   3357      308.58
7444889   3357      352.40
7445661   3357      287.65
7446382   3357      329.57
7446644   3357      308.58
7447067   3357      308.58
7447334   3357      352.40
7447992   3357      287.65
7449457   3357      287.65
7455429   3357      517.82
7455588   3357      468.07
7461704   3357      308.58
7465820   3357      308.58
7465910   3357      308.58
7466779   3357      584.83
7466870   3357      551.61
7502836   3357      452.40
7548386   3357      371.15
7548420   3357      469.18
770342    3357      394.21
7917981   3357      308.58
7981510   3357      586.54
7982728   3357      287.65
7982865   3357      329.57
7983170   3357      287.65
7984159   3357      308.58
7985605   3357      312.25
7988969   3357      616.60
8054279   3357      426.51
8064487   3357      368.56
8069571   3357      462.97
8140450   3357      298.44
8594315   3357      308.58
8718789   3357      308.58
8734286   3357      329.57
9066082   3357      392.82
9100619   3357      616.60
9211039   3357      287.65
9261804   3357      329.57
9317884   3357      329.57
9433060   3357      308.58
9540404   3357      329.57
9540845   3357      352.40
9542018   3357      329.57
9542237   3357      287.65
9543174   3357      493.49
9543530   3357      500.32
9544179   3357      308.58
9544345   3357      287.65
9544429   3357      535.73
9544827   3357      329.57
9545198   3357      392.82
9545952   3357      501.18
9546474   3357      308.58
9547148   3357      534.57
9551389   3357      308.58
9552709   3357      426.96
9553039   3357      768.30
9553047   3357      287.65
9553149   3357      287.65
9555077   3357      427.79
9555609   3357      287.65
9555641   3357      308.58
9557148   3357      352.40
9557803   3357      287.65
9557875   3357      287.65
9557894   3357      496.26
9558628   3357      287.65
9560453   3357      287.65
9570736   3357      518.42
9572755   3357      308.58
9577605   3357      551.15
9601343   3357      308.58
9603154   3357      515.51
9603683   3357      308.58
9603870   3357      271.34
9604166   3357      287.65
9604592   3357      377.17
9607091   3357      392.82
9608547   3357      308.58
9609337   3357      287.65
9609338   3357      308.58
9612117   3357      617.33
9612530   3357      578.55
9612692   3357      308.58
9614364   3357      287.65
9615563   3357      308.58
9615964   3357      308.58
9617493   3357      287.65
9620242   3357      329.57
9620248   3357      352.40
9620376   3357      308.58
9620599   3357      329.57
9620701   3357      287.65
9620720   3357      287.65
9621777   3357      308.58
9622347   3357      308.58
9624370   3357      377.17
9624596   3357      287.65
9625361   3357      308.58
9625933   3357      308.58
9626082   3357      308.58
9626215   3357      287.65
9627150   3357      329.57
9627523   3357      308.58
9627724   3357      287.65
9629963   3357      329.57
9631462   3357      329.57
9634554   3357      563.83
9634674   3357      308.58
9636806   3357      287.65
9638320   3357      308.58
9639201   3357      287.65
9845319   3357      287.65
9846320   3357      329.57
9847068   3357      287.65
9847350   3357      597.29
9848693   3357      469.76
9850403   3357      308.58
9851111   3357      308.58
9851993   3357      554.41
