10107724  0357      792.05
10120357  0357      972.06
10121866  0357     1730.23
10125466  0357      604.08
10126656  0357      648.04
10141786  0357      692.09
10312414  0357      604.08
10373550  0357     1296.07
10639752  0357      893.50
10726693  0357      648.04
10760806  0357      604.08
10764554  0357      692.09
10770124  0357      648.04
10772668  0357      604.08
10774121  0357      692.09
10775520  0357     1208.15
10776516  0357      792.05
10776915  0357      604.08
10777645  0357      972.06
10778464  0357      604.08
10779723  0357     1101.41
10784623  0357      648.04
10820078  0357      692.09
10840266  0357      648.04
10841061  0357      604.08
10841823  0357      792.05
10842205  0357      648.04
10843324  0357     1620.09
10844947  0357     1620.09
10845717  0357      604.08
10845943  0357      792.05
10846474  0357      648.04
10846532  0357      692.09
10846629  0357      648.04
10846940  0357     1296.07
10846985  0357      648.04
10847648  0357      604.08
10848158  0357     1273.16
10849906  0357      648.04
10849907  0357      692.09
10860593  0357      648.04
10903693  0357      870.40
10959957  0357      648.04
10960021  0357      648.04
10963442  0357      692.09
10963957  0357      692.09
10964062  0357     1296.07
1108218   0357      824.94
1112379   0357      827.83
1115136   0357     1087.69
11163187  0357      604.08
11177533  0357      604.08
11260715  0357      648.04
11261772  0357      792.05
11262378  0357      648.04
11263756  0357      604.08
11264465  0357      648.04
11264550  0357      604.08
11265496  0357      648.04
11265527  0357      692.09
11266390  0357     1296.07
11267811  0357     1208.15
11267932  0357     1208.15
11268437  0357      792.05
11269196  0357      740.04
1129535   0357      826.39
11414487  0357      692.09
11425214  0357      648.04
11425449  0357      648.04
11426462  0357      604.08
11428034  0357      604.08
11428889  0357     1620.09
11429539  0357     1296.07
11429792  0357      604.08
11429991  0357      972.06
11430700  0357      648.04
11433167  0357      648.04
11433865  0357     1296.07
11433968  0357     1296.07
11434350  0357      648.04
11546168  0357      604.08
11584952  0357      648.04
11586448  0357      692.09
11589730  0357     1296.07
11594236  0357      792.05
11594524  0357      604.08
11596252  0357      648.04
11597667  0357      648.04
11598121  0357      604.08
11598207  0357      604.08
11598956  0357      604.08
11633896  0357      604.08
11645810  0357      648.04
11651035  0357      648.04
11651090  0357      648.04
11652405  0357      648.04
11653864  0357      648.04
11694358  0357      604.08
11694758  0357      648.04
11695394  0357     1208.15
11749469  0357      648.04
11783201  0357      692.09
11783366  0357      792.05
11784637  0357      604.08
11786325  0357      792.05
11786432  0357      604.08
11787653  0357     1296.07
11787807  0357      648.04
11788587  0357     1384.18
11788630  0357      692.09
11790273  0357      648.04
11790818  0357      972.06
11791177  0357      648.04
11792127  0357      648.04
11792506  0357      604.08
11792846  0357      648.04
11878930  0357      648.04
11879419  0357      692.09
11879750  0357      792.05
11881224  0357      792.05
11881668  0357     1510.19
11881669  0357     1082.57
11882080  0357      933.91
11883300  0357     1296.07
12011761  0357     1584.10
12018571  0357      906.12
12018729  0357      604.08
12018852  0357      648.04
12019816  0357      604.08
12020535  0357      740.04
12021559  0357      692.09
12021966  0357      648.04
12022428  0357      692.09
12023306  0357      740.04
12023981  0357      972.06
12024178  0357      648.04
12024179  0357      648.04
12025294  0357      972.06
12025488  0357      604.08
12025491  0357      604.08
12026565  0357      648.04
12027093  0357      648.04
12027260  0357     1144.88
12027527  0357      604.08
12027928  0357      604.08
12027973  0357     1384.18
12080554  0357      648.04
12241212  0357      906.12
12242270  0357      648.04
12243077  0357      604.08
12244707  0357      604.08
12247738  0357      972.06
12248400  0357     1510.19
12248745  0357      648.04
12248755  0357      692.09
12248784  0357     1208.15
12248960  0357      648.04
12249178  0357      792.05
12314254  0357     1850.10
12369466  0357      648.04
12370670  0357     1126.64
1239070   0357      824.94
12434895  0357      604.08
12435304  0357      648.04
12435757  0357      906.12
12435759  0357     1620.09
12527456  0357      604.08
12534356  0357      648.04
12536172  0357      648.04
12536549  0357      740.04
1257983   0357      826.39
1258658   0357      827.83
1261562   0357      824.94
1262953   0357      986.95
1263302   0357      824.94
1263303   0357      827.83
12638103  0357      604.08
1265436   0357      827.83
1266723   0357      569.83
12691465  0357      648.04
1269356   0357     1652.78
12698409  0357      604.08
12698965  0357      604.08
12701276  0357      648.04
12701301  0357     1510.19
12702273  0357      604.08
12704473  0357      604.08
12704482  0357     1384.18
12704649  0357      648.04
12704927  0357      648.04
12705860  0357      648.04
12706171  0357      648.04
12706774  0357     1384.18
12707136  0357      648.04
1272390   0357      824.94
1273369   0357      827.83
1277938   0357      824.94
1278407   0357      827.83
12848719  0357      648.04
12849330  0357      740.04
12851330  0357      648.04
12852888  0357      648.04
12858616  0357      972.06
12878256  0357      648.04
12884972  0357      648.04
12934142  0357      604.08
12934525  0357      604.08
12935305  0357      648.04
12935606  0357      648.04
13032012  0357     1510.19
13032033  0357      648.04
13034237  0357      648.04
13035222  0357      792.05
13084488  0357      604.08
13084886  0357      604.08
13179920  0357      604.08
13180551  0357      648.04
1318484   0357      824.94
13187744  0357     1296.07
13187816  0357      972.06
13188137  0357      604.08
13188604  0357      906.12
13264411  0357      648.04
13265462  0357      604.08
13265946  0357      972.06
13266369  0357      648.04
13268000  0357     1208.15
13268185  0357     1208.15
13268457  0357      604.08
13268537  0357      972.06
13343258  0357      604.08
13408041  0357      604.08
13510172  0357      604.08
13510180  0357      604.08
13519440  0357      604.08
13527636  0357      692.09
13566631  0357      792.05
13643981  0357     1208.15
13643982  0357      906.12
13644051  0357      648.04
13644555  0357     1510.19
13644665  0357      648.04
13644680  0357     1730.23
13652653  0357      604.08
13674854  0357      692.09
13678214  0357      648.04
13678857  0357      604.08
13679940  0357      648.04
13724134  0357      972.06
13774187  0357      604.08
13774684  0357      648.04
13775452  0357      604.08
13775808  0357      604.08
13777181  0357      906.12
13785046  0357      604.08
13785661  0357      648.04
13785997  0357      604.08
13786181  0357      692.09
13787208  0357      648.04
13787741  0357      604.08
13842354  0357      648.04
13843775  0357      648.04
13856268  0357      648.04
13867427  0357      972.06
13868652  0357      648.04
13880177  0357      648.04
13880981  0357      648.04
13905892  0357      604.08
13986119  0357      648.04
14003086  0357      604.08
14030527  0357      604.08
14031045  0357      648.04
14031497  0357     1620.09
14093727  0357      972.06
14094806  0357      692.09
14143188  0357      604.08
14159223  0357     1208.15
14176671  0357      648.04
14228153  0357      648.04
14270811  0357     1510.19
14293118  0357      972.06
1431183   0357      827.83
14335445  0357      604.08
14335539  0357      648.04
14372299  0357      692.09
14372545  0357      604.08
14372818  0357     2135.66
14376347  0357      648.04
14398946  0357      648.04
14399267  0357      906.12
14405196  0357      648.04
14405401  0357      648.04
14513487  0357      604.08
14590375  0357      604.08
14607589  0357      906.12
14648947  0357      648.04
14649126  0357      604.08
14825867  0357     1620.09
14877620  0357      648.04
14877805  0357      692.09
14877859  0357      740.04
14879597  0357     1296.07
14879704  0357     1510.19
14880827  0357      692.09
14880972  0357     1296.07
15056332  0357      692.09
15170350  0357      604.08
15177340  0357      692.09
15177867  0357     1208.15
15229138  0357      648.04
15272372  0357      604.08
15306151  0357     1510.19
15306996  0357      604.08
15351139  0357      648.04
15352095  0357      648.04
15444190  0357      648.04
15448608  0357      648.04
15597541  0357      604.08
15598043  0357      604.08
15598319  0357      648.04
15598510  0357     1296.07
15598933  0357      604.08
15599928  0357      906.12
15599929  0357     1296.07
15668151  0357     1296.07
15668851  0357      604.08
15690244  0357      604.08
15729233  0357      972.06
15729536  0357     1510.19
15778630  0357      972.06
15885754  0357      604.08
15959808  0357      604.08
15961650  0357      604.08
16001576  0357      604.08
16137706  0357      604.08
16138119  0357      972.06
1631390   0357      970.44
16324090  0357      648.04
16385667  0357      604.08
16387437  0357     1296.07
16594051  0357      604.08
16641426  0357      604.08
16736267  0357      648.04
16770549  0357      648.04
16788972  0357     1296.07
16796439  0357     1208.15
16796669  0357      604.08
17011869  0357     1296.07
17012587  0357     1620.09
17019549  0357      648.04
17033230  0357      604.08
17033256  0357      604.08
17104175  0357      972.06
17104709  0357      648.04
17306742  0357      604.08
1737075   0357      824.94
17379215  0357      906.12
17380736  0357      604.08
17572385  0357     1296.07
17574055  0357      604.08
17626132  0357     1208.15
1763812   0357      986.95
1764349   0357      824.94
1765295   0357     1649.87
1769938   0357      824.94
17727438  0357     1620.09
17727473  0357      604.08
17853683  0357     1620.09
17859806  0357      604.08
17859921  0357     1208.15
17872590  0357      648.04
17942424  0357      604.08
17942640  0357      648.04
17965237  0357      972.06
18054647  0357      648.04
18058393  0357      604.08
18059918  0357      648.04
18263579  0357      648.04
18263756  0357      648.04
18421508  0357      604.08
18422439  0357     1296.07
18618969  0357      604.08
18655916  0357      648.04
18656459  0357      972.06
18785684  0357      604.08
18923581  0357      604.08
18928116  0357      604.08
18950730  0357      604.08
18998089  0357     1208.15
1906129   0357      827.83
19262723  0357      648.04
1926999   0357      826.39
19324610  0357     1296.07
19348247  0357      648.04
19431369  0357      648.04
19436769  0357      648.04
19827450  0357      648.04
19850185  0357     1510.19
19886649  0357     1620.09
19973112  0357      648.04
20046577  0357     1208.15
20046584  0357     1208.15
20187870  0357     1208.15
20189202  0357      740.04
20235584  0357     1208.15
2030572   0357      824.94
2033664   0357      878.63
20348834  0357      906.12
20351464  0357     1296.07
2101693   0357      971.15
21140944  0357      906.12
2130876   0357      824.94
21505687  0357     1510.19
2157417   0357     2196.56
2186056   0357      824.94
2189077   0357      824.94
2196831   0357      824.94
2198274   0357      829.52
2198799   0357      824.94
22326349  0357      604.08
2272067   0357      824.94
23156662  0357      827.83
2376223   0357      895.32
2380275   0357      826.39
2384661   0357      827.83
23851459  0357      604.08
2529886   0357      827.83
2532585   0357      824.94
2533320   0357      824.94
2534786   0357      605.48
2535843   0357      826.39
2536373   0357      826.39
2536795   0357      827.83
2539607   0357      826.39
2539943   0357      824.94
2541142   0357      827.83
2541439   0357     1129.00
2541709   0357      827.83
2543654   0357      827.83
2543813   0357      827.83
2543932   0357      824.94
2592064   0357      826.39
2592966   0357      899.20
2593377   0357      827.83
2593686   0357      824.94
2596405   0357      978.14
2598033   0357      827.83
2598733   0357      826.39
2598872   0357      824.94
2601437   0357      827.83
2603046   0357      827.83
2605164   0357      827.83
2605823   0357      569.78
2607322   0357      891.57
2608233   0357      869.74
2608304   0357      824.94
2608554   0357      827.83
2684589   0357      827.83
2741170   0357      876.68
2854705   0357      824.94
2870837   0357      824.94
2910376   0357      824.94
2910432   0357      824.94
2911765   0357      824.94
2912407   0357      824.94
2912692   0357      878.63
2913757   0357      824.94
2913809   0357      824.94
2915293   0357      824.94
2915714   0357      827.83
2915780   0357      824.94
2916362   0357      827.83
2916467   0357      824.94
2916786   0357      824.94
2918280   0357     2069.57
2992913   0357      824.94
3035349   0357      827.83
3080057   0357     1317.94
3080311   0357      827.83
3080984   0357     1206.37
3081351   0357      827.83
3082505   0357      993.16
3083006   0357      827.83
3083065   0357      824.94
3083457   0357      824.94
3083843   0357      824.94
3084868   0357      827.83
3084978   0357      824.94
3085009   0357      824.94
3085276   0357      826.61
3090485   0357      881.15
3156003   0357      940.99
3234299   0357      826.61
3245420   0357      827.83
3314884   0357      617.39
3315121   0357      824.94
3315781   0357      824.94
3317339   0357      878.81
3318589   0357      955.79
3318694   0357      997.02
3318719   0357      827.83
3320986   0357      827.83
3322128   0357      877.40
3322284   0357      824.94
3322381   0357      826.39
3324084   0357     1150.70
3324110   0357     1241.00
3329806   0357      827.83
3353242   0357      940.99
3528540   0357      899.49
3533360   0357     1056.80
3535445   0357      824.94
3535838   0357      824.94
3538837   0357      898.12
3539352   0357      827.83
3541739   0357      827.83
3541975   0357      569.83
3542004   0357      692.09
3542015   0357      657.61
3554092   0357      826.39
3593839   0357      824.94
3598528   0357      827.83
3710064   0357     1066.35
3759377   0357      824.94
3784066   0357      824.94
3784441   0357      919.08
3785251   0357      827.83
3792247   0357      827.83
3830110   0357      824.94
3855157   0357      569.78
3855577   0357      827.83
3856978   0357      824.94
3857004   0357      824.94
3857220   0357      827.86
3857667   0357      824.94
3857878   0357      826.39
3858323   0357     1655.65
3858856   0357      692.09
3859230   0357     1301.66
3864991   0357      961.59
3875055   0357     1018.79
3877925   0357     2537.62
3878006   0357     1034.12
3963688   0357      980.61
3964093   0357     1133.95
3964337   0357      824.94
3965704   0357      824.94
3969513   0357      830.85
4001934   0357     1086.82
4064149   0357      888.88
4065177   0357      824.94
4065584   0357      648.04
4065648   0357     1071.43
4066245   0357      824.94
4067118   0357      961.89
4067735   0357      953.86
4067795   0357      827.83
4068788   0357      824.94
4071074   0357     1177.44
4071241   0357      974.65
4107436   0357      860.90
4191539   0357      824.94
4193094   0357     2065.97
4194671   0357      891.24
4195654   0357      824.94
4199927   0357      569.83
4200911   0357      824.94
4238916   0357      824.94
430240    0357      824.94
4317775   0357     1269.67
4373204   0357     1305.97
4373479   0357      824.94
4375498   0357      878.63
4375998   0357      845.36
4376813   0357      905.47
4377201   0357      826.39
4378140   0357      824.94
4378236   0357      824.94
4378283   0357      824.94
4378759   0357     1203.90
4379154   0357      824.94
4381341   0357      824.94
4381614   0357      941.62
4382400   0357     1241.74
4383023   0357     1100.48
4383200   0357      824.94
4385047   0357      827.83
4386936   0357      740.04
4387777   0357     2205.58
4409485   0357     1219.09
4409788   0357      824.94
4409789   0357     1791.22
4414417   0357      936.99
4414541   0357      875.80
4414909   0357      827.83
4415675   0357      824.94
443869    0357      827.83
4609506   0357      887.49
4610129   0357      824.94
4720170   0357      906.12
4720923   0357      648.04
4721016   0357      604.08
4721639   0357      824.94
4722680   0357      824.94
4722814   0357      664.15
4723168   0357      824.94
4723403   0357      824.94
4724433   0357      827.83
4725919   0357     1384.18
4727740   0357      604.08
4728331   0357      824.94
4729448   0357      588.54
4730168   0357     1270.49
4730490   0357      824.94
4730823   0357     1243.92
4731322   0357     1229.16
4731494   0357      896.94
4732090   0357      954.26
4732618   0357      933.26
4734527   0357      604.08
4734940   0357      604.08
4735505   0357      824.94
4738424   0357      827.83
4739546   0357     1093.51
4739796   0357      692.09
4754833   0357     1115.04
4803744   0357     1395.01
4805842   0357      648.04
4827213   0357      932.34
4853128   0357      769.38
4882144   0357      619.91
5017295   0357      604.08
5022967   0357      826.39
5237805   0357      648.04
5238236   0357      824.94
5239261   0357      958.51
5240821   0357      824.94
5242545   0357      929.31
5244302   0357      940.99
5244483   0357      604.08
5244484   0357      896.94
5244765   0357      824.94
5245261   0357      692.09
5248926   0357      947.81
5248954   0357      871.53
5249259   0357      648.04
5249817   0357      692.09
5250965   0357      827.83
5251153   0357     1055.02
5251214   0357      950.03
5252606   0357     1384.18
5253930   0357      824.94
5254613   0357     1072.88
5254952   0357      824.94
5255567   0357      648.04
5255641   0357     1026.70
5257069   0357      868.27
5257175   0357      827.83
5257421   0357      740.04
5257727   0357     1620.09
5257774   0357      648.04
5259121   0357      824.94
5259785   0357      824.94
5261116   0357      604.08
5261139   0357     1029.29
5261250   0357      824.94
5261418   0357      850.78
5261643   0357     1029.65
5263470   0357      924.03
5344986   0357      870.40
5435450   0357      926.60
5436619   0357      692.09
5436795   0357      635.83
5438690   0357      905.69
5439480   0357      648.04
5439865   0357     1850.10
5458236   0357      604.08
5461455   0357      827.86
5605414   0357     2107.24
5658043   0357     1030.58
5688352   0357      930.83
5765952   0357      648.04
5779173   0357      648.04
5915261   0357      827.83
5921128   0357     1244.79
5921800   0357      604.08
5923624   0357      692.09
5925143   0357      692.09
5925949   0357      569.83
5929492   0357      648.04
5935536   0357     3247.83
5938630   0357     1077.67
5938995   0357      648.04
6044716   0357      972.06
6125595   0357     2180.42
6127630   0357      956.49
6238388   0357      792.05
6394853   0357      736.83
6537141   0357      824.94
6573443   0357     1071.69
6573855   0357      740.04
6573893   0357      604.08
6575243   0357      604.08
6575301   0357      648.04
6584406   0357     2062.34
6602322   0357      604.08
6634354   0357      648.04
6689708   0357      648.04
6690236   0357      648.04
6701343   0357      648.04
6701344   0357     1089.68
6701453   0357      648.04
673822    0357      824.94
6841910   0357      604.08
7211860   0357      692.09
7240399   0357      648.04
7300376   0357      905.69
7301470   0357      824.94
7305494   0357      827.83
7305781   0357      824.94
7308623   0357      968.95
7309317   0357      604.08
7309375   0357      604.08
7310425   0357      740.04
7310959   0357      827.83
7311233   0357      883.63
7311255   0357     1069.71
7312149   0357     1040.58
7313189   0357      824.94
7314050   0357      975.85
7314987   0357      740.04
7315048   0357      692.09
7315058   0357     2502.36
7315331   0357      648.04
7316059   0357      740.04
7316139   0357      692.09
7316607   0357     1129.00
7316959   0357     1652.78
7317744   0357     1649.87
7318041   0357      901.39
7319649   0357     1384.18
7321787   0357      604.08
7322304   0357      604.08
7322780   0357      604.08
7322794   0357     1164.38
7324725   0357      826.39
7325664   0357      820.20
7325721   0357      827.83
7325722   0357     1202.92
7325778   0357      569.83
7328421   0357      604.08
7330948   0357      648.04
7331943   0357     1514.80
7332202   0357     1029.59
7332734   0357     1241.74
7333145   0357     1285.11
7333526   0357     2059.17
7335642   0357      648.04
7337422   0357      810.32
7337778   0357      604.08
7338055   0357      740.04
7340200   0357      824.94
7340742   0357      877.40
7340989   0357      969.02
7342107   0357      604.08
7342680   0357      827.83
7343605   0357      870.40
7344290   0357      604.08
7344465   0357     1208.15
7347856   0357      827.83
7348137   0357      841.90
7348986   0357     1051.03
7349428   0357     1980.13
7349843   0357      604.08
7350162   0357      847.46
7350273   0357      604.08
7351297   0357      713.16
7352317   0357      604.08
7353377   0357      648.04
7354064   0357      604.08
7354848   0357      569.83
7355928   0357      824.94
7359478   0357      692.09
7360346   0357      604.08
7360517   0357      648.04
7363171   0357      789.79
7363652   0357      648.04
7365166   0357     1036.32
7365545   0357      604.08
7367276   0357      604.08
7368710   0357     1208.15
7369018   0357      648.04
7371154   0357      648.04
7372156   0357      604.08
7372973   0357      920.66
7373089   0357      604.08
7373215   0357      740.04
7374243   0357      922.49
7374616   0357      827.83
7377030   0357      604.08
7377579   0357      648.04
7379256   0357     1208.15
7380616   0357      604.08
7381553   0357      648.04
7382148   0357      912.87
7382532   0357      604.08
7384964   0357      648.04
7387544   0357     1296.07
7388038   0357      604.08
7388080   0357      648.04
7388125   0357      692.09
7388199   0357     1383.73
7389581   0357      648.04
7391472   0357      604.08
7392153   0357     1730.23
7393061   0357      604.08
7393144   0357     1208.15
7395742   0357      569.78
7396051   0357      972.06
7398038   0357      734.26
7400031   0357      648.04
7401094   0357      648.04
7401380   0357      982.96
7401853   0357      604.08
7403123   0357      604.08
7403188   0357      604.08
7403563   0357      604.08
7406353   0357      648.04
7408531   0357      648.04
7409730   0357      604.08
7410177   0357      792.05
7412535   0357      692.09
7412738   0357      604.08
7415285   0357      792.05
7415448   0357      648.04
7416870   0357      870.40
7417289   0357     1208.15
7417791   0357     1296.07
7418898   0357      604.08
7418939   0357      648.04
7419340   0357      604.08
7419740   0357     1015.37
7419800   0357      648.04
7419866   0357     1510.19
7420316   0357      648.04
7420429   0357      692.09
7423108   0357      692.09
7423415   0357      648.04
7423444   0357     1152.70
7425063   0357      604.08
7425430   0357      648.04
7425900   0357      604.08
7426046   0357      648.04
7427359   0357      604.08
7427520   0357      648.04
7429274   0357      648.04
7432253   0357      692.09
7434591   0357     1620.09
7435158   0357     2312.28
7436077   0357     1208.15
7436996   0357      648.04
7437806   0357      604.08
7437808   0357      604.08
7438450   0357      648.04
7439597   0357     1480.08
7439617   0357      648.04
7439629   0357      648.04
7440809   0357      619.86
7442445   0357      648.04
7444497   0357      906.12
7444651   0357      692.09
7444842   0357      648.04
7444889   0357     1480.08
7445661   0357      604.08
7446382   0357      692.09
7446644   0357      648.04
7447067   0357     1620.09
7447334   0357      740.04
7447992   0357      604.08
7449457   0357      604.08
7455429   0357     1087.40
7455588   0357      982.96
7461704   0357      960.23
7465820   0357     1620.09
7465910   0357      648.04
7466779   0357     1228.13
7466870   0357     1158.37
7502836   0357      950.05
7548386   0357      779.42
7548420   0357      985.26
770342    0357      827.83
7917981   0357      953.93
7981510   0357     1231.75
7982728   0357      604.08
7982865   0357      692.09
7983170   0357      604.08
7984159   0357      648.04
7985605   0357      655.72
7988969   0357     1294.88
8054279   0357      895.65
8064487   0357     1548.02
8069571   0357      972.24
8140450   0357      626.74
8594315   0357      648.04
8718789   0357     1296.07
8734286   0357      692.09
9066082   0357      824.94
9100619   0357     1294.88
9211039   0357      604.08
9261804   0357      692.09
9317884   0357     1384.18
9433060   0357      648.04
9540404   0357      692.09
9540845   0357     1110.06
9542018   0357     1730.23
9542237   0357      604.08
9543174   0357     1036.32
9543530   0357     1050.66
9544179   0357      648.04
9544345   0357      604.08
9544429   0357     1125.03
9544827   0357      692.09
9545198   0357      824.94
9545952   0357     1052.46
9546474   0357      648.04
9547148   0357     1122.60
9551389   0357      648.04
9552709   0357      896.65
9553039   0357     1613.45
9553047   0357      604.08
9553149   0357      604.08
9555077   0357      898.37
9555609   0357      604.08
9555641   0357      648.04
9557148   0357     1480.08
9557803   0357      604.08
9557875   0357      604.08
9557894   0357     1042.13
9558628   0357      604.08
9560453   0357      604.08
9570736   0357     1088.68
9572755   0357     1119.39
9577605   0357     1157.42
9601343   0357     1620.09
9603154   0357     1082.57
9603683   0357      648.04
9603870   0357      569.83
9604166   0357      604.08
9604592   0357     1188.08
9607091   0357      824.94
9608547   0357      648.04
9609337   0357      604.08
9609338   0357     1296.07
9612117   0357     1296.39
9612692   0357      648.04
9614364   0357     1208.15
9615563   0357      648.04
9615964   0357      648.04
9617493   0357     1208.15
9620242   0357     1384.18
9620248   0357     1480.08
9620376   0357      648.04
9620599   0357      692.09
9620701   0357      604.08
9620720   0357      939.69
9621777   0357      648.04
9622347   0357      648.04
9624370   0357      792.05
9624596   0357      604.08
9625361   0357      648.04
9625933   0357     1296.07
9626082   0357      648.04
9626215   0357      604.08
9627150   0357     1730.23
9627523   0357     1296.07
9627724   0357      604.08
9629963   0357      692.09
9631462   0357     1056.09
9634554   0357     1184.06
9634674   0357      648.04
9636806   0357      604.08
9638320   0357      648.04
9639201   0357      604.08
9845319   0357      604.08
9846320   0357      692.09
9847068   0357      604.08
9847350   0357     1254.32
9848693   0357      986.49
9850403   0357      648.04
9851111   0357      648.04
9851993   0357     1164.27
10107724  3357      792.05
10120357  3357      648.04
10121866  3357      692.09
10125466  3357      604.08
10126656  3357      648.04
10141786  3357      692.09
10312414  3357      604.08
10373550  3357      648.04
10639752  3357      893.50
10726693  3357      648.04
10760806  3357      604.08
10764554  3357      692.09
10770124  3357      648.04
10772668  3357      604.08
10774121  3357      692.09
10775520  3357      604.08
10776516  3357      792.05
10776915  3357      604.08
10777645  3357      648.04
10778464  3357      604.08
10779723  3357     1101.41
10784623  3357      648.04
10820078  3357      692.09
10840266  3357      648.04
10841061  3357      604.08
10841823  3357      792.05
10842205  3357      648.04
10843324  3357      648.04
10844947  3357      648.04
10845717  3357      604.08
10845943  3357      792.05
10846474  3357      648.04
10846532  3357      692.09
10846629  3357      648.04
10846940  3357      648.04
10846985  3357      648.04
10847648  3357      604.08
10848158  3357     1273.16
10849906  3357      648.04
10849907  3357      692.09
10860593  3357      648.04
10903693  3357      870.40
10959957  3357      648.04
10960021  3357      648.04
10963442  3357      692.09
10963957  3357      692.09
10964062  3357      648.04
1108218   3357      824.94
1112379   3357      827.83
1115136   3357     1087.69
11163187  3357      604.08
11177533  3357      604.08
11260715  3357      648.04
11261772  3357      792.05
11262378  3357      648.04
11263756  3357      604.08
11264465  3357      648.04
11264550  3357      604.08
11265496  3357      648.04
11265527  3357      692.09
11266390  3357      648.04
11267811  3357      604.08
11267932  3357      604.08
11268437  3357      792.05
11269196  3357      740.04
1129535   3357      826.39
11414487  3357      692.09
11425214  3357      648.04
11425449  3357      648.04
11426462  3357      604.08
11428034  3357      604.08
11428889  3357      648.04
11429539  3357      648.04
11429792  3357      604.08
11429991  3357      648.04
11430700  3357      648.04
11433167  3357      648.04
11433865  3357      648.04
11433968  3357      648.04
11434350  3357      648.04
11546168  3357      604.08
11584952  3357      648.04
11586448  3357      692.09
11589730  3357      648.04
11594236  3357      792.05
11594524  3357      604.08
11596252  3357      648.04
11597667  3357      648.04
11598121  3357      604.08
11598207  3357      604.08
11598956  3357      604.08
11633896  3357      604.08
11645810  3357      648.04
11651035  3357      648.04
11651090  3357      648.04
11652405  3357      648.04
11653864  3357      648.04
11694358  3357      604.08
11694758  3357      648.04
11695394  3357      604.08
11749469  3357      648.04
11783201  3357      692.09
11783366  3357      792.05
11784637  3357      604.08
11786325  3357      792.05
11786432  3357      604.08
11787653  3357      648.04
11787807  3357      648.04
11788587  3357      692.09
11788630  3357      692.09
11790273  3357      648.04
11790818  3357      648.04
11791177  3357      648.04
11792127  3357      648.04
11792506  3357      604.08
11792846  3357      648.04
11878930  3357      648.04
11879419  3357      692.09
11879750  3357      792.05
11881224  3357      792.05
11881668  3357      604.08
11881669  3357     1082.57
11882080  3357      933.91
11883300  3357      648.04
12011761  3357      792.05
12018571  3357      604.08
12018729  3357      604.08
12018852  3357      648.04
12019816  3357      604.08
12020535  3357      740.04
12021559  3357      692.09
12021966  3357      648.04
12022428  3357      692.09
12023306  3357      740.04
12023981  3357      648.04
12024178  3357      648.04
12024179  3357      648.04
12025294  3357      648.04
12025488  3357      604.08
12025491  3357      604.08
12026565  3357      648.04
12027093  3357      648.04
12027260  3357     1144.88
12027527  3357      604.08
12027928  3357      604.08
12027973  3357      692.09
12080554  3357      648.04
12241212  3357      604.08
12242270  3357      648.04
12243077  3357      604.08
12244707  3357      604.08
12247738  3357      648.04
12248400  3357      604.08
12248745  3357      648.04
12248755  3357      692.09
12248784  3357      604.08
12248960  3357      648.04
12249178  3357      792.05
12314254  3357      740.04
12369466  3357      648.04
12370670  3357     1126.64
1239070   3357      824.94
12434895  3357      604.08
12435304  3357      648.04
12435757  3357      604.08
12435759  3357      648.04
12527456  3357      604.08
12534356  3357      648.04
12536172  3357      648.04
12536549  3357      740.04
1257983   3357      826.39
1258658   3357      827.83
1261562   3357      824.94
1262953   3357      986.95
1263302   3357      824.94
1263303   3357      827.83
12638103  3357      604.08
1265436   3357      827.83
1266723   3357      569.83
12691465  3357      648.04
1269356   3357      826.39
12698409  3357      604.08
12698965  3357      604.08
12701276  3357      648.04
12701301  3357      604.08
12702273  3357      604.08
12704473  3357      604.08
12704482  3357      692.09
12704649  3357      648.04
12704927  3357      648.04
12705860  3357      648.04
12706171  3357      648.04
12706774  3357      692.09
12707136  3357      648.04
1272390   3357      824.94
1273369   3357      827.83
1277938   3357      824.94
1278407   3357      827.83
12848719  3357      648.04
12849330  3357      740.04
12851330  3357      648.04
12852888  3357      648.04
12858616  3357      648.04
12878256  3357      648.04
12884972  3357      648.04
12934142  3357      604.08
12934525  3357      604.08
12935305  3357      648.04
12935606  3357      648.04
13032012  3357      604.08
13032033  3357      648.04
13034237  3357      648.04
13035222  3357      792.05
13084488  3357      604.08
13084886  3357      604.08
13179920  3357      604.08
13180551  3357      648.04
1318484   3357      824.94
13187744  3357      648.04
13187816  3357      648.04
13188137  3357      604.08
13188604  3357      604.08
13264411  3357      648.04
13265462  3357      604.08
13265946  3357      648.04
13266369  3357      648.04
13268000  3357      604.08
13268185  3357      604.08
13268457  3357      604.08
13268537  3357      648.04
13343258  3357      604.08
13408041  3357      604.08
13510172  3357      604.08
13510180  3357      604.08
13519440  3357      604.08
13527636  3357      692.09
13566631  3357      792.05
13643981  3357      604.08
13643982  3357      604.08
13644051  3357      648.04
13644555  3357      604.08
13644665  3357      648.04
13644680  3357      692.09
13652653  3357      604.08
13674854  3357      692.09
13678214  3357      648.04
13678857  3357      604.08
13679940  3357      648.04
13724134  3357      648.04
13774187  3357      604.08
13774684  3357      648.04
13775452  3357      604.08
13775808  3357      604.08
13777181  3357      604.08
13785046  3357      604.08
13785661  3357      648.04
13785997  3357      604.08
13786181  3357      692.09
13787208  3357      648.04
13787741  3357      604.08
13842354  3357      648.04
13843775  3357      648.04
13856268  3357      648.04
13867427  3357      648.04
13868652  3357      648.04
13880177  3357      648.04
13880981  3357      648.04
13905892  3357      604.08
13986119  3357      648.04
14003086  3357      604.08
14030527  3357      604.08
14031045  3357      648.04
14031497  3357      648.04
14093727  3357      648.04
14094806  3357      692.09
14143188  3357      604.08
14159223  3357      604.08
14176671  3357      648.04
14228153  3357      648.04
14270811  3357      604.08
14293118  3357      648.04
1431183   3357      827.83
14335445  3357      604.08
14335539  3357      648.04
14372299  3357      692.09
14372545  3357      604.08
14372818  3357      854.26
14376347  3357      648.04
14398946  3357      648.04
14399267  3357      604.08
14405196  3357      648.04
14405401  3357      648.04
14513487  3357      604.08
14590375  3357      604.08
14607589  3357      604.08
14648947  3357      648.04
14649126  3357      604.08
14825867  3357      648.04
14877620  3357      648.04
14877805  3357      692.09
14877859  3357      740.04
14879597  3357      648.04
14879704  3357      604.08
14880827  3357      692.09
14880972  3357      648.04
15056332  3357      692.09
15170350  3357      604.08
15177340  3357      692.09
15177867  3357      604.08
15229138  3357      648.04
15272372  3357      604.08
15306151  3357      604.08
15306996  3357      604.08
15351139  3357      648.04
15352095  3357      648.04
15444190  3357      648.04
15448608  3357      648.04
15597541  3357      604.08
15598043  3357      604.08
15598319  3357      648.04
15598510  3357      648.04
15598933  3357      604.08
15599928  3357      604.08
15599929  3357      648.04
15668151  3357      648.04
15668851  3357      604.08
15690244  3357      604.08
15729233  3357      648.04
15729536  3357      604.08
15778630  3357      648.04
15885754  3357      604.08
15959808  3357      604.08
15961650  3357      604.08
16001576  3357      604.08
16137706  3357      604.08
16138119  3357      648.04
1631390   3357      970.44
16324090  3357      648.04
16385667  3357      604.08
16387437  3357      648.04
16594051  3357      604.08
16641426  3357      604.08
16736267  3357      648.04
16770549  3357      648.04
16788972  3357      648.04
16796439  3357      604.08
16796669  3357      604.08
17011869  3357      648.04
17012587  3357      648.04
17019549  3357      648.04
17033230  3357      604.08
17033256  3357      604.08
17104175  3357      648.04
17104709  3357      648.04
17306742  3357      604.08
1737075   3357      824.94
17379215  3357      604.08
17380736  3357      604.08
17572385  3357      648.04
17574055  3357      604.08
17626132  3357      604.08
1763812   3357      986.95
1764349   3357      824.94
1765295   3357      824.94
1769938   3357      824.94
17727438  3357      648.04
17727473  3357      604.08
17853683  3357      648.04
17859806  3357      604.08
17859921  3357      604.08
17872590  3357      648.04
17942424  3357      604.08
17942640  3357      648.04
17965237  3357      648.04
18054647  3357      648.04
18058393  3357      604.08
18059918  3357      648.04
18263579  3357      648.04
18263756  3357      648.04
18421508  3357      604.08
18422439  3357      648.04
18618969  3357      604.08
18655916  3357      648.04
18656459  3357      648.04
18785684  3357      604.08
18923581  3357      604.08
18928116  3357      604.08
18950730  3357      604.08
18998089  3357      604.08
1906129   3357      827.83
19262723  3357      648.04
1926999   3357      826.39
19324610  3357      648.04
19348247  3357      648.04
19431369  3357      648.04
19436769  3357      648.04
19827450  3357      648.04
19850185  3357      604.08
19886649  3357      648.04
19973112  3357      648.04
20046577  3357      604.08
20046584  3357      604.08
20187870  3357      604.08
20189202  3357      740.04
20235584  3357      604.08
2030572   3357      824.94
2033664   3357      878.63
20348834  3357      604.08
20351464  3357      648.04
2101693   3357      971.15
21140944  3357      604.08
2130876   3357      824.94
21505687  3357      604.08
2157417   3357      878.63
2186056   3357      824.94
2189077   3357      824.94
2196831   3357      824.94
2198274   3357      829.52
2198799   3357      824.94
22326349  3357      604.08
2272067   3357      824.94
23156662  3357      827.83
2376223   3357      895.32
2380275   3357      826.39
2384661   3357      827.83
23851459  3357      604.08
2529886   3357      827.83
2532585   3357      824.94
2533320   3357      824.94
2534786   3357      605.48
2535843   3357      826.39
2536373   3357      826.39
2536795   3357      827.83
2539607   3357      826.39
2539943   3357      824.94
2541142   3357      827.83
2541439   3357     1129.00
2541709   3357      827.83
2543654   3357      827.83
2543813   3357      827.83
2543932   3357      824.94
2592064   3357      826.39
2592966   3357      899.20
2593377   3357      827.83
2593686   3357      824.94
2596405   3357      978.14
2598033   3357      827.83
2598733   3357      826.39
2598872   3357      824.94
2601437   3357      827.83
2603046   3357      827.83
2605164   3357      827.83
2605823   3357      569.78
2607322   3357      891.57
2608233   3357      869.74
2608304   3357      824.94
2608554   3357      827.83
2684589   3357      827.83
2741170   3357      876.68
2854705   3357      824.94
2870837   3357      824.94
2910376   3357      824.94
2910432   3357      824.94
2911765   3357      824.94
2912407   3357      824.94
2912692   3357      878.63
2913757   3357      824.94
2913809   3357      824.94
2915293   3357      824.94
2915714   3357      827.83
2915780   3357      824.94
2916362   3357      827.83
2916467   3357      824.94
2916786   3357      824.94
2918280   3357      827.83
2992913   3357      824.94
3035349   3357      827.83
3080057   3357      878.63
3080311   3357      827.83
3080984   3357     1206.37
3081351   3357      827.83
3082505   3357      993.16
3083006   3357      827.83
3083065   3357      824.94
3083457   3357      824.94
3083843   3357      824.94
3084868   3357      827.83
3084978   3357      824.94
3085009   3357      824.94
3085276   3357      826.61
3090485   3357      881.15
3156003   3357      940.99
3234299   3357      826.61
3245420   3357      827.83
3314884   3357      617.39
3315121   3357      824.94
3315781   3357      824.94
3317339   3357      878.81
3318589   3357      955.79
3318694   3357      997.02
3318719   3357      827.83
3320986   3357      827.83
3322128   3357      877.40
3322284   3357      824.94
3322381   3357      826.39
3324084   3357     1150.70
3324110   3357     1241.00
3329806   3357      827.83
3353242   3357      940.99
3528540   3357      899.49
3533360   3357     1056.80
3535445   3357      824.94
3535838   3357      824.94
3538837   3357      898.12
3539352   3357      827.83
3541739   3357      827.83
3541975   3357      569.83
3542004   3357      692.09
3542015   3357      657.61
3554092   3357      826.39
3593839   3357      824.94
3598528   3357      827.83
3710064   3357     1066.35
3759377   3357      824.94
3784066   3357      824.94
3784441   3357      919.08
3785251   3357      827.83
3792247   3357      827.83
3830110   3357      824.94
3855157   3357      569.78
3855577   3357      827.83
3856978   3357      824.94
3857004   3357      824.94
3857220   3357      827.86
3857667   3357      824.94
3857878   3357      826.39
3858323   3357      827.83
3858856   3357      692.09
3859230   3357      867.77
3864991   3357      961.59
3875055   3357     1018.79
3877925   3357     1268.81
3878006   3357     1034.12
3963688   3357      980.61
3964093   3357     1133.95
3964337   3357      824.94
3965704   3357      824.94
3969513   3357      830.85
4001934   3357     1086.82
4064149   3357      888.88
4065177   3357      824.94
4065584   3357      648.04
4065648   3357     1071.43
4066245   3357      824.94
4067118   3357      961.89
4067735   3357      953.86
4067795   3357      827.83
4068788   3357      824.94
4071074   3357     1177.44
4071241   3357      974.65
4107436   3357      860.90
4191539   3357      824.94
4193094   3357      826.39
4194671   3357      891.24
4195654   3357      824.94
4199927   3357      569.83
4200911   3357      824.94
4238916   3357      824.94
430240    3357      824.94
4317775   3357     1269.67
4373204   3357     1305.97
4373479   3357      824.94
4375498   3357      878.63
4375998   3357      845.36
4376813   3357      905.47
4377201   3357      826.39
4378140   3357      824.94
4378236   3357      824.94
4378283   3357      824.94
4378759   3357     1203.90
4379154   3357      824.94
4381341   3357      824.94
4381614   3357      941.62
4382400   3357      827.83
4383023   3357     1100.48
4383200   3357      824.94
4385047   3357      827.83
4386936   3357      740.04
4387777   3357      882.23
4409485   3357     1219.09
4409788   3357      824.94
4409789   3357      895.61
4414417   3357      936.99
4414541   3357      875.80
4414909   3357      827.83
4415675   3357      824.94
443869    3357      827.83
4609506   3357      887.49
4610129   3357      824.94
4720170   3357      604.08
4720923   3357      648.04
4721016   3357      604.08
4721639   3357      824.94
4722680   3357      824.94
4722814   3357      664.15
4723168   3357      824.94
4723403   3357      824.94
4724433   3357      827.83
4725919   3357      692.09
4727740   3357      604.08
4728331   3357      824.94
4729448   3357      588.54
4730168   3357     1270.49
4730490   3357      824.94
4730823   3357     1243.92
4731322   3357     1229.16
4731494   3357      896.94
4732090   3357      954.26
4732618   3357      933.26
4734527   3357      604.08
4734940   3357      604.08
4735505   3357      824.94
4738424   3357      827.83
4739546   3357     1093.51
4739796   3357      692.09
4754833   3357     1115.04
4803744   3357     1395.01
4805842   3357      648.04
4827213   3357      932.34
4853128   3357      769.38
4882144   3357      619.91
5017295   3357      604.08
5022967   3357      826.39
5237805   3357      648.04
5238236   3357      824.94
5239261   3357      958.51
5240821   3357      824.94
5242545   3357      929.31
5244302   3357      940.99
5244483   3357      604.08
5244484   3357      896.94
5244765   3357      824.94
5245261   3357      692.09
5248926   3357      947.81
5248954   3357      871.53
5249259   3357      648.04
5249817   3357      692.09
5250965   3357      827.83
5251153   3357     1055.02
5251214   3357      950.03
5252606   3357      692.09
5253930   3357      824.94
5254613   3357     1072.88
5254952   3357      824.94
5255567   3357      648.04
5255641   3357     1026.70
5257069   3357      868.27
5257175   3357      827.83
5257421   3357      740.04
5257727   3357      648.04
5257774   3357      648.04
5259121   3357      824.94
5259785   3357      824.94
5261116   3357      604.08
5261139   3357     1029.29
5261250   3357      824.94
5261418   3357      850.78
5261643   3357     1029.65
5263470   3357      924.03
5344986   3357      870.40
5435450   3357      926.60
5436619   3357      692.09
5436795   3357      635.83
5438690   3357      905.69
5439480   3357      648.04
5439865   3357      740.04
5458236   3357      604.08
5461455   3357      827.86
5605414   3357     1053.62
5658043   3357     1030.58
5688352   3357      930.83
5765952   3357      648.04
5779173   3357      648.04
5915261   3357      827.83
5921128   3357     1244.79
5921800   3357      604.08
5923624   3357      692.09
5925143   3357      692.09
5925949   3357      569.83
5929492   3357      648.04
5935536   3357     1299.13
5938630   3357     1077.67
5938995   3357      648.04
6044716   3357      648.04
6125595   3357      872.17
6127630   3357      956.49
6238388   3357      792.05
6394853   3357      736.83
6537141   3357      824.94
6573443   3357     1071.69
6573855   3357      740.04
6573893   3357      604.08
6575243   3357      604.08
6575301   3357      648.04
6584406   3357      824.94
6602322   3357      604.08
6634354   3357      648.04
6689708   3357      648.04
6690236   3357      648.04
6701343   3357      648.04
6701344   3357     1089.68
6701453   3357      648.04
673822    3357      824.94
6841910   3357      604.08
7211860   3357      692.09
7240399   3357      648.04
7300376   3357      905.69
7301470   3357      824.94
7305494   3357      827.83
7305781   3357      824.94
7308623   3357      968.95
7309317   3357      604.08
7309375   3357      604.08
7310425   3357      740.04
7310959   3357      827.83
7311233   3357      883.63
7311255   3357     1069.71
7312149   3357     1040.58
7313189   3357      824.94
7314050   3357      975.85
7314987   3357      740.04
7315048   3357      692.09
7315058   3357     1000.94
7315331   3357      648.04
7316059   3357      740.04
7316139   3357      692.09
7316607   3357     1129.00
7316959   3357      826.39
7317744   3357      824.94
7318041   3357      901.39
7319649   3357      692.09
7321787   3357      604.08
7322304   3357      604.08
7322780   3357      604.08
7322794   3357     1164.38
7324725   3357      826.39
7325664   3357      820.20
7325721   3357      827.83
7325722   3357     1202.92
7325778   3357      569.83
7328421   3357      604.08
7330948   3357      648.04
7331943   3357     1514.80
7332202   3357     1029.59
7332734   3357      827.83
7333145   3357     1285.11
7333526   3357     1029.59
7335642   3357      648.04
7337422   3357      810.32
7337778   3357      604.08
7338055   3357      740.04
7340200   3357      824.94
7340742   3357      877.40
7340989   3357      969.02
7342107   3357      604.08
7342680   3357      827.83
7343605   3357      870.40
7344290   3357      604.08
7344465   3357      604.08
7347856   3357      827.83
7348137   3357      841.90
7348986   3357     1051.03
7349428   3357      792.05
7349843   3357      604.08
7350162   3357      847.46
7350273   3357      604.08
7351297   3357      713.16
7352317   3357      604.08
7353377   3357      648.04
7354064   3357      604.08
7354848   3357      569.83
7355928   3357      824.94
7359478   3357      692.09
7360346   3357      604.08
7360517   3357      648.04
7363171   3357      789.79
7363652   3357      648.04
7365166   3357     1036.32
7365545   3357      604.08
7367276   3357      604.08
7368710   3357      604.08
7369018   3357      648.04
7371154   3357      648.04
7372156   3357      604.08
7372973   3357      920.66
7373089   3357      604.08
7373215   3357      740.04
7374243   3357      922.49
7374616   3357      827.83
7377030   3357      604.08
7377579   3357      648.04
7379256   3357      604.08
7380616   3357      604.08
7381553   3357      648.04
7382148   3357      912.87
7382532   3357      604.08
7384964   3357      648.04
7387544   3357      648.04
7388038   3357      604.08
7388080   3357      648.04
7388125   3357      692.09
7388199   3357      922.49
7389581   3357      648.04
7391472   3357      604.08
7392153   3357      692.09
7393061   3357      604.08
7393144   3357      604.08
7395742   3357      569.78
7396051   3357      648.04
7398038   3357      734.26
7400031   3357      648.04
7401094   3357      648.04
7401380   3357      982.96
7401853   3357      604.08
7403123   3357      604.08
7403188   3357      604.08
7403563   3357      604.08
7406353   3357      648.04
7408531   3357      648.04
7409730   3357      604.08
7410177   3357      792.05
7412535   3357      692.09
7412738   3357      604.08
7415285   3357      792.05
7415448   3357      648.04
7416870   3357      870.40
7417289   3357      604.08
7417791   3357      648.04
7418898   3357      604.08
7418939   3357      648.04
7419340   3357      604.08
7419740   3357     1015.37
7419800   3357      648.04
7419866   3357      604.08
7420316   3357      648.04
7420429   3357      692.09
7423108   3357      692.09
7423415   3357      648.04
7423444   3357     1152.70
7425063   3357      604.08
7425430   3357      648.04
7425900   3357      604.08
7426046   3357      648.04
7427359   3357      604.08
7427520   3357      648.04
7429274   3357      648.04
7432253   3357      692.09
7434591   3357      648.04
7435158   3357      924.91
7436077   3357      604.08
7436996   3357      648.04
7437806   3357      604.08
7437808   3357      604.08
7438450   3357      648.04
7439597   3357      740.04
7439617   3357      648.04
7439629   3357      648.04
7440809   3357      619.86
7442445   3357      648.04
7444497   3357      604.08
7444651   3357      692.09
7444842   3357      648.04
7444889   3357      740.04
7445661   3357      604.08
7446382   3357      692.09
7446644   3357      648.04
7447067   3357      648.04
7447334   3357      740.04
7447992   3357      604.08
7449457   3357      604.08
7455429   3357     1087.40
7455588   3357      982.96
7461704   3357      960.23
7465820   3357      648.04
7465910   3357      648.04
7466779   3357     1228.13
7466870   3357     1158.37
7502836   3357      950.05
7548386   3357      779.42
7548420   3357      985.26
770342    3357      827.83
7917981   3357      953.93
7981510   3357     1231.75
7982728   3357      604.08
7982865   3357      692.09
7983170   3357      604.08
7984159   3357      648.04
7985605   3357      655.72
7988969   3357     1294.88
8054279   3357      895.65
8064487   3357      774.01
8069571   3357      972.24
8140450   3357      626.74
8594315   3357      648.04
8718789   3357      648.04
8734286   3357      692.09
9066082   3357      824.94
9100619   3357     1294.88
9211039   3357      604.08
9261804   3357      692.09
9317884   3357      692.09
9433060   3357      648.04
9540404   3357      692.09
9540845   3357      740.04
9542018   3357      692.09
9542237   3357      604.08
9543174   3357     1036.32
9543530   3357     1050.66
9544179   3357      648.04
9544345   3357      604.08
9544429   3357     1125.03
9544827   3357      692.09
9545198   3357      824.94
9545952   3357     1052.46
9546474   3357      648.04
9547148   3357     1122.60
9551389   3357      648.04
9552709   3357      896.65
9553039   3357     1613.45
9553047   3357      604.08
9553149   3357      604.08
9555077   3357      898.37
9555609   3357      604.08
9555641   3357      648.04
9557148   3357      740.04
9557803   3357      604.08
9557875   3357      604.08
9557894   3357     1042.13
9558628   3357      604.08
9560453   3357      604.08
9570736   3357     1088.68
9572755   3357     1119.39
9577605   3357     1157.42
9601343   3357      648.04
9603154   3357     1082.57
9603683   3357      648.04
9603870   3357      569.83
9604166   3357      604.08
9604592   3357      792.05
9607091   3357      824.94
9608547   3357      648.04
9609337   3357      604.08
9609338   3357      648.04
9612117   3357     1296.39
9612692   3357      648.04
9614364   3357      604.08
9615563   3357      648.04
9615964   3357      648.04
9617493   3357      604.08
9620242   3357      692.09
9620248   3357      740.04
9620376   3357      648.04
9620599   3357      692.09
9620701   3357      604.08
9620720   3357      939.69
9621777   3357      648.04
9622347   3357      648.04
9624370   3357      792.05
9624596   3357      604.08
9625361   3357      648.04
9625933   3357      648.04
9626082   3357      648.04
9626215   3357      604.08
9627150   3357      692.09
9627523   3357      648.04
9627724   3357      604.08
9629963   3357      692.09
9631462   3357     1056.09
9634554   3357     1184.06
9634674   3357      648.04
9636806   3357      604.08
9638320   3357      648.04
9639201   3357      604.08
9845319   3357      604.08
9846320   3357      692.09
9847068   3357      604.08
9847350   3357     1254.32
9848693   3357      986.49
9850403   3357      648.04
9851111   3357      648.04
9851993   3357     1164.27
